           2           3   1.3944841848455725     
           3           4   1.2037098121302856     
           4           5   1.6384797782214637     
           5           6   1.2093874575128198     
           1           7  0.87213138734918749     
           3           7   1.2231225893557418     
           6           7   1.2265984677224515     
           6           8   1.3657672697306282     
           8           9   1.3724243818969060     
           9          10   1.2141821046827237     
          10          11   1.6271610992175682     
           1          12  0.86624569207404167     
           9          12   1.2162377234670032     
          11          13   1.2246459041633131     
          12          13   1.2440898021147406     
          13          14   1.3092669559667964     
          14          15   1.3083430757223764     
          15          16   1.2260949873836491     
          16          17   1.6242660971587131     
          17          18   1.2161787054104185     
          18          19   1.3666381201338618     
          19          20   1.0507864159828757     
          20          21   1.4190805128063253     
          21          22   1.4642333060084129     
          22          23   1.4009370708767057     
          23          24   1.0399316890449637     
          24          25   1.2101853193269609     
          24          26   1.8169455980539293     
          25          26  0.18363206305020977     
          23          27   1.4002310917942153     
          20          28   1.4194570928717505     
          27          28   1.4626362777547788     
          19          29   1.3666276579544707     
          29          30   1.2089861088457285     
          30          31   1.6384450950807408     
           2          32   1.3953762567124131     
          31          32   1.2033464015900996     
           1          33  0.87250327915717008     
          29          33   1.2262422234274770     
          32          33   1.2232159439622059     
           1          34  0.86548928534865266     
          15          34   1.2418289216871001     
          18          34   1.2192390426621957     
           8          35   1.0438340230566279     
          35          36   1.4214264311756533     
          36          37   1.4634325947597218     
          37          38   1.4011897778921498     
          38          39   1.0396289069158939     
          39          40   1.2103636507499549     
          39          41   1.8171562894340214     
          40          41  0.18376107389729518     
          38          42   1.4013190587115292     
          35          43   1.4231079598927947     
          42          43   1.4609659440075642     
           2          44  0.99532159007958709     
           4          45  0.99213478466747251     
           5          46  0.99815886544837817     
          10          47  0.99744862932420142     
          11          48  0.99717182709369723     
          16          49  0.99723635351295947     
          17          50  0.99725132802008198     
          21          51  0.98804031770456124     
          22          52  0.98539889767539801     
          25          53  0.94315453586089104     
          27          54  0.98552441042162675     
          28          55  0.98790896425976849     
          30          56  0.99788438300326510     
          31          57  0.99204740681917170     
          36          58  0.98775378466771580     
          37          59  0.98537215504300224     
          40          60  0.94313067546087359     
          42          61  0.98575486489257247     
          43          62  0.98777540455346879     
          64          65   1.3944599293377191     
          65          66   1.2037747067041638     
          66          67   1.6383890655597977     
          67          68   1.2093732519620923     
          63          69  0.87316588175630050     
          65          69   1.2227459486354493     
          68          69   1.2264674958688953     
          68          70   1.3653812892066870     
          70          71   1.3726297174696724     
          71          72   1.2143333507673952     
          72          73   1.6268436796909067     
          63          74  0.86666309640815065     
          71          74   1.2155279270574282     
          73          75   1.2249422239752590     
          74          75   1.2447317097300334     
          75          76   1.3073914749646962     
          76          77   1.3068424207057132     
          77          78   1.2261146448071214     
          78          79   1.6242157502590706     
          79          80   1.2161412445121025     
          80          81   1.3672115511195544     
          81          82   1.0511638278349378     
          82          83   1.4188044385452627     
          83          84   1.4643491743692536     
          84          85   1.4009139785712583     
          85          86   1.0397700854006922     
          86          87   1.2104592375708196     
          86          88   1.8168957627250468     
          87          88  0.18368670209049434     
          85          89   1.4003389025089528     
          82          90   1.4194395282280559     
          89          90   1.4625446005920997     
          81          91   1.3655849341723865     
          91          92   1.2091742920533533     
          92          93   1.6381622758293881     
          64          94   1.3951587581437321     
          93          94   1.2035014659209211     
          63          95  0.87349872520052352     
          91          95   1.2263601407933373     
          94          95   1.2227326585458484     
          63          96  0.86622687295410083     
          77          96   1.2425288656595026     
          80          96   1.2183660872445876     
          70          97   1.0436380556442908     
          97          98   1.4213932060297794     
          98          99   1.4635180135146364     
          99         100   1.4010874145100343     
         100         101   1.0397017364109797     
         101         102   1.2103543438625750     
         101         103   1.8170124742415408     
         102         103  0.18373841117428380     
         100         104   1.4013350287885038     
          97         105   1.4233211053363883     
         104         105   1.4608746136817716     
          64         106  0.99531776932325977     
          66         107  0.99217007093792187     
          67         108  0.99819683727002617     
          72         109  0.99749510296754174     
          73         110  0.99724741001917594     
          78         111  0.99723937155910591     
          79         112  0.99722686485431422     
          83         113  0.98807991395183070     
          84         114  0.98540444948538930     
          87         115  0.94308038827763718     
          89         116  0.98548084328066998     
          90         117  0.98789154960622172     
          92         118  0.99788503656437511     
          93         119  0.99206171069450189     
          98         120  0.98777265420185167     
          99         121  0.98540749378365389     
         102         122  0.94316604323659770     
         104         123  0.98576744651757942     
         105         124  0.98776543838272124     
         125         126   2.3939189731060573     
         126         127   1.3430623460095137     
          14         128   1.2028122075216503     
         125         128  0.17623049948940075     
         127         128   2.4950554431804748     
         125         129   1.3442136007657406     
         126         130  0.17611128297626977     
         129         130   2.4915789045015750     
         131         132   2.3765018127470903     
         132         133   1.3573137815997489     
         131         134  0.17743945047307913     
         133         134   2.4768308655549727     
         131         135   1.3574248494755272     
         132         136  0.17744042511938696     
         135         136   2.4764958748338142     
         137         138   2.3893963525413771     
         138         139   1.3477179639426053     
         137         140  0.17649709652529025     
         139         140   2.4873133815218522     
         137         141   1.3465547643892879     
          76         142   1.2058778537415342     
         138         142  0.17663825549652595     
         141         142   2.4908679120119159     
         130         144   1.2066806521652576     
         144         145   1.3051871672697080     
         145         146   1.2275845769789646     
         146         147   1.6219404575067711     
         147         148   1.2182691329946449     
         143         149  0.86971271449072862     
         145         149   1.2415655389380278     
         148         149   1.2175399952002235     
         148         150   1.3632250296568977     
         150         151   1.3673918439209176     
         151         152   1.2181330520288058     
         152         153   1.6213822698745579     
         143         154  0.86808324873166909     
         151         154   1.2142729681177060     
         153         155   1.2285715217761528     
         154         155   1.2464804158232010     
         134         156   1.2176340009638484     
         155         156   1.2992715461868962     
         156         157   1.2997717515155149     
         157         158   1.2281984263574202     
         158         159   1.6218969751932142     
         159         160   1.2178219952063767     
         160         161   1.3680243798085958     
         161         162   1.0528141461890963     
         162         163   1.4182760907733691     
         163         164   1.4644271211029634     
         164         165   1.4010880453549093     
         165         166   1.0392038133573522     
         166         167   1.2106643345606170     
         166         168   1.8174785052272142     
         167         168  0.18387930567359967     
         165         169   1.4006165306985627     
         162         170   1.4190107782946690     
         169         170   1.4625478819766271     
         161         171   1.3624999823909207     
         171         172   1.2185893861742227     
         172         173   1.6213632181679012     
         144         174   1.3050527373503140     
         173         174   1.2279256329727712     
         143         175  0.86913041923898704     
         171         175   1.2179806519430980     
         174         175   1.2414110529379441     
         143         176  0.86815928250438001     
         157         176   1.2465757019163419     
         160         176   1.2141536121720389     
         150         177   1.0528521541774860     
         177         178   1.4177424582670564     
         178         179   1.4646734030584285     
         179         180   1.4009572543740794     
         180         181   1.0389654855425945     
         181         182   1.2107961037971207     
         181         183   1.8177068339059910     
         182         183  0.18393966188145569     
         180         184   1.4010372244332241     
         177         185   1.4195294276020964     
         184         185   1.4621144484197917     
         146         186  0.99720881218745838     
         147         187  0.99746146346501063     
         152         188  0.99745552126670922     
         153         189  0.99727451735968509     
         158         190  0.99729118197665867     
         159         191  0.99744797134118413     
         163         192  0.98801275663531885     
         164         193  0.98515663303202683     
         167         194  0.94307110215532175     
         169         195  0.98551143831664412     
         170         196  0.98808960226607090     
         172         197  0.99756148358553098     
         173         198  0.99730200909752265     
         178         199  0.98801216071290676     
         179         200  0.98512261321615879     
         182         201  0.94294865120734428     
         184         202  0.98548475855742301     
         185         203  0.98808748868729368     
         136         205   1.2180132305655389     
         205         206   1.2989128256356048     
         206         207   1.2286095316916787     
         207         208   1.6214361106781414     
         208         209   1.2180697162673770     
         204         210  0.86872042813666706     
         206         210   1.2466258266816908     
         209         210   1.2137116132883035     
         209         211   1.3676771527991272     
         211         212   1.3622785489913951     
         212         213   1.2189314564850644     
         213         214   1.6208501813864660     
         204         215  0.86998413813703324     
         212         215   1.2174222377809765     
         214         216   1.2282386173659925     
         215         216   1.2415971761557225     
         140         217   1.2098490639802204     
         216         217   1.3033952432383784     
         217         218   1.3032885223790647     
         218         219   1.2281658419660799     
         219         220   1.6211645271184052     
         220         221   1.2186848257584602     
         221         222   1.3629103694035913     
         222         223   1.0533170499244939     
         223         224   1.4174562701655846     
         224         225   1.4648131115947489     
         225         226   1.4008215218492217     
         226         227   1.0390130128033490     
         227         228   1.2109472593504165     
         227         229   1.8174361160663324     
         228         229  0.18393305361424783     
         226         230   1.4009703150797408     
         223         231   1.4194291252396041     
         230         231   1.4622022058113291     
         222         232   1.3669677182299744     
         232         233   1.2182229917496703     
         233         234   1.6212526635580573     
         205         235   1.2994050998225128     
         234         235   1.2286047006775698     
         204         236  0.86854335133483951     
         232         236   1.2143398205598006     
         235         236   1.2460731811386441     
         204         237  0.86987236094008891     
         218         237   1.2420492770845764     
         221         237   1.2170646367703970     
         211         238   1.0532364019450560     
         238         239   1.4182376178866785     
         239         240   1.4643369381339109     
         240         241   1.4012459791516434     
         241         242   1.0389621028795786     
         242         243   1.2109199212385340     
         242         244   1.8175345100658369     
         243         244  0.18394912581178299     
         241         245   1.4006131482233353     
         238         246   1.4187205859289038     
         245         246   1.4626162888414187     
         207         247  0.99728744775871814     
         208         248  0.99743668889095782     
         213         249  0.99750979537564277     
         214         250  0.99728225561158557     
         219         251  0.99727965576869726     
         220         252  0.99747636826556263     
         224         253  0.98807071471881724     
         225         254  0.98512460626010301     
         228         255  0.94297838232738607     
         230         256  0.98552337588910099     
         231         257  0.98808034652728438     
         233         258  0.99748764868640438     
         234         259  0.99729610562829396     
         239         260  0.98802958863257029     
         240         261  0.98517041048573828     
         243         262  0.94297704289279283     
         245         263  0.98544737866919485     
         246         264  0.98809658894292796     
