           2           3   1.3874654129578641     
           3           4   1.2049150047348141     
           4           5   1.6347523067748595     
           5           6   1.2128257321108953     
           1           7  0.71518584704260402     
           3           7   1.2537909305158064     
           6           7   1.2461739614468672     
           6           8   1.3659835743701352     
           8           9   1.0553294965800322     
           9          10   1.4049088117328576     
          10          11   1.4758822125074567     
          11          12   1.3706808945326052     
          12          13   1.1419656990846920     
          13          14  0.97099841397848252     
          12          15   1.3837600650909310     
           9          16   1.4155136649252260     
          15          16   1.4604386873630066     
           8          17   1.3615059324484518     
          17          18   1.2235608333740395     
          18          19   1.6141624565615855     
           1          20  0.71501845480564552     
          17          20   1.2379709507720980     
          19          21   1.2324286151430219     
          20          21   1.2771876103153104     
          21          22   1.2908875778923394     
          22          23   1.2898623931803141     
          23          24   1.2325291744648161     
          24          25   1.6144099057842702     
          25          26   1.2231924861697334     
           1          27  0.71465939907701015     
          23          27   1.2785862038604014     
          26          27   1.2366590948733842     
          26          28   1.3632821676186684     
          28          29   1.0549324487122849     
          29          30   1.4160994597994905     
          30          31   1.4600014293336681     
          31          32   1.3839913709000529     
          32          33   1.1418737514300701     
          33          34  0.97103821193211548     
          32          35   1.3705590089828910     
          29          36   1.4046914661509420     
          35          36   1.4761026236274559     
          28          37   1.3644986041347846     
          37          38   1.2130773741239622     
          38          39   1.6346706786370540     
           2          40   1.3888070569572508     
          39          40   1.2046068298272994     
           1          41  0.71563125218207790     
          37          41   1.2474204959359072     
          40          41   1.2524856247748832     
           2          42  0.99658003086573366     
           4          43  0.99383891902398958     
           5          44  0.99912061979225120     
          10          45  0.99017139248084862     
          11          46  0.98958489796019578     
          13          47  0.97256574006037078     
          14          48  0.99536017513571484     
          14          49   1.0062699268298392     
          14          50  0.99876463191327203     
          15          51  0.99115623385461071     
          16          52  0.99034368554528207     
          18          53  0.99836004631664266     
          19          54  0.99870428382163823     
          24          55  0.99867003989999581     
          25          56  0.99834398952727721     
          30          57  0.99035268998279224     
          31          58  0.99117326930582494     
          33          59  0.97253870095635420     
          34          60   1.0062698990077354     
          34          61  0.99876907434176110     
          34          62  0.99537988358507268     
          35          63  0.98957614448515019     
          36          64  0.99013717444202043     
          38          65  0.99917181485918294     
          39          66  0.99387394134562423     
          68          69   1.3877446642568902     
          69          70   1.2048512240213083     
          70          71   1.6346610381043134     
          71          72   1.2128911312200055     
          67          73  0.71557654798094850     
          69          73   1.2533378364579961     
          72          73   1.2463411810499956     
          72          74   1.3655662262088963     
          74          75   1.0550683798020422     
          75          76   1.4047351029064306     
          76          77   1.4760416109260452     
          77          78   1.3705824537029729     
          78          79   1.1418767937119176     
          79          80  0.97101102183107435     
          78          81   1.3839634419589151     
          75          82   1.4159787222432638     
          81          82   1.4601157129247901     
          74          83   1.3620442658973977     
          83          84   1.2235253084880806     
          84          85   1.6142064110653043     
          67          86  0.71489641292542894     
          83          86   1.2375764528276540     
          85          87   1.2323822927416574     
          86          87   1.2774541941518218     
          87          88   1.2906753939922386     
          88          89   1.2894197438532062     
          89          90   1.2329281930267810     
          90          91   1.6137376117809015     
          91          92   1.2235919405295308     
          67          93  0.71493153630311967     
          89          93   1.2783271845408408     
          92          93   1.2367505965695227     
          92          94   1.3623505707901076     
          94          95   1.0559051591237094     
          95          96   1.4154000990397317     
          96          97   1.4604239862353556     
          97          98   1.3836706742568663     
          98          99   1.1421458812014804     
          99         100  0.97097710122057812     
          98         101   1.3703905120594033     
          95         102   1.4044598564689814     
         101         102   1.4762183514698366     
          94         103   1.3646837548426654     
         103         104   1.2131311911816196     
         104         105   1.6345121011796502     
          68         106   1.3883532211764955     
         105         106   1.2047824627974539     
          67         107  0.71562714782830994     
         103         107   1.2469300848845815     
         106         107   1.2527125516500692     
          68         108  0.99656477832925072     
          70         109  0.99386094649609102     
          71         110  0.99915497135394660     
          76         111  0.99017379456283949     
          77         112  0.98955119747194809     
          79         113  0.97256273641831381     
          80         114  0.99538934176476823     
          80         115   1.0062777871100759     
          80         116  0.99877313433406356     
          81         117  0.99120512102100133     
          82         118  0.99034493991301042     
          84         119  0.99838315308875292     
          85         120  0.99875599630571399     
          90         121  0.99867549209259776     
          91         122  0.99834339921475079     
          96         123  0.99039450438391230     
          97         124  0.99113151259137378     
          99         125  0.97245591504745432     
         100         126   1.0062495656661525     
         100         127  0.99877010561068980     
         100         128  0.99536423242054650     
         101         129  0.98960467481135872     
         102         130  0.99017450089683068     
         104         131  0.99912305345443519     
         105         132  0.99387465853715184     
          22         133   1.2280768166776446     
         133         134   2.4528206055825592     
         134         135   1.3707887936250167     
         133         136  0.16336294377517155     
         135         136   2.3316670956188785     
         136         137   1.4000893206052973     
         135         138  0.15753402665052246     
         137         138   2.3302889923832892     
         138         139   1.3732832635646386     
         137         140  0.16299677444217572     
         139         140   2.4482455856013372     
         141         142   2.4477624842191665     
         142         143   1.3736048026813408     
         141         144  0.16290758639484906     
         143         144   2.3298171010281150     
         144         145   1.4003789792829600     
         143         146  0.15739719383688114     
         145         146   2.3311644898012496     
         146         147   1.3711510505775719     
          88         148   1.2284794836318518     
         145         148  0.16326204603493449     
         147         148   2.4522273753159083     
         140         150   1.2325178428895238     
         150         151   1.2862326589793287     
         151         152   1.2338772906899904     
         152         153   1.6121954229762354     
         153         154   1.2256807327868848     
         149         155  0.71294578409675480     
         151         155   1.2800840051528439     
         154         155   1.2336907008115199     
         154         156   1.3635973062522619     
         156         157   1.0560428438800060     
         157         158   1.4051370958677603     
         158         159   1.4766683735199522     
         159         160   1.3701202557760013     
         160         161   1.1412572143672171     
         161         162  0.97134438581427940     
         160         163   1.3842427606942151     
         157         164   1.4153176787087016     
         163         164   1.4599998699919059     
         156         165   1.3641819798858243     
         165         166   1.2257773681658231     
         166         167   1.6118649468365436     
         149         168  0.71251709065930768     
         165         168   1.2330056111363967     
         167         169   1.2343205921190028     
         168         169   1.2810773856235409     
         141         170   1.2328151354036532     
         169         170   1.2849994941281893     
         170         171   1.2857582984934666     
         171         172   1.2343138163095688     
         172         173   1.6115443654292059     
         173         174   1.2262065385249956     
         149         175  0.71259685255944860     
         171         175   1.2800559626850476     
         174         175   1.2340371261792509     
         174         176   1.3626686688196896     
         176         177   1.0567432176942699     
         177         178   1.4152078540152988     
         178         179   1.4599661606392171     
         179         180   1.3843007958523175     
         180         181   1.1413000950361942     
         181         182  0.97136396862933727     
         180         183   1.3700237614857411     
         177         184   1.4046582464055746     
         183         184   1.4769712587568282     
         176         185   1.3646868446597069     
         185         186   1.2254347062276907     
         186         187   1.6122695558175999     
         150         188   1.2851444839234252     
         187         188   1.2340666962937623     
         149         189  0.71286097489488565     
         185         189   1.2326603787532839     
         188         189   1.2811738042289700     
         152         190  0.99907973811004236     
         153         191  0.99904366105171882     
         158         192  0.99034821834543052     
         159         193  0.98947416476385786     
         161         194  0.97214263648350452     
         162         195   1.0062075907528543     
         162         196  0.99617928566530378     
         162         197  0.99891812972999561     
         163         198  0.99151338833482916     
         164         199  0.99043751284203552     
         166         200  0.99896397572898343     
         167         201  0.99910445357315836     
         172         202  0.99913116920724510     
         173         203  0.99895908754105578     
         178         204  0.99048160924906292     
         179         205  0.99156263882259954     
         181         206  0.97215779729935892     
         182         207  0.99624600167123267     
         182         208  0.99891746610874410     
         182         209   1.0062116501291571     
         183         210  0.98947722339238287     
         184         211  0.99036759814171282     
         186         212  0.99897151889704650     
         187         213  0.99907173497757418     
