           2           3   1.3911789778117207     
           3           4   1.2009399993661982     
           4           5   1.6390126873970083     
           5           6   1.2072246425434592     
           1           7  0.71793310856384507     
           3           7   1.2426822804974842     
           6           7   1.2498574299250784     
           6           8   1.3570361576661514     
           8           9   1.0592417290071519     
           9          10   1.4036480743789819     
          10          11   1.4770858080631333     
          11          12   1.3697633529251283     
          12          13   1.1419163130712973     
          13          14  0.97086983532968596     
          12          15   1.3832466047000844     
           9          16   1.4145022133348204     
          15          16   1.4610598308419027     
           8          17   1.3664242032544480     
          17          18   1.2119262249933240     
          18          19   1.6278394688835593     
           1          20  0.71329248184447569     
          17          20   1.2372408482534967     
          19          21   1.2214049533417386     
          20          21   1.2664555201373060     
          21          22   1.3006852469397621     
          22          23   1.2994823481403632     
          23          24   1.2217965448087054     
          24          25   1.6278725628289989     
          25          26   1.2114571521314745     
           1          27  0.71330418121406070     
          23          27   1.2680875636634996     
          26          27   1.2353748044102104     
          26          28   1.3684308133241607     
          28          29   1.0592011772852674     
          29          30   1.4147777689511467     
          30          31   1.4608017448541557     
          31          32   1.3832739414686717     
          32          33   1.1420569115057080     
          33          34  0.97089296364905353     
          32          35   1.3694998972620509     
          29          36   1.4033151982197816     
          35          36   1.4774048329161606     
          28          37   1.3550688494125791     
          37          38   1.2076492445269653     
          38          39   1.6388622490649016     
           2          40   1.3925093287618293     
          39          40   1.2006014970252064     
           1          41  0.71802039459025846     
          37          41   1.2514418744301543     
          40          41   1.2412374528080341     
           2          42  0.99775548911411183     
           4          43  0.99503326830028438     
           5          44  0.99965956660263455     
          10          45  0.99105488296565636     
          11          46  0.98961789315279702     
          13          47  0.97241149951217654     
          14          48  0.99555800223705160     
          14          49   1.0062778249754452     
          14          50  0.99885449176442664     
          15          51  0.99123514825366921     
          16          52  0.99120430525493908     
          18          53  0.99911244718742820     
          19          54  0.99950768875680274     
          24          55  0.99938791835700536     
          25          56  0.99911762394212533     
          30          57  0.99119326466240021     
          31          58  0.99121623536939141     
          33          59  0.97224737698283603     
          34          60   1.0062313136423389     
          34          61  0.99885795214220308     
          34          62  0.99557837261606885     
          35          63  0.98963168164299720     
          36          64  0.99105735021085295     
          38          65  0.99966805996854979     
          39          66  0.99506590954585805     
          68          69   1.3910170439208622     
          69          70   1.2009389013157461     
          70          71   1.6390491831987024     
          71          72   1.2071570743981763     
          67          73  0.71805042082466020     
          69          73   1.2428583198680783     
          72          73   1.2496469060480289     
          72          74   1.3572901598989096     
          74          75   1.0591461406987854     
          75          76   1.4037661722737538     
          76          77   1.4769912011157680     
          77          78   1.3698730331819897     
          78          79   1.1417804762101635     
          79          80  0.97091732099248751     
          78          81   1.3833076490691907     
          75          82   1.4145183715576455     
          81          82   1.4610329737399237     
          74          83   1.3662733334665578     
          83          84   1.2119666735154777     
          84          85   1.6277917543953244     
          67          86  0.71323418246105008     
          83          86   1.2373423317791772     
          85          87   1.2213659611363721     
          86          87   1.2664886585441686     
          87          88   1.3007402168596094     
          88          89   1.2994240278370621     
          89          90   1.2216699371811337     
          90          91   1.6280194640383168     
          91          92   1.2113475672532268     
          67          93  0.71324739370888857     
          89          93   1.2683955834435525     
          92          93   1.2351614723594804     
          92          94   1.3689088539674137     
          94          95   1.0588595594976595     
          95          96   1.4151415751692624     
          96          97   1.4605125885937873     
          97          98   1.3836273531297476     
          98          99   1.1416028286485707     
          99         100  0.97104518326394473     
          98         101   1.3697263946099125     
          95         102   1.4034145446839967     
         101         102   1.4773281122829707     
          94         103   1.3548790843993372     
         103         104   1.2076763550041654     
         104         105   1.6388628441660729     
          68         106   1.3926772610086020     
         105         106   1.2005259757848645     
          67         107  0.71804693752694604     
         103         107   1.2516568991479629     
         106         107   1.2410969466273005     
          68         108  0.99775762868219653     
          70         109  0.99502756043292917     
          71         110  0.99965579244873737     
          76         111  0.99104957166000518     
          77         112  0.98963102589412655     
          79         113  0.97244868127873740     
          80         114  0.99558363655408044     
          80         115   1.0062749343095776     
          80         116  0.99885345026325767     
          81         117  0.99123229003983848     
          82         118  0.99120935321288217     
          84         119  0.99913074067872520     
          85         120  0.99950891933715547     
          90         121  0.99943885246234887     
          91         122  0.99913242440664474     
          96         123  0.99119454009571961     
          97         124  0.99124238746742044     
          99         125  0.97241227662158403     
         100         126   1.0062833344978410     
         100         127  0.99885583265794331     
         100         128  0.99558807801728511     
         101         129  0.98962392121604936     
         102         130  0.99104786957255353     
         104         131  0.99968420067602193     
         105         132  0.99507541509043584     
          22         133   1.2167399000996719     
         133         134   2.4707146490112035     
         134         135   1.3627052088442255     
         133         136  0.17228021557181863     
         135         136   2.3475717966702829     
         136         137   1.3916330780266684     
         135         138  0.16654416355721893     
         137         138   2.3466964967345931     
         138         139   1.3639715060765070     
         137         140  0.17214122286831104     
         139         140   2.4681912342901318     
         141         142   2.4681211942422783     
         142         143   1.3640360365711313     
         141         144  0.17213208529869548     
         143         144   2.3466437727016469     
         144         145   1.3916771678687840     
         143         146  0.16652336488723871     
         145         146   2.3475370741279358     
         146         147   1.3627605701018033     
          88         148   1.2167443231891497     
         145         148  0.17227569119974026     
         147         148   2.4706997521461971     
         140         150   1.2193762292361163     
         150         151   1.2992964658630395     
         151         152   1.2215508667508601     
         152         153   1.6290891799244407     
         153         154   1.2130503700136912     
         149         155  0.71175168651043108     
         151         155   1.2687738625072391     
         154         155   1.2369417863452981     
         154         156   1.3658248514239493     
         156         157   1.0468278638678794     
         157         158   1.4096718151307366     
         158         159   1.4735145429289587     
         159         160   1.3722303065518169     
         160         161   1.1398799664088100     
         161         162  0.97136547773134974     
         160         163   1.3851666454814702     
         157         164   1.4203111522334120     
         163         164   1.4580223731037827     
         156         165   1.3666264154144840     
         165         166   1.2126030194746533     
         166         167   1.6285033279304386     
         149         168  0.71085892846450671     
         165         168   1.2361733496860527     
         167         169   1.2222350015460892     
         168         169   1.2701041558418367     
         141         170   1.2194183569709733     
         169         170   1.2982287769509386     
         170         171   1.2977154702771183     
         171         172   1.2236453540896890     
         172         173   1.6245183649781529     
         173         174   1.2153162024231476     
         149         175  0.71012311039837506     
         171         175   1.2677499534646992     
         174         175   1.2394536999242296     
         174         176   1.3597868145409209     
         176         177   1.0612431910106053     
         177         178   1.4131361718040889     
         178         179   1.4616727480147371     
         179         180   1.3824123612617101     
         180         181   1.1438850567051058     
         181         182  0.97076995934021615     
         180         183   1.3680504130879569     
         177         184   1.4025002135683922     
         183         184   1.4788469973519986     
         176         185   1.3626159123689627     
         185         186   1.2143726256455269     
         186         187   1.6251175436484582     
         150         188   1.2967368821010612     
         187         188   1.2236532450144875     
         149         189  0.70999587151539079     
         185         189   1.2372821523392450     
         188         189   1.2697771162764029     
         152         190  0.99960373674213321     
         153         191  0.99953378085967182     
         158         192  0.99047839673641047     
         159         193  0.98972119360430455     
         161         194  0.97305975992023164     
         162         195   1.0062966946678795     
         162         196  0.99542433702895028     
         162         197  0.99887049033580144     
         163         198  0.99142840496405493     
         164         199  0.99110904594114546     
         166         200  0.99979892020272410     
         167         201  0.99956641845822758     
         172         202  0.99957099591447396     
         173         203  0.99928704429732795     
         178         204  0.99115690003965973     
         179         205  0.99143695831840928     
         181         206  0.97120335835982596     
         182         207  0.99610118650340240     
         182         208  0.99881427817432644     
         182         209   1.0060947389191521     
         183         210  0.98931159589897355     
         184         211  0.99107105021774855     
         186         212  0.99930286827002135     
         187         213  0.99944818810631875     
