           2           3   1.3786308071857325     
           3           4   1.1960531875563782     
           4           5   1.6399350304071425     
           5           6   1.2001113417777327     
           1           7  0.57059469118668937     
           3           7   1.2874223562042717     
           6           7   1.2634614178722836     
           6           8   1.3953915502887371     
           8           9   1.3859178248143489     
           9          10   1.2126106775663648     
          10          11   1.6167694577725711     
           1          12  0.56403925983180525     
           9          12   1.2585344491272810     
          11          13   1.2260948118559158     
          12          13   1.3142193028848126     
          13          14   1.2867859743329992     
          14          15   1.2865953517584972     
          15          16   1.2260893732489762     
          16          17   1.6168125058885463     
          17          18   1.2125968909585607     
           1          19  0.56409235890789988     
          15          19   1.3142947988299578     
          18          19   1.2584812625384332     
          18          20   1.3859915075161711     
          20          21   1.3953491459934748     
          21          22   1.2001347731966254     
          22          23   1.6399105022939371     
           2          24   1.3785811149821159     
          23          24   1.1960614102513720     
           1          25  0.57048603702737211     
          21          25   1.2634814227426494     
          24          25   1.2874615956152295     
           2          26  0.99858882644275604     
           4          27  0.99593339295525818     
           5          28  0.99630435232871994     
           8          29   1.0002174034339801     
          10          30  0.99527213955795446     
          11          31   1.0006616374608044     
          16          32   1.0007091792132603     
          17          33  0.99525900162646708     
          20          34   1.0002133663229489     
          22          35  0.99630410495464428     
          23          36  0.99593448825307840     
          38          39   1.3786298590828450     
          39          40   1.1960538219280232     
          40          41   1.6399331657546099     
          41          42   1.2001125721775612     
          37          43  0.57059425668880803     
          39          43   1.2874226858305753     
          42          43   1.2634595130363862     
          42          44   1.3953916691933308     
          44          45   1.3859178080410257     
          45          46   1.2126117955314617     
          46          47   1.6167678797297589     
          37          48  0.56403898012764631     
          45          48   1.2585328059283589     
          47          49   1.2260955153555531     
          48          49   1.3142197905799524     
          49          50   1.2867848434522851     
          50          51   1.2865942307231073     
          51          52   1.2260900595638691     
          52          53   1.6168109714072076     
          53          54   1.2125979935700617     
          37          55  0.56409209270336835     
          51          55   1.3142953203457350     
          54          55   1.2584795651461547     
          54          56   1.3859915600422006     
          56          57   1.3953492182271199     
          57          58   1.2001360208331271     
          58          59   1.6399086351254595     
          38          60   1.3785801237055919     
          59          60   1.1960620320696171     
          37          61  0.57048545616595836     
          57          61   1.2634795463696471     
          60          61   1.2874619707397277     
          38          62  0.99858883481826233     
          40          63  0.99593334721016491     
          41          64  0.99630422981208633     
          44          65   1.0002172827100835     
          46          66  0.99527204137633474     
          47          67   1.0006615961341456     
          52          68   1.0007091456726427     
          53          69  0.99525889066683082     
          56          70   1.0002132490599334     
          58          71  0.99630398153864319     
          59          72  0.99593444055239733     
          14          73   1.2136002203541951     
          50          74   1.2136009466665356     
          73          74   2.6000049317022444     
