    0.25615724
   -0.03432976
    0.05597101
   -0.04415108
   -0.03931708
    0.05476352
   -0.21486940
    0.00721350
    0.02610094
   -0.01558530
    0.05291214
   -0.26134132
    0.05257802
   -0.01608099
    0.05409535
   -0.03901337
   -0.03843433
   -0.21026942
    0.06053913
    0.00747952
    0.06035512
   -0.03841757
   -0.03899412
    0.05417366
   -0.21004184
    0.00634343
    0.02544192
   -0.01626298
    0.05211165
   -0.26151554
    0.05302725
   -0.01491259
    0.05501262
   -0.03898140
   -0.04389580
    0.05603867
   -0.21502069
    0.01376130
    0.02087948
    0.01663981
    0.02112971
    0.02500148
    0.02427203
    0.02080855
    0.01847457
    0.01523500
    0.01431615
    0.01701574
    0.02032687
    0.02362238
    0.02569406
    0.02234406
    0.01590085
    0.02103898
    0.25615717
   -0.03433129
    0.05597113
   -0.04415161
   -0.03931664
    0.05476298
   -0.21486913
    0.00721378
    0.02610085
   -0.01558522
    0.05291227
   -0.26134123
    0.05257797
   -0.01608098
    0.05409452
   -0.03901319
   -0.03843515
   -0.21027064
    0.06053948
    0.00747794
    0.06035567
   -0.03841772
   -0.03899364
    0.05417321
   -0.21004071
    0.00634383
    0.02544210
   -0.01626281
    0.05211167
   -0.26151542
    0.05302736
   -0.01491259
    0.05501181
   -0.03898127
   -0.04389678
    0.05603883
   -0.21502223
    0.01376155
    0.02087961
    0.01663984
    0.02112954
    0.02500154
    0.02427193
    0.02080878
    0.01847443
    0.01523489
    0.01431674
    0.01701646
    0.02032722
    0.02362249
    0.02569409
    0.02234393
    0.01590060
    0.02103872
   -0.03533974
   -0.03533910
