   -0.02867468
    0.06077617
   -0.03662836
   -0.03661109
    0.06170750
   -0.16588443
   -0.02762136
    0.06603932
   -0.03790701
   -0.02965916
   -0.28862610
    0.06082649
   -0.02689529
    0.06410338
   -0.02543664
   -0.03235819
    0.06740759
   -0.16609336
   -0.02811160
    0.05781622
   -0.04318635
   -0.04325252
    0.05717478
   -0.29363450
    0.02018837
    0.03411874
    0.03473268
    0.16594361
    0.02506124
    0.02695814
    0.01168106
    0.02648829
    0.03724785
    0.16658589
    0.02467835
    0.02391795
    0.02327853
   -0.02366674
    0.06233822
   -0.03517874
   -0.03412182
    0.06179593
   -0.16040383
   -0.01899461
    0.05793340
   -0.03920890
   -0.03798331
   -0.28707639
    0.06542097
    0.01697744
    0.06736906
   -0.03279619
   -0.03385696
    0.06115739
   -0.15784264
   -0.01973553
    0.05898673
   -0.03960592
   -0.04032484
    0.05935546
   -0.29014414
    0.02760121
    0.03910557
    0.03978777
    0.16692161
    0.02974844
    0.03032953
    0.02632670
    0.03630969
    0.04033606
    0.16567443
    0.02927712
    0.02951946
    0.02894085
   -0.18117555
   -0.10707055
   -0.00769801
   -0.05083903
   -0.01059418
   -0.04007146
   -0.01565232
   -0.03549661
   -0.01956514
   -0.03208889
   -0.01255949
   -0.02499409
   -0.01110286
   -0.02001671
   -0.01221305
   -0.01814156
   -0.01412412
   -0.01724989
   -0.01903968
   -0.01871380
    0.01972867
    0.06571797
   -0.03397583
   -0.03621046
    0.05902470
   -0.15688058
   -0.01784345
    0.05544792
   -0.04028167
   -0.04113902
   -0.28969731
    0.06428014
    0.00896172
    0.06615286
   -0.03752436
   -0.03555731
    0.05758297
   -0.15899229
   -0.01594035
    0.05495451
   -0.04087740
   -0.03892962
    0.06441853
   -0.28625921
    0.03451475
    0.03699848
    0.16498611
    0.02760826
    0.02701051
    0.02139943
    0.03107083
    0.03669750
    0.16549899
    0.02819145
    0.02726832
    0.02458046
