           2           3   1.3952270686841401     
           3           4   1.2049459531802653     
           4           5   1.6354031392995556     
           5           6   1.2090713205140193     
           1           7  0.87065243835026218     
           3           7   1.2241223849386280     
           6           7   1.2284969513712309     
           6           8   1.3663308560994962     
           8           9   1.3767637939069932     
           9          10   1.2128807806512090     
          10          11   1.6261314788023615     
           1          12  0.86526858175269072     
           9          12   1.2174049358911228     
          11          13   1.2262723626742995     
          12          13   1.2498740531175849     
          13          14   1.3115704063940503     
          14          15   1.3119275824765568     
          15          16   1.2255933554825342     
          16          17   1.6252356635934504     
          17          18   1.2135915846011429     
          18          19   1.3751303098838457     
          19          20   1.0360330087783243     
          20          21   1.3792032035350108     
          21          22   1.1198113869146527     
          22          23  0.98334630049424965     
          21          24   1.3865919039480086     
          24          25   1.4390014648059906     
          25          26   1.4386545897695522     
          20          27   1.3783917530939158     
          26          27   1.3866740172505425     
          27          28   1.1200154579006412     
          28          29  0.98359726833869465     
          19          30   1.3672038842991343     
          30          31   1.2084019656364269     
          31          32   1.6356307835191608     
           2          33   1.3944296282926174     
          32          33   1.2053738264386440     
           1          34  0.87121988715611876     
          30          34   1.2274090289218147     
          33          34   1.2250361583386715     
           1          35  0.86439720858835190     
          15          35   1.2487925487105085     
          18          35   1.2189833533276473     
           8          36   1.0349696340501739     
          36          37   1.3792693177028548     
          37          38   1.1205170080313953     
          38          39  0.98357976289385451     
          37          40   1.3862227472253128     
          40          41   1.4390734161850651     
          41          42   1.4387520376215206     
          36          43   1.3791491608794089     
          42          43   1.3865824971991947     
          43          44   1.1196749357045510     
          44          45  0.98337389691105792     
           2          46  0.99726526281100525     
           4          47  0.99489205507305423     
           5          48   1.0001780020739817     
          10          49  0.99904954701187865     
          11          50  0.99957463451679496     
          16          51  0.99954710410919823     
          17          52  0.99923787336272885     
          23          53  0.99650163779711542     
          23          54  0.98629446123226405     
          23          55  0.99697014238799986     
          24          56  0.98960032868139114     
          25          57  0.98614764837591629     
          26          58  0.98950831228329905     
          29          59  0.98663158375782400     
          29          60  0.99736529889559433     
          29          61  0.99628373313761376     
          31          62  0.99997536898284645     
          32          63  0.99497430588139191     
          39          64  0.98642367227753835     
          39          65  0.99680934861858439     
          39          66  0.99663202960884734     
          40          67  0.98949319697122984     
          41          68  0.98614656196406181     
          42          69  0.98957046136615134     
          45          70  0.99616911094851368     
          45          71  0.98647852078953924     
          45          72  0.99750940380794995     
          74          75   1.3937334830687154     
          75          76   1.2051503267650294     
          76          77   1.6343353372610072     
          77          78   1.2085115970049864     
          73          79  0.86981596942843076     
          75          79   1.2256715109131704     
          78          79   1.2276368987544353     
          78          80   1.3676849894802303     
          80          81   1.3744470395886645     
          81          82   1.2137442550929338     
          82          83   1.6243018196683028     
          73          84  0.86501089212138460     
          81          84   1.2194892323773059     
          83          85   1.2266648839722814     
          84          85   1.2485647325870268     
          85          86   1.3114975655601253     
          86          87   1.3098139926154497     
          87          88   1.2267800950884267     
          88          89   1.6246745451729616     
          89          90   1.2130030351166055     
          90          91   1.3772594747249476     
          91          92   1.0355780409002078     
          92          93   1.3783017231511852     
          93          94   1.1213374277417338     
          94          95  0.98287677581203436     
          93          96   1.3864849373050823     
          96          97   1.4391048138351457     
          97          98   1.4386834590081370     
          92          99   1.3793569815246911     
          98          99   1.3863502707603990     
          99         100   1.1198292574891628     
         100         101  0.98364029817875687     
          91         102   1.3657565975589634     
         102         103   1.2088464991731540     
         103         104   1.6349396669655101     
          74         105   1.3955603175918712     
         104         105   1.2050477388969878     
          73         106  0.86981400840335898     
         102         106   1.2293394864471354     
         105         106   1.2237640685328492     
          73         107  0.86434513811190072     
          87         107   1.2510404242045146     
          90         107   1.2175055260900605     
          80         108   1.0368542314123073     
         108         109   1.3777988274272734     
         109         110   1.1216176786448802     
         110         111  0.98306195493410298     
         109         112   1.3863574686088291     
         112         113   1.4392456742784729     
         113         114   1.4383830972582201     
         108         115   1.3788653037423224     
         114         115   1.3869761935111924     
         115         116   1.1191864958747935     
         116         117  0.98349320023921516     
          74         118  0.99712994680883538     
          76         119  0.99469611570175653     
          77         120  0.99998381795938673     
          82         121  0.99876908385607610     
          83         122  0.99895613036484365     
          88         123  0.99893789118099208     
          89         124  0.99901027867637293     
          95         125  0.99660276053667085     
          95         126  0.98605141387600281     
          95         127  0.99667899771173829     
          96         128  0.98960238659842514     
          97         129  0.98618381748959760     
          98         130  0.98951650352682974     
         101         131  0.98665662915661478     
         101         132  0.99722388911340776     
         101         133  0.99647814147418490     
         103         134  0.99968395151556011     
         104         135  0.99493348376107926     
         111         136  0.98625667898814917     
         111         137  0.99674342978861052     
         111         138  0.99660364152250658     
         112         139  0.98954005470523410     
         113         140  0.98615704296727758     
         114         141  0.98958746556973809     
         117         142  0.99616784303097861     
         117         143  0.98655168746002619     
         117         144  0.99758216982732340     
          14         145   1.1947738082474493     
         145         146   2.6375203070853463     
          86         148   1.1971195189643222     
         147         148   2.6360396087778208     
         146         150   1.1956889626431302     
         150         151   1.3106350403388198     
         151         152   1.2286632077836639     
         152         153   1.6221878095791318     
         153         154   1.2165651036964500     
         149         155  0.86346444890311136     
         151         155   1.2499448871577161     
         154         155   1.2198020957600382     
         154         156   1.3723283637557304     
         156         157   1.3717904904547387     
         157         158   1.2170151123795094     
         158         159   1.6217160200299390     
         149         160  0.86296680041737939     
         157         160   1.2202698987121718     
         159         161   1.2294523338577281     
         160         161   1.2503734871956809     
         147         162   1.1981251979910892     
         161         162   1.3098506328001529     
         162         163   1.3092675196542312     
         163         164   1.2293326047029236     
         164         165   1.6215046070689423     
         165         166   1.2168918609574453     
         166         167   1.3714598048711812     
         167         168   1.0372811608167316     
         168         169   1.3791112543398569     
         169         170   1.1204674233442211     
         170         171  0.98322880496238674     
         169         172   1.3864599944899398     
         172         173   1.4389076677159733     
         173         174   1.4388115715325618     
         168         175   1.3773680564591626     
         174         175   1.3868042563673475     
         175         176   1.1217440328744643     
         176         177  0.98291659282353749     
         167         178   1.3721216251886001     
         178         179   1.2166508466936470     
         179         180   1.6217724220599661     
         150         181   1.3102702490327898     
         180         181   1.2286765148973904     
         149         182  0.86211537056149334     
         178         182   1.2199494548214125     
         181         182   1.2503228405242319     
         149         183  0.86298064241636108     
         163         183   1.2505023405657691     
         166         183   1.2203584437954340     
         156         184   1.0363397363027904     
         184         185   1.3782896504993458     
         185         186   1.1215938090689692     
         186         187  0.98301700039918716     
         185         188   1.3863925491769313     
         188         189   1.4390145925420161     
         189         190   1.4388120584168194     
         184         191   1.3789801335925875     
         190         191   1.3865077382316062     
         191         192   1.1208027305151267     
         192         193  0.98320196719421715     
         152         194  0.99934346208350311     
         153         195  0.99956614127469345     
         158         196  0.99968754037706875     
         159         197  0.99881680898640657     
         164         198  0.99914074709555556     
         165         199  0.99965988702581532     
         171         200  0.99715045131766133     
         171         201  0.98634676771174423     
         171         202  0.99639317768292635     
         172         203  0.98962285050780618     
         173         204  0.98621493494959778     
         174         205  0.98964660697560214     
         177         206  0.98625394611594586     
         177         207  0.99644765156621906     
         177         208  0.99700919794148946     
         179         209  0.99960734353812652     
         180         210  0.99961388625747327     
         187         211  0.99647280034221264     
         187         212  0.98628048677091251     
         187         213  0.99701753981107522     
         188         214  0.98964785027080904     
         189         215  0.98621991455895563     
         190         216  0.98959682495763501     
         193         217  0.99645284920220734     
         193         218  0.99705453983656123     
         193         219  0.98629933570407691     
