           1           2   1.3672653124908916     
           2           3   1.2421434762404617     
           3           4   1.5916187434341933     
           4           5   1.2536612978760413     
           2           6   1.2300481476296155     
           5           6   1.2257544257534549     
           5           7   1.3367489638789394     
           7           8   1.0512442412290681     
           8           9   1.4251742805450884     
           9          10   1.4482155093577607     
          10          11   1.4775874039217007     
           9          12  0.10092362683447131     
          11          12   1.4784166214039540     
           8          13   1.4249582008845010     
          10          13  0.10070389320049554     
          12          13   1.4479230473896059     
           7          14   1.3690332986115528     
          14          15   1.1615102242194004     
          15          16   1.6897332588904861     
          14          17   1.3483852082479546     
          16          18   1.1668293333221686     
          17          18   1.4164330937340652     
          18          19   1.2799904639536455     
          19          20   1.2756467211526643     
          20          21   1.2725358562314746     
          21          22   1.5725157365598958     
          22          23   1.2633151300037582     
          20          24   1.2503574936938420     
          23          24   1.2198369567855760     
          23          25   1.3339042231943439     
          25          26   1.0525513742129098     
          26          27   1.4243253510986080     
          27          28   1.4482839559539176     
          28          29   1.4777989814302175     
          27          30  0.10058706673010527     
          29          30   1.4773022474303075     
          26          31   1.4239893936816099     
          28          31  0.10058569882592398     
          30          31   1.4487639861022599     
          25          32   1.3614523884350875     
          32          33   1.1514876254281414     
          33          34   1.7070778635806685     
           1          35   1.3839335907828842     
          34          35   1.1460236120662182     
          32          36   1.3744334183059843     
          35          36   1.3748346692904385     
           1          37  0.99592564050263999     
           3          38  0.99284251992344130     
           4          39  0.99789106578145903     
           6          40  0.96082690406686466     
           9          41  0.98789618831650039     
          10          42  0.98327637973072435     
          12          43  0.98336414670291161     
          13          44  0.98789472961190505     
          15          45  0.99748847494852932     
          16          46  0.99920915651143694     
          21          47  0.99814984423932385     
          22          48  0.99705897806811516     
          24          49  0.95988389887997361     
          27          50  0.98778586663290779     
          28          51  0.98328688160995115     
          30          52  0.98350960261922871     
          31          53  0.98812441367436243     
          33          54  0.99844271952508157     
          34          55  0.99343436966460241     
          56          57   1.3672196229071143     
          57          58   1.2421510489886558     
          58          59   1.5915937921834173     
          59          60   1.2536812604618288     
          57          61   1.2300753262240365     
          60          61   1.2257157852938156     
          60          62   1.3367928729024721     
          62          63   1.0510692849220595     
          63          64   1.4252895492329247     
          64          65   1.4481516213228944     
          65          66   1.4776530830814101     
          64          67  0.10095163142086944     
          66          67   1.4783813856325279     
          63          68   1.4250073640825396     
          65          68  0.10071631894904144     
          67          68   1.4479263987671778     
          62          69   1.3691260250505706     
          69          70   1.1615350750289672     
          70          71   1.6897159151976873     
          69          72   1.3482697017266827     
          71          73   1.1668573860596918     
          72          73   1.4165353976135868     
          73          74   1.2798263534190624     
          74          75   1.2755969601776382     
          75          76   1.2726370780679799     
          76          77   1.5723964841553104     
          77          78   1.2633956842403107     
          75          79   1.2503301031914653     
          78          79   1.2199117775321653     
          78          80   1.3336961183809692     
          80          81   1.0528431859386169     
          81          82   1.4240823363908848     
          82          83   1.4484149459445650     
          83          84   1.4776676420536217     
          82          85  0.10055079371334419     
          84          85   1.4773507967971473     
          81          86   1.4239323145071066     
          83          86  0.10054976501259422     
          85          86   1.4487505393553461     
          80          87   1.3614122589766646     
          87          88   1.1514830947454044     
          88          89   1.7070873735234793     
          56          90   1.3839613518939908     
          89          90   1.1460221325298146     
          87          91   1.3744472753137291     
          90          91   1.3748185761257590     
          56          92  0.99592388940747301     
          58          93  0.99284738456483490     
          59          94  0.99790095212410124     
          61          95  0.96082540012619555     
          64          96  0.98788527867057674     
          65          97  0.98328562750446280     
          67          98  0.98335246216406036     
          68          99  0.98788416064263584     
          70         100  0.99749822963709622     
          71         101  0.99922286573542585     
          76         102  0.99813742202763178     
          77         103  0.99705240817252994     
          79         104  0.95988639125835673     
          82         105  0.98779921191609543     
          83         106  0.98328375330090978     
          85         107  0.98352015329679865     
          86         108  0.98814011199264185     
          88         109  0.99842950466778346     
          89         110  0.99343333209471230     
          19         111   1.2308636555880894     
         111         112   2.4443301413337810     
         112         113   1.3761216838296302     
         111         114  0.16207331975782913     
         113         114   2.3163676217255977     
         114         115   1.4129636232912561     
         113         116  0.15460576000221984     
         115         116   2.2933208401250456     
         116         117   1.4139934490772015     
         115         118  0.15438187294346087     
         117         118   2.3136930707048897     
         118         119   1.3794154617362697     
         117         120  0.16138543545452189     
         119         120   2.4382996080305963     
         121         122   2.4381048705077673     
         122         123   1.3795958616175628     
         121         124  0.16137176909955026     
         123         124   2.3134706169913573     
         124         125   1.4141862516607475     
         123         126  0.15436201782077544     
         125         126   2.2930685725217761     
         126         127   1.4131645531461066     
         125         128  0.15458476569700727     
         127         128   2.3161338872431148     
         128         129   1.3763221821476519     
          74         130   1.2310955418607095     
         127         130  0.16205550431836077     
         129         130   2.4440851650478033     
         120         131   1.2364240534900179     
         131         132   1.2703308074538056     
         132         133   1.2761487128521274     
         133         134   1.5681276515965612     
         134         135   1.2681711124119137     
         132         136   1.2526288410393329     
         135         136   1.2175635312439557     
         135         137   1.3295196191949432     
         137         138   1.0505712028942755     
         138         139   1.4253677538047531     
         139         140   1.4482247164060567     
         140         141   1.4775639749004732     
         139         142  0.10088866511125597     
         141         142   1.4784755531531388     
         138         143   1.4257072704426397     
         140         143  0.10081521848626811     
         142         143   1.4476484751455039     
         137         144   1.3764390698079227     
         144         145   1.1614430489393386     
         145         146   1.6888034469919730     
         144         147   1.3434181239900445     
         146         148   1.1684660494328811     
         147         148   1.4197876543155228     
         121         149   1.2366142013024883     
         148         149   1.2750796376392681     
         149         150   1.2702568662227085     
         150         151   1.2761937985278400     
         151         152   1.5680855029766319     
         152         153   1.2681932360126751     
         150         154   1.2526860997235660     
         153         154   1.2175225974539949     
         153         155   1.3296108484805182     
         155         156   1.0498005964625614     
         156         157   1.4257936677033769     
         157         158   1.4480563260001857     
         158         159   1.4776832489190532     
         157         160  0.10096344815837163     
         159         160   1.4784526839775571     
         156         161   1.4259558580702085     
         158         161  0.10089432030712686     
         160         161   1.4475980237193729     
         155         162   1.3768999399174366     
         162         163   1.1613920788228134     
         163         164   1.6889536393105298     
         131         165   1.2751146306246151     
         164         165   1.1683326480992557     
         162         166   1.3431594152943283     
         165         166   1.4199832287883900     
         133         167  0.99839756467199259     
         134         168  0.99772288355625982     
         136         169  0.96118416010921415     
         139         170  0.98808113705767198     
         140         171  0.98349202164310456     
         142         172  0.98343889429960085     
         143         173  0.98789205068297736     
         145         174  0.99811700052279662     
         146         175  0.99946441547507625     
         151         176  0.99839711000408926     
         152         177  0.99776341168581717     
         154         178  0.96117129842365778     
         157         179  0.98802703235534217     
         158         180  0.98348431780008883     
         160         181  0.98343453029549366     
         161         182  0.98783886142385502     
         163         183  0.99816096721160041     
         164         184  0.99947436834936543     
