           1           2   1.3637534046313580     
           2           3   1.2450756256145974     
           3           4   1.5870194213728486     
           4           5   1.2565249127383584     
           2           6   1.2299608361113485     
           5           6   1.2284355466232855     
           5           7   1.3315179463939588     
           7           8   1.0582299540798479     
           8           9   1.4089581270970346     
           9          10   1.4738852656806511     
          10          11   1.3876863164154463     
          11          12   1.0832741915181867     
          12          13   1.9383769944604488     
          11          14   1.3822384278129616     
           8          15   1.4133833991414633     
          14          15   1.4692384699384631     
           7          16   1.3688032567382684     
          16          17   1.1603410571662600     
          17          18   1.6926051291768733     
          16          19   1.3516501114711410     
          18          20   1.1651475826099751     
          19          20   1.4123792954578551     
          20          21   1.2867563841296987     
          21          22   1.2753388810867714     
          22          23   1.2742358861104639     
          23          24   1.5695528927226134     
          24          25   1.2653209971819390     
          22          26   1.2489971099182531     
          25          26   1.2225047875717421     
          25          27   1.3290717559735727     
          27          28   1.0609031625668934     
          28          29   1.4067832768092474     
          29          30   1.4750920144809239     
          30          31   1.3861123998060829     
          31          32   1.0842859745857973     
          32          33   1.9354987342080709     
          31          34   1.3813230801686494     
          28          35   1.4118688146564313     
          34          35   1.4703656956626987     
          27          36   1.3594198962721589     
          36          37   1.1515955594555731     
          37          38   1.7078323249235006     
           1          39   1.3881223982460436     
          38          39   1.1456275330194632     
          36          40   1.3777741141279112     
          39          40   1.3718790214940446     
           1          41  0.99605144495534792     
           3          42  0.99304065427910093     
           4          43  0.99892752843342636     
           6          44  0.96111280440130231     
           9          45  0.98839789259190791     
          10          46  0.98820242194101016     
          12          47  0.95450859696908585     
          14          48  0.98228596601101470     
          15          49  0.98785642546097052     
          17          50  0.99832063885110067     
          18          51  0.99932370226431644     
          23          52  0.99831264978978262     
          24          53  0.99804696825187145     
          26          54  0.96030211737522997     
          29          55  0.98833124083849933     
          30          56  0.98822956437180898     
          32          57  0.95472145814735976     
          34          58  0.98249399436658214     
          35          59  0.98814852522403829     
          37          60  0.99932043623754707     
          38          61  0.99357265978505405     
          62          63   1.3634955448963268     
          63          64   1.2454251126616034     
          64          65   1.5867410005342923     
          65          66   1.2565477735052524     
          63          67   1.2296703072821531     
          66          67   1.2293206950120557     
          66          68   1.3309074188189116     
          68          69   1.0579841283610845     
          69          70   1.4089703198103078     
          70          71   1.4738746031227901     
          71          72   1.3876324186062796     
          72          73   1.0833223745043143     
          73          74   1.9380996584001056     
          72          75   1.3820897809770096     
          69          76   1.4133047788630684     
          75          76   1.4693044936008939     
          68          77   1.3688822574086565     
          77          78   1.1597083648431947     
          78          79   1.6938965810078666     
          77          80   1.3528202476009732     
          79          81   1.1642980630217512     
          80          81   1.4107965120617674     
          81          82   1.2893020073606671     
          82          83   1.2766977900462171     
          83          84   1.2734476279572053     
          84          85   1.5706200382395490     
          85          86   1.2645384349546676     
          83          87   1.2484799749162823     
          86          87   1.2229040812240528     
          86          88   1.3299161092033318     
          88          89   1.0608174077982051     
          89          90   1.4069156744861453     
          90          91   1.4749720299828364     
          91          92   1.3862192380447815     
          92          93   1.0842493746892687     
          93          94   1.9355299644160402     
          92          95   1.3812444221056626     
          89          96   1.4117587555629372     
          95          96   1.4704436859889285     
          88          97   1.3583402875800801     
          97          98   1.1514960445749396     
          98          99   1.7080365766204246     
          62         100   1.3892305249559243     
          99         100   1.1455502649578615     
          97         101   1.3790994443436060     
         100         101   1.3708779498957013     
          62         102  0.99606417913447098     
          64         103  0.99300789348986152     
          65         104  0.99889744612959452     
          67         105  0.96105919321676325     
          70         106  0.98836127671135010     
          71         107  0.98818011475764178     
          73         108  0.95449437154381722     
          75         109  0.98228653160418977     
          76         110  0.98785107066691635     
          78         111  0.99829225886664297     
          79         112  0.99927033111979358     
          84         113  0.99823205914531876     
          85         114  0.99798453359063621     
          87         115  0.96024226451151196     
          90         116  0.98833858952634890     
          91         117  0.98822162324310747     
          93         118  0.95468004724732258     
          95         119  0.98246156178003585     
          96         120  0.98811692118753902     
          98         121  0.99930070150982508     
          99         122  0.99353202376517891     
          21         123   1.2249930736852388     
         123         124   2.4557188205086882     
         124         125   1.3668425468212275     
         123         126  0.16455895447432936     
         125         126   2.3370088672271012     
         126         127   1.3951719258102369     
         125         128  0.15879441690592636     
         127         128   2.3354255875743530     
         128         129   1.3693001658894133     
         127         130  0.16397155995195334     
         129         130   2.4504674527531418     
         131         132   2.4536428390284217     
         132         133   1.3668334807014926     
         131         134  0.16463544552536535     
         133         134   2.3388911618857064     
         134         135   1.3924981797439355     
         133         136  0.15956359203478621     
         135         136   2.3406714491685263     
         136         137   1.3640919117891792     
          82         138   1.2219258063556488     
         135         138  0.16531989729544705     
         137         138   2.4594858267863469     
         130         139   1.2297201884635887     
         139         140   1.2720831183364854     
         140         141   1.2761447619487944     
         141         142   1.5673773315987842     
         142         143   1.2689199096964969     
         140         144   1.2519801383863616     
         143         144   1.2192756553028947     
         143         145   1.3277790050205085     
         145         146   1.0549022795239971     
         146         147   1.4107783675294026     
         147         148   1.4729811273315139     
         148         149   1.3884449952452147     
         149         150   1.0827943391579316     
         150         151   1.9393730624084107     
         149         152   1.3830254662060604     
         146         153   1.4154044669744135     
         152         153   1.4683431213496465     
         145         154   1.3762847680539438     
         154         155   1.1604181383454699     
         155         156   1.6917065810688516     
         154         157   1.3462648357476759     
         156         158   1.1664467649506438     
         157         158   1.4165909344734975     
         131         159   1.2272210657566485     
         158         159   1.2815910148058405     
         159         160   1.2732548711881131     
         160         161   1.2749961527884079     
         161         162   1.5689567082391451     
         162         163   1.2679608742324084     
         160         164   1.2519797787167468     
         163         164   1.2189032320537168     
         163         165   1.3291047626820549     
         165         166   1.0553626091649886     
         166         167   1.4152660684354363     
         167         168   1.4686423109142317     
         168         169   1.3830666339416564     
         169         170   1.0829338339187273     
         170         171   1.9390053360981527     
         169         172   1.3882637756304816     
         166         173   1.4104727253132168     
         172         173   1.4729452956294407     
         165         174   1.3749299937800836     
         174         175   1.1611893525529517     
         175         176   1.6904161199893746     
         139         177   1.2802262485630793     
         176         177   1.1672367538260104     
         174         178   1.3465367761248881     
         177         178   1.4170669099508997     
         141         179  0.99852341767295894     
         142         180  0.99878006584108781     
         144         181  0.96144765345824501     
         147         182  0.98838998938989198     
         148         183  0.98827595536439317     
         150         184  0.95454493075640456     
         152         185  0.98219671390368390     
         153         186  0.98767201573047403     
         155         187  0.99897803714880251     
         156         188  0.99949854279986849     
         161         189  0.99845514641483413     
         162         190  0.99867836285525435     
         164         191  0.96145848881139795     
         167         192  0.98783199817687217     
         168         193  0.98226500507582859     
         170         194  0.95456956442232332     
         172         195  0.98820615218971553     
         173         196  0.98824711321382874     
         175         197  0.99901311325841402     
         176         198  0.99959377200134891     
