   -0.02098118
    0.06258926
   -0.03410911
   -0.03163129
    0.06383393
   -0.15841587
    0.00999117
    0.06025967
   -0.03663576
   -0.03751581
   -0.28455772
    0.06499054
    0.01811459
    0.06723810
   -0.03236986
   -0.03134828
    0.06305713
    0.00957546
    0.00577044
   -0.02244496
   -0.02720516
   -0.02884565
   -0.02731359
   -0.02317027
    0.06144145
   -0.03700544
   -0.03934452
    0.05950379
   -0.28663916
   -0.15644513
    0.00579990
   -0.02357849
   -0.02758782
   -0.02877437
   -0.02680330
   -0.02196923
    0.02983115
    0.04011568
    0.03059529
    0.16443100
    0.02150938
    0.02569473
    0.03575027
    0.03114256
    0.02357929
    0.03025698
    0.03022298
    0.03057063
    0.02443514
    0.02084446
    0.02994161
    0.16320500
    0.02380915
    0.03003731
    0.03031809
    0.03097796
    0.02434427
   -0.02112363
    0.06255437
   -0.03419357
   -0.03167908
    0.06375316
   -0.15847373
    0.00993753
    0.06015152
   -0.03668248
   -0.03760927
   -0.28456236
    0.06493818
    0.01806595
    0.06715250
   -0.03249430
   -0.03143268
    0.06295834
    0.00950172
    0.00575898
   -0.02247505
   -0.02725881
   -0.02887112
   -0.02730169
   -0.02312679
    0.06137277
   -0.03703089
   -0.03939778
    0.05947607
   -0.28674144
   -0.15643207
    0.00580183
   -0.02356325
   -0.02760237
   -0.02877876
   -0.02681768
   -0.02194575
    0.02972437
    0.04001144
    0.03049040
    0.16437113
    0.02142387
    0.02566903
    0.03568506
    0.03101595
    0.02345817
    0.03015443
    0.03016791
    0.03061903
    0.02454278
    0.02078177
    0.02986196
    0.16314367
    0.02381105
    0.02999788
    0.03027843
    0.03094501
    0.02425403
   -0.01404304
   -0.01692135
   -0.01864976
   -0.01733070
   -0.02123858
   -0.01447147
   -0.01585526
   -0.01684824
   -0.02007475
   -0.01720446
   -0.02094857
   -0.01614770
   -0.01621890
   -0.01620155
   -0.02046766
   -0.01654625
   -0.02036694
   -0.01648016
   -0.01606951
   -0.01606595
   -0.02030018
   -0.01638464
   -0.02029622
   -0.01638737
   -0.01618426
   -0.01621695
   -0.02035163
   -0.01648390
   -0.02046851
   -0.01653509
   -0.01682664
   -0.01590363
   -0.02092066
   -0.01618705
   -0.02012705
   -0.01718321
   -0.01691463
   -0.01412182
   -0.02122072
   -0.01453108
   -0.01871877
   -0.01731575
    0.01482394
    0.06643701
   -0.03493175
   -0.03242120
    0.06130113
   -0.15613676
    0.01213275
    0.05876729
   -0.03736841
   -0.03892558
   -0.28425888
    0.06455017
    0.01674703
    0.06662135
   -0.03411403
   -0.03229938
    0.06153359
    0.01187599
    0.00643151
   -0.02285692
   -0.02733860
   -0.02892785
   -0.02706375
   -0.02187919
    0.05902791
   -0.03721810
   -0.03925582
    0.06434343
   -0.28499811
   -0.15562782
    0.00648442
   -0.02299856
   -0.02750901
   -0.02896189
   -0.02695335
   -0.02174386
    0.03315055
    0.02918276
    0.16316210
    0.01997301
    0.02411006
    0.03452599
    0.02967343
    0.02430965
    0.02999737
    0.02958368
    0.02994983
    0.02373232
    0.01984805
    0.02337285
    0.16303368
    0.02400097
    0.02964622
    0.02956884
    0.03023600
    0.02407264
    0.01568970
    0.06648358
   -0.03470332
   -0.03245237
    0.06119086
   -0.15576708
    0.01224134
    0.05866342
   -0.03735154
   -0.03912173
   -0.28447122
    0.06449699
    0.01611655
    0.06656905
   -0.03443168
   -0.03234501
    0.06127268
    0.01221278
    0.00652046
   -0.02283008
   -0.02737979
   -0.02895807
   -0.02704864
   -0.02177215
    0.05863890
   -0.03741582
   -0.03933435
    0.06440103
   -0.28455598
   -0.15572838
    0.00653135
   -0.02286417
   -0.02742443
   -0.02896406
   -0.02700700
   -0.02173835
    0.03377165
    0.02922389
    0.16302924
    0.01977628
    0.02375640
    0.03414111
    0.02941432
    0.02425768
    0.02983753
    0.02944687
    0.02991652
    0.02378555
    0.01961984
    0.02341264
    0.16300455
    0.02416130
    0.02971984
    0.02943964
    0.03002517
    0.02389973
    0.01631731
    0.06658894
   -0.03432751
   -0.03225738
    0.06143386
   -0.15565287
    0.01227681
    0.05884557
   -0.03725380
   -0.03902523
   -0.28437884
    0.06454638
    0.01629102
    0.06662105
   -0.03429190
   -0.03221242
    0.06143846
    0.01229589
    0.00650320
   -0.02283109
   -0.02735093
   -0.02890134
   -0.02698878
   -0.02175978
    0.05882911
   -0.03728646
   -0.03906642
    0.06450294
   -0.28435255
   -0.15568029
    0.00650431
   -0.02283652
   -0.02735845
   -0.02890458
   -0.02698284
   -0.02175882
    0.03417449
    0.02949144
    0.16310326
    0.01989548
    0.02383668
    0.03423967
    0.02954047
    0.02429108
    0.02988951
    0.02953998
    0.03004815
    0.02389631
    0.01985455
    0.02377664
    0.16310050
    0.02427308
    0.02986469
    0.02953676
    0.03006757
    0.02391434
    0.01629663
    0.06662111
   -0.03428740
   -0.03221287
    0.06144145
   -0.15568145
    0.01229947
    0.05883438
   -0.03728578
   -0.03905778
   -0.28434364
    0.06452012
    0.01632728
    0.06657919
   -0.03432365
   -0.03225314
    0.06143892
    0.01227364
    0.00649949
   -0.02283506
   -0.02735964
   -0.02890058
   -0.02698214
   -0.02175230
    0.05884880
   -0.03725055
   -0.03902377
    0.06454777
   -0.28437690
   -0.15565546
    0.00650705
   -0.02283572
   -0.02735001
   -0.02890325
   -0.02698516
   -0.02176301
    0.03424110
    0.02954627
    0.16310614
    0.01985943
    0.02378704
    0.03417919
    0.02949485
    0.02427363
    0.02986832
    0.02954029
    0.03007035
    0.02390752
    0.01989682
    0.02384116
    0.16310387
    0.02429723
    0.02988791
    0.02954024
    0.03005035
    0.02390218
    0.01610978
    0.06655973
   -0.03443193
   -0.03234393
    0.06127209
   -0.15574283
    0.01221528
    0.05864368
   -0.03741655
   -0.03932432
   -0.28453903
    0.06441217
    0.01572357
    0.06647332
   -0.03469478
   -0.03245270
    0.06119565
    0.01223663
    0.00652681
   -0.02285784
   -0.02742356
   -0.02895982
   -0.02700775
   -0.02173371
    0.05867002
   -0.03734710
   -0.03911949
    0.06451259
   -0.28446489
   -0.15576700
    0.00652266
   -0.02283210
   -0.02738083
   -0.02895861
   -0.02704470
   -0.02177348
    0.03413667
    0.02941886
    0.16301088
    0.01962234
    0.02342760
    0.03378133
    0.02922604
    0.02416867
    0.02972945
    0.02944178
    0.03002231
    0.02388202
    0.01977348
    0.02375886
    0.16303112
    0.02426327
    0.02983360
    0.02944630
    0.02991940
    0.02378675
    0.01667111
    0.06660755
   -0.03415227
   -0.03231064
    0.06149413
   -0.15565435
    0.01186109
    0.05897631
   -0.03722062
   -0.03928379
   -0.28495185
    0.06432104
    0.01488358
    0.06639289
   -0.03499184
   -0.03245838
    0.06124294
    0.01211634
    0.00646367
   -0.02294342
   -0.02748732
   -0.02895267
   -0.02698402
   -0.02174505
    0.05873131
   -0.03735614
   -0.03894474
    0.06455914
   -0.28427753
   -0.15608855
    0.00642406
   -0.02283082
   -0.02733557
   -0.02890354
   -0.02706503
   -0.02184693
    0.03449292
    0.02962671
    0.16300659
    0.01982132
    0.02343209
    0.03316151
    0.02911310
    0.02412636
    0.02972756
    0.02955933
    0.03018668
    0.02396948
    0.01995611
    0.02408752
    0.16312897
    0.02434273
    0.03000226
    0.02958739
    0.02995504
    0.02366622
