           2           3   1.3900721392702173     
           3           4   1.1978703994462905     
           4           5   1.6389782299501758     
           5           6   1.2064454165362573     
           1           7  0.71928607205527673     
           3           7   1.2458192604285223     
           6           7   1.2522459162027690     
           6           8   1.3591997357585470     
           8           9   1.3692436775089623     
           9          10   1.2085826553901269     
          10          11   1.6277309834634373     
           1          12  0.71805915229266204     
           9          12   1.2396551889262601     
          11          13   1.2219574732306682     
          12          13   1.2724175899112966     
          13          14   1.3033349647211721     
          14          15   1.3066293681847942     
          15          16   1.2197335418722033     
          16          17   1.6264258213969822     
          17          18   1.2110565096199333     
          18          19   1.3613763488893720     
          19          20   1.0478490477109410     
          20          21   1.4357332475845903     
          21          22   1.4293157592150865     
          22          23   1.0082111146441224     
          22          24   1.4378831773872311     
          24          25   1.4234663277822557     
          25          26   1.0083568284571793     
          20          27   1.4210897537958898     
          25          27   1.4437365306023957     
          19          28   1.3655720145330996     
          28          29   1.2050097384945304     
          29          30   1.6384785314133190     
           2          31   1.3846541584836343     
          30          31   1.1993808104719308     
           1          32  0.71767575651508519     
          28          32   1.2471191298811342     
          31          32   1.2514181560340347     
           1          33  0.71895893655478382     
          15          33   1.2667183383055189     
          18          33   1.2463606489040011     
           8          34   1.0462051910829460     
          34          35   1.4330080667490488     
          35          36   1.4322104684525097     
          36          37   1.0084447385348396     
          36          38   1.4342639195223474     
          38          39   1.4271895487983968     
          39          40   1.0085309952547645     
          34          41   1.4256172014224950     
          39          41   1.4395873941572710     
           2          42   1.0000933266608250     
           4          43  0.99628217595064283     
           5          44   1.0008305693618174     
          10          45   1.0005470321104497     
          11          46   1.0005504611371452     
          16          47  0.99963679266977867     
          17          48   1.0002439581736347     
          21          49  0.99748109571485533     
          23          50   1.0000746261466229     
          23          51  0.98883719912462809     
          23          52  0.99623281734329328     
          24          53  0.99545890493438483     
          26          54  0.99984946428995869     
          26          55  0.99457843567255289     
          26          56  0.98995389252978416     
          27          57  0.99611746433178705     
          29          58   1.0008534005982435     
          30          59  0.99613382049983001     
          35          60  0.99738421042034708     
          37          61   1.0003123277516928     
          37          62  0.99657378528525642     
          37          63  0.98810553961341285     
          38          64  0.99513011276585484     
          40          65  0.98918058177950863     
          40          66  0.99723621271005947     
          40          67  0.99795500679580262     
          41          68  0.99624244038330623     
          70          71   1.3900734619593194     
          71          72   1.1978728867175856     
          72          73   1.6389718191915088     
          73          74   1.2064495053578881     
          69          75  0.71928157605225596     
          71          75   1.2458156053014144     
          74          75   1.2522483191421303     
          74          76   1.3591943093725103     
          76          77   1.3692434343270432     
          77          78   1.2085807595297036     
          78          79   1.6277315020770093     
          69          80  0.71806065078173165     
          77          80   1.2396526964408228     
          79          81   1.2219560773513249     
          80          81   1.2724203957045994     
          81          82   1.3033321132737632     
          82          83   1.3066193297844875     
          83          84   1.2197348003365531     
          84          85   1.6264218396778549     
          85          86   1.2110578886408132     
          86          87   1.3613724418003876     
          87          88   1.0478584626352572     
          88          89   1.4357313216610608     
          89          90   1.4293162970086968     
          90          91   1.0082089467407351     
          90          92   1.4378859450141002     
          92          93   1.4234691086582241     
          93          94   1.0083542105142598     
          88          95   1.4210867112347301     
          93          95   1.4437358004035734     
          87          96   1.3655694964294680     
          96          97   1.2050147232681181     
          97          98   1.6384729343574631     
          70          99   1.3846550263604971     
          98          99   1.1993821002999843     
          69         100  0.71767115859005615     
          96         100   1.2471229008765610     
          99         100   1.2514158419699453     
          69         101  0.71896100121235396     
          83         101   1.2667214600002088     
          86         101   1.2463578877254287     
          76         102   1.0462083779966831     
         102         103   1.4330049858866276     
         103         104   1.4322112765947459     
         104         105   1.0084455240033199     
         104         106   1.4342622619331904     
         106         107   1.4271880231334031     
         107         108   1.0085324026403832     
         102         109   1.4256146235779035     
         107         109   1.4395884378302297     
          70         110   1.0000916403994478     
          72         111  0.99628221730291755     
          73         112   1.0008304961000631     
          78         113   1.0005469778876677     
          79         114   1.0005497016651086     
          84         115  0.99963715365342098     
          85         116   1.0002433639719770     
          89         117  0.99747712408632605     
          91         118   1.0000740880270234     
          91         119  0.98883817409623731     
          91         120  0.99623272683341424     
          92         121  0.99545809016015774     
          94         122  0.99984998872100550     
          94         123  0.99457704719041906     
          94         124  0.98995572304289403     
          95         125  0.99611776645308359     
          97         126   1.0008527199356836     
          98         127  0.99613239879944937     
         103         128  0.99738548435490726     
         105         129   1.0003130470566202     
         105         130  0.99657114192567553     
         105         131  0.98810633256079761     
         106         132  0.99512968743245855     
         108         133  0.98918060583815337     
         108         134  0.99723686327292527     
         108         135  0.99795326955141572     
         109         136  0.99624307454793215     
          14         137   1.2004731744573347     
          82         138   1.2004757966808299     
         137         138   2.6340919887742498     
