   -0.01696034
    0.06469361
   -0.03046709
   -0.03044416
    0.06527094
   -0.15619012
    0.01034477
    0.01783430
   -0.01427898
   -0.00717296
    0.04536097
    0.30033781
   -0.27102855
   -0.27160638
   -0.00776722
   -0.01576828
    0.06153318
   -0.03605854
   -0.03535090
   -0.28189538
    0.06648697
    0.02097157
    0.06842241
   -0.03030446
   -0.03079238
    0.06416357
   -0.15438924
    0.00984394
    0.01773137
   -0.01469301
   -0.00746198
    0.04520978
    0.30001533
   -0.27155963
   -0.27169946
   -0.00773026
   -0.01557523
    0.06308154
   -0.03598014
   -0.03580256
    0.06173437
   -0.28387898
    0.03592991
    0.04684287
    0.03777398
    0.16677024
    0.03881905
    0.05677996
    0.05621050
    0.03881889
    0.02818632
    0.03072123
    0.04054269
    0.03762609
    0.16563776
    0.03839105
    0.05630101
    0.05634350
    0.03902840
    0.02809740
    0.03678060
   -0.01690464
    0.06470374
   -0.03043226
   -0.03042086
    0.06529794
   -0.15615860
    0.01037198
    0.01782861
   -0.01426075
   -0.00711430
    0.04535218
    0.30035012
   -0.27083901
   -0.27172314
   -0.00781510
   -0.01581269
    0.06158350
   -0.03604602
   -0.03530556
   -0.28192176
    0.06650466
    0.02098343
    0.06847901
   -0.03024092
   -0.03075679
    0.06421556
   -0.15440463
    0.00987360
    0.01773869
   -0.01470751
   -0.00747991
    0.04521306
    0.30004010
   -0.27161970
   -0.27156143
   -0.00769253
   -0.01557210
    0.06310111
   -0.03597534
   -0.03578278
    0.06173834
   -0.28384278
    0.03596761
    0.04688353
    0.03782798
    0.16679329
    0.03896756
    0.05694915
    0.05613366
    0.03875440
    0.02821172
    0.03069791
    0.04054909
    0.03766564
    0.16567047
    0.03841145
    0.05627518
    0.05644129
    0.03904535
    0.02812600
    0.03681109
   -0.01033456
   -0.01198610
   -0.01480366
   -0.01436738
   -0.01626720
   -0.01274513
   -0.01120339
   -0.01183751
   -0.01550283
   -0.01425299
   -0.01604312
   -0.01356768
   -0.01141232
   -0.01137180
   -0.01571882
   -0.01381246
   -0.01560071
   -0.01378283
   -0.01125769
   -0.01115654
   -0.01555093
   -0.01361628
   -0.01541320
   -0.01368358
   -0.01113976
   -0.01114187
   -0.01541446
   -0.01360041
   -0.01541637
   -0.01359857
   -0.01115885
   -0.01126178
   -0.01541360
   -0.01368685
   -0.01555322
   -0.01362077
   -0.01137971
   -0.01140912
   -0.01560988
   -0.01378222
   -0.01571763
   -0.01382141
   -0.01185025
   -0.01118009
   -0.01604949
   -0.01355001
   -0.01547304
   -0.01426579
   -0.01198940
   -0.01030823
   -0.01628047
   -0.01272302
   -0.01478582
   -0.01437092
    0.01886437
    0.06795255
   -0.03208199
   -0.03149112
    0.06270515
   -0.15387693
    0.01236367
    0.01831136
   -0.01410314
   -0.00718977
    0.04529447
    0.30029339
   -0.27171584
   -0.27108455
   -0.00772821
   -0.01533656
    0.06045670
   -0.03641362
   -0.03621247
   -0.28171102
    0.06634229
    0.01993062
    0.06813559
   -0.03143854
   -0.03127657
    0.06291190
   -0.15369158
    0.01225295
    0.01826111
   -0.01522678
   -0.00754969
    0.04534308
    0.30033809
   -0.27137353
   -0.27135186
   -0.00727614
   -0.01420063
    0.06065750
   -0.03628801
   -0.03638496
    0.06620627
   -0.28208359
    0.03900640
    0.03639965
    0.16562139
    0.03878754
    0.05653792
    0.05599870
    0.03892085
    0.02727001
    0.02971056
    0.03997013
    0.03685922
    0.16552958
    0.03916549
    0.05634700
    0.05625373
    0.03848556
    0.02725802
    0.02943503
    0.01929416
    0.06802391
   -0.03181509
   -0.03139647
    0.06271969
   -0.15376795
    0.01239591
    0.01832976
   -0.01414113
   -0.00722350
    0.04529955
    0.30033500
   -0.27153467
   -0.27119557
   -0.00763476
   -0.01526262
    0.06044437
   -0.03640940
   -0.03633466
   -0.28186748
    0.06626464
    0.01954944
    0.06810690
   -0.03161057
   -0.03129506
    0.06277310
   -0.15378591
    0.01238403
    0.01832045
   -0.01523474
   -0.00759130
    0.04530630
    0.30034808
   -0.27127192
   -0.27143262
   -0.00725764
   -0.01416986
    0.06044673
   -0.03645991
   -0.03648559
    0.06617678
   -0.28189475
    0.03947699
    0.03658380
    0.16553712
    0.03868480
    0.05638926
    0.05611061
    0.03897941
    0.02716599
    0.02947966
    0.03975254
    0.03673115
    0.16551209
    0.03907994
    0.05622082
    0.05628651
    0.03856626
    0.02707360
    0.02925074
    0.01975255
    0.06811050
   -0.03152834
   -0.03122850
    0.06291745
   -0.15368905
    0.01243299
    0.01829862
   -0.01415055
   -0.00720650
    0.04534122
    0.30040905
   -0.27141519
   -0.27114042
   -0.00758805
   -0.01525105
    0.06059076
   -0.03632437
   -0.03626504
   -0.28179467
    0.06628425
    0.01968587
    0.06815897
   -0.03149837
   -0.03117568
    0.06291367
   -0.15373969
    0.01246266
    0.01829952
   -0.01524261
   -0.00757508
    0.04534718
    0.30041761
   -0.27115723
   -0.27138232
   -0.00721162
   -0.01414900
    0.06058095
   -0.03636035
   -0.03629973
    0.06624622
   -0.28173489
    0.03979918
    0.03680445
    0.16558534
    0.03869639
    0.05642960
    0.05622630
    0.03906528
    0.02727345
    0.02955792
    0.03985070
    0.03685066
    0.16557996
    0.03910104
    0.05626207
    0.05640105
    0.03865977
    0.02723922
    0.02950717
    0.01988419
    0.06817175
   -0.03141558
   -0.03112999
    0.06301100
   -0.15366619
    0.01248417
    0.01828011
   -0.01415044
   -0.00719092
    0.04537026
    0.30045683
   -0.27134768
   -0.27109292
   -0.00756434
   -0.01524770
    0.06067040
   -0.03627910
   -0.03621324
   -0.28171254
    0.06630088
    0.01984017
    0.06818488
   -0.03141780
   -0.03111589
    0.06300525
   -0.15368553
    0.01249637
    0.01828063
   -0.01524601
   -0.00756167
    0.04537230
    0.30045943
   -0.27109551
   -0.27134025
   -0.00719094
   -0.01414814
    0.06066760
   -0.03628907
   -0.03621621
    0.06629145
   -0.28168633
    0.03993574
    0.03692361
    0.16562178
    0.03871480
    0.05647066
    0.05629328
    0.03911197
    0.02734876
    0.02963166
    0.03993894
    0.03693262
    0.16562067
    0.03912046
    0.05630123
    0.05646501
    0.03870637
    0.02734210
    0.02962789
    0.01983778
    0.06818459
   -0.03141907
   -0.03111630
    0.06300363
   -0.15368587
    0.01249667
    0.01828116
   -0.01414807
   -0.00719073
    0.04537211
    0.30045943
   -0.27134087
   -0.27109503
   -0.00756184
   -0.01524578
    0.06066564
   -0.03629008
   -0.03621703
   -0.28168711
    0.06629159
    0.01988330
    0.06817032
   -0.03141692
   -0.03113080
    0.06301055
   -0.15366629
    0.01248276
    0.01827963
   -0.01524766
   -0.00756489
    0.04536989
    0.30045559
   -0.27109466
   -0.27134878
   -0.00719147
   -0.01415034
    0.06067040
   -0.03627964
   -0.03621413
    0.06630050
   -0.28171360
    0.03993764
    0.03693151
    0.16561998
    0.03870665
    0.05646493
    0.05630047
    0.03912054
    0.02734088
    0.02962467
    0.03993591
    0.03692138
    0.16562122
    0.03911131
    0.05629271
    0.05646933
    0.03871260
    0.02734818
    0.02963093
    0.01968287
    0.06815805
   -0.03150182
   -0.03117716
    0.06291072
   -0.15374073
    0.01246150
    0.01830029
   -0.01414881
   -0.00721145
    0.04534630
    0.30041695
   -0.27138501
   -0.27115643
   -0.00757597
   -0.01524273
    0.06057738
   -0.03636303
   -0.03630362
   -0.28173705
    0.06624453
    0.01974571
    0.06810935
   -0.03153385
   -0.03123085
    0.06291341
   -0.15369027
    0.01243296
    0.01829919
   -0.01525094
   -0.00758872
    0.04534009
    0.30040730
   -0.27114337
   -0.27141609
   -0.00720748
   -0.01415071
    0.06058708
   -0.03632646
   -0.03626687
    0.06628338
   -0.28179622
    0.03985173
    0.03684833
    0.16557892
    0.03866071
    0.05640093
    0.05625959
    0.03909974
    0.02723563
    0.02950299
    0.03979172
    0.03679984
    0.16558337
    0.03906313
    0.05622507
    0.05642713
    0.03869569
    0.02727033
    0.02955085
    0.01955344
    0.06810792
   -0.03161011
   -0.03129567
    0.06277170
   -0.15378349
    0.01238317
    0.01831985
   -0.01416898
   -0.00725470
    0.04530488
    0.30034680
   -0.27144422
   -0.27126018
   -0.00759567
   -0.01523736
    0.06044565
   -0.03646178
   -0.03648930
   -0.28189939
    0.06617827
    0.01927859
    0.06802299
   -0.03182327
   -0.03139754
    0.06271707
   -0.15377196
    0.01239653
    0.01832982
   -0.01526142
   -0.00763307
    0.04529883
    0.30033478
   -0.27120303
   -0.27152639
   -0.00722580
   -0.01414307
    0.06044281
   -0.03641083
   -0.03633498
    0.06626218
   -0.28186629
    0.03975432
    0.03673117
    0.16551082
    0.03857418
    0.05629646
    0.05621283
    0.03907294
    0.02706937
    0.02923025
    0.03948320
    0.03658114
    0.16553818
    0.03898078
    0.05611673
    0.05638481
    0.03868404
    0.02716748
    0.02948149
    0.01997026
    0.06813196
   -0.03142042
   -0.03126839
    0.06292650
   -0.15367770
    0.01226649
    0.01826239
   -0.01419197
   -0.00722812
    0.04532393
    0.30033907
   -0.27147166
   -0.27121347
   -0.00759684
   -0.01527185
    0.06068556
   -0.03629299
   -0.03636449
   -0.28212337
    0.06622432
    0.01883559
    0.06798568
   -0.03204205
   -0.03147136
    0.06274348
   -0.15391301
    0.01237058
    0.01831969
   -0.01534140
   -0.00769736
    0.04528464
    0.30030385
   -0.27115820
   -0.27159875
   -0.00721432
   -0.01412809
    0.06046663
   -0.03642328
   -0.03620383
    0.06633836
   -0.28170100
    0.03999448
    0.03689613
    0.16554556
    0.03860899
    0.05639020
    0.05626572
    0.03910269
    0.02725928
    0.02938533
    0.03898354
    0.03642838
    0.16564478
    0.03892585
    0.05607586
    0.05649783
    0.03880535
    0.02727740
    0.02971266
