    0.27741114
   -0.03285196
    0.05578894
   -0.04466166
   -0.03851542
    0.05450281
   -0.21559894
    0.00753951
   -0.00559476
   -0.02509806
   -0.04147064
    0.05639426
   -0.30942381
   -0.04252572
   -0.02629920
    0.05397092
   -0.03856898
   -0.03808283
   -0.21161461
    0.06041100
    0.00991431
    0.06041441
   -0.03812681
   -0.03862437
    0.05392386
   -0.21169008
    0.00755688
   -0.00560933
   -0.02499486
   -0.04141482
    0.05636168
   -0.30941669
   -0.04256867
   -0.02634392
    0.05449670
   -0.03848385
   -0.04467933
    0.05577711
   -0.21551202
    0.01499770
    0.02092998
    0.01371146
    0.01671290
    0.02430854
    0.16111711
    0.16031786
    0.02280284
    0.01514675
    0.01574383
    0.01681682
    0.01677027
    0.01551478
    0.01699579
    0.02451819
    0.16114094
    0.16017118
    0.02273004
    0.01501002
    0.01370566
    0.02092687
    0.26828537
   -0.03223610
    0.05585307
   -0.04444015
   -0.03855891
    0.05496991
   -0.21598404
    0.00757610
   -0.00548827
   -0.02526309
   -0.04159595
    0.05615071
   -0.30973641
   -0.04243810
   -0.02630510
    0.05447760
   -0.03849035
   -0.03783900
   -0.21204942
    0.06086340
    0.01085124
    0.06080520
   -0.03789594
   -0.03855376
    0.05442881
   -0.21212981
    0.00757979
   -0.00552223
   -0.02522262
   -0.04157138
    0.05614587
   -0.30973781
   -0.04248223
   -0.02634853
    0.05496996
   -0.03853015
   -0.04444357
    0.05585628
   -0.21595946
    0.01496894
    0.02096356
    0.01374574
    0.01681036
    0.02401999
    0.16072948
    0.16012355
    0.02283938
    0.01516851
    0.01520172
    0.01676180
    0.01661362
    0.01529498
    0.01682680
    0.02413685
    0.16077226
    0.16006734
    0.02279967
    0.01509315
    0.01374651
    0.02096030
   -0.03730883
   -0.03334386
   -0.03255394
   -0.03685257
    0.30869269
    0.00317151
    0.06027111
   -0.04103993
   -0.03855779
    0.05078128
   -0.21052415
    0.00920666
   -0.00459461
   -0.02567852
   -0.04193980
    0.05560578
   -0.31046527
   -0.04191559
   -0.02566100
    0.05074856
   -0.03866936
   -0.04113759
   -0.21067026
    0.06032249
    0.00289470
    0.06007921
   -0.04122034
   -0.03877481
    0.05064582
   -0.21046519
    0.00913603
   -0.00482910
   -0.02508862
   -0.04185615
    0.05623393
   -0.30958469
   -0.04191585
   -0.02510153
    0.05060628
   -0.03867467
   -0.04117386
    0.05992841
   -0.21032095
    0.01473807
    0.01454979
    0.01571896
    0.02285246
    0.15898674
    0.15915484
    0.02272288
    0.01548900
    0.01443737
    0.01470024
    0.01418635
    0.01341187
    0.01616588
    0.02335160
    0.15979971
    0.15978551
    0.02295166
    0.01613490
    0.01360220
    0.01443791
