   -0.02233377
    0.06143112
   -0.03552445
   -0.03217182
    0.06300533
   -0.15946920
    0.00990320
   -0.00729447
   -0.02511583
   -0.04015909
    0.05858018
   -0.30595436
   -0.04103557
   -0.02684902
    0.05902416
   -0.03744228
   -0.03900293
   -0.28562061
    0.06380519
    0.01681888
    0.06629268
   -0.03360925
   -0.03181576
    0.06211815
   -0.15728058
    0.00951998
   -0.00727179
   -0.02566184
   -0.04061968
    0.05860156
   -0.30566463
   -0.04059716
   -0.02626809
    0.06041455
   -0.03775954
   -0.04080179
    0.05817343
   -0.28783942
    0.02743969
    0.03778237
    0.02801266
    0.16311664
    0.02086855
    0.02921894
    0.16458686
    0.16516997
    0.02839275
    0.02057612
    0.01910372
    0.02346126
    0.03398713
    0.02860961
    0.16186397
    0.02002129
    0.02841956
    0.16469042
    0.16478070
    0.02920264
    0.02148709
    0.01854803
    0.02756485
   -0.02232617
    0.06142305
   -0.03553433
   -0.03219548
    0.06299985
   -0.15945276
    0.00991780
   -0.00726099
   -0.02517069
   -0.04020393
    0.05853232
   -0.30603806
   -0.04100351
   -0.02682302
    0.05902021
   -0.03747738
   -0.03900038
   -0.28565746
    0.06383427
    0.01676376
    0.06633261
   -0.03357476
   -0.03179978
    0.06213260
   -0.15729891
    0.00955848
   -0.00726276
   -0.02565470
   -0.04059587
    0.05859727
   -0.30566875
   -0.04062745
   -0.02629519
    0.06042771
   -0.03776629
   -0.04080753
    0.05816564
   -0.28782334
    0.02742171
    0.03776732
    0.02799227
    0.16313650
    0.02079458
    0.02908216
    0.16455549
    0.16505325
    0.02841711
    0.02061997
    0.01907737
    0.02340096
    0.03395993
    0.02864987
    0.16187883
    0.02005643
    0.02845515
    0.16470372
    0.16473789
    0.02910796
    0.02141934
    0.01853862
    0.02754890
   -0.01600164
   -0.01822305
   -0.02052991
   -0.01793452
   -0.02242329
   -0.01563099
   -0.01707765
   -0.01776299
   -0.02135322
   -0.01740771
   -0.02193398
   -0.01665112
   -0.01727679
   -0.01721114
   -0.02158208
   -0.01684366
   -0.02144547
   -0.01683008
   -0.01710202
   -0.01701526
   -0.02141299
   -0.01664278
   -0.02129999
   -0.01669860
   -0.01701396
   -0.01709850
   -0.02129957
   -0.01669675
   -0.02141066
   -0.01664176
   -0.01720688
   -0.01727484
   -0.02144003
   -0.01682802
   -0.02158120
   -0.01683962
   -0.01775082
   -0.01707968
   -0.02192064
   -0.01665510
   -0.02134976
   -0.01738973
   -0.01830886
   -0.01609702
   -0.02248920
   -0.01573852
   -0.02061586
   -0.01803487
    0.01448041
    0.06574083
   -0.03563238
   -0.03255496
    0.06079922
   -0.15662107
    0.01243850
   -0.00663334
   -0.02481772
   -0.04022415
    0.05866632
   -0.30591225
   -0.04074218
   -0.02606734
    0.05806016
   -0.03776740
   -0.03992948
   -0.28503688
    0.06358393
    0.01592952
    0.06587511
   -0.03499721
   -0.03246175
    0.06102842
   -0.15629387
    0.01219027
   -0.00666661
   -0.02600718
   -0.04065708
    0.05866108
   -0.30581705
   -0.04033880
   -0.02492259
    0.05811427
   -0.03780022
   -0.04035107
    0.06336560
   -0.28557410
    0.03202705
    0.02709705
    0.16200865
    0.02069174
    0.02869699
    0.16474897
    0.16439397
    0.02847485
    0.02119761
    0.01812638
    0.02243912
    0.03287233
    0.02744939
    0.16196022
    0.02135512
    0.02866331
    0.16459170
    0.16442403
    0.02849126
    0.02049209
    0.01782434
    0.02164160
    0.01527848
    0.06579971
   -0.03533987
   -0.03253304
    0.06087656
   -0.15639154
    0.01246201
   -0.00661307
   -0.02483660
   -0.04024447
    0.05866556
   -0.30589702
   -0.04070872
   -0.02602229
    0.05808267
   -0.03773966
   -0.04001351
   -0.28515818
    0.06357786
    0.01555454
    0.06589039
   -0.03513812
   -0.03243383
    0.06094631
   -0.15634653
    0.01245269
   -0.00661383
   -0.02599511
   -0.04066571
    0.05866528
   -0.30586325
   -0.04028830
   -0.02487042
    0.05803749
   -0.03781588
   -0.04017022
    0.06349615
   -0.28523034
    0.03236551
    0.02721780
    0.16202395
    0.02064736
    0.02861642
    0.16466824
    0.16435630
    0.02848829
    0.02125633
    0.01804929
    0.02224427
    0.03265898
    0.02737199
    0.16201933
    0.02132388
    0.02858335
    0.16459582
    0.16437730
    0.02852770
    0.02059043
    0.01790630
    0.02198151
    0.01581219
    0.06591453
   -0.03501121
   -0.03235615
    0.06111239
   -0.15627658
    0.01250731
   -0.00665146
   -0.02484829
   -0.04022616
    0.05872114
   -0.30580865
   -0.04065835
   -0.02601506
    0.05825242
   -0.03764246
   -0.03990979
   -0.28506450
    0.06363718
    0.01572652
    0.06595882
   -0.03500029
   -0.03230688
    0.06110559
   -0.15629531
    0.01254162
   -0.00664922
   -0.02600574
   -0.04064772
    0.05872753
   -0.30579017
   -0.04023312
   -0.02484624
    0.05822346
   -0.03768299
   -0.03993800
    0.06359392
   -0.28502556
    0.03273878
    0.02748112
    0.16212140
    0.02069374
    0.02868395
    0.16472270
    0.16444511
    0.02862193
    0.02134998
    0.01818384
    0.02234634
    0.03278159
    0.02752446
    0.16212344
    0.02136226
    0.02865111
    0.16471298
    0.16445810
    0.02866908
    0.02068976
    0.01813983
    0.02229647
    0.01589905
    0.06597309
   -0.03491956
   -0.03227018
    0.06118853
   -0.15624961
    0.01255576
   -0.00666670
   -0.02484876
   -0.04021365
    0.05874863
   -0.30576506
   -0.04063683
   -0.02600977
    0.05831329
   -0.03761334
   -0.03985844
   -0.28498667
    0.06365353
    0.01589682
    0.06597307
   -0.03491905
   -0.03226943
    0.06118750
   -0.15625004
    0.01255729
   -0.00666715
   -0.02601081
   -0.04063749
    0.05874972
   -0.30576396
   -0.04021320
   -0.02484830
    0.05831403
   -0.03761332
   -0.03985864
    0.06365257
   -0.28498535
    0.03285498
    0.02759024
    0.16216596
    0.02072195
    0.02872374
    0.16475661
    0.16448996
    0.02868443
    0.02138742
    0.01824420
    0.02241079
    0.03285768
    0.02759240
    0.16216515
    0.02138685
    0.02868449
    0.16475735
    0.16449107
    0.02872451
    0.02072170
    0.01824430
    0.02241064
    0.01573087
    0.06595854
   -0.03499806
   -0.03230680
    0.06110889
   -0.15629355
    0.01253998
   -0.00664929
   -0.02484731
   -0.04023361
    0.05872730
   -0.30579029
   -0.04064713
   -0.02600503
    0.05822724
   -0.03768215
   -0.03993460
   -0.28502629
    0.06359673
    0.01581504
    0.06591633
   -0.03500813
   -0.03235299
    0.06111398
   -0.15627344
    0.01250979
   -0.00665211
   -0.02601442
   -0.04065773
    0.05872229
   -0.30580609
   -0.04022465
   -0.02484877
    0.05825401
   -0.03764051
   -0.03990889
    0.06363763
   -0.28506367
    0.03278311
    0.02752451
    0.16212561
    0.02069127
    0.02866862
    0.16471281
    0.16445836
    0.02865181
    0.02136384
    0.01814157
    0.02229641
    0.03274892
    0.02748598
    0.16212265
    0.02135029
    0.02862345
    0.16472476
    0.16444622
    0.02868640
    0.02069355
    0.01818671
    0.02234801
    0.01555846
    0.06588829
   -0.03513788
   -0.03243372
    0.06094828
   -0.15634532
    0.01245374
   -0.00661314
   -0.02486751
   -0.04028861
    0.05866575
   -0.30586367
   -0.04066503
   -0.02599476
    0.05803856
   -0.03781354
   -0.04016456
   -0.28522508
    0.06350273
    0.01528909
    0.06580212
   -0.03532942
   -0.03252642
    0.06088594
   -0.15639172
    0.01246249
   -0.00661456
   -0.02602708
   -0.04071127
    0.05866791
   -0.30589228
   -0.04024170
   -0.02483477
    0.05808866
   -0.03773777
   -0.04001063
    0.06358168
   -0.28515529
    0.03266385
    0.02737322
    0.16202212
    0.02058931
    0.02852458
    0.16459386
    0.16437878
    0.02858556
    0.02132603
    0.01790740
    0.02197904
    0.03238712
    0.02723124
    0.16202911
    0.02125193
    0.02848321
    0.16467325
    0.16435677
    0.02862311
    0.02065296
    0.01805025
    0.02224222
    0.01594122
    0.06587636
   -0.03499895
   -0.03247197
    0.06103486
   -0.15627419
    0.01222084
   -0.00663760
   -0.02497897
   -0.04037429
    0.05861183
   -0.30589960
   -0.04063213
   -0.02599805
    0.05811340
   -0.03782837
   -0.04034014
   -0.28560904
    0.06339965
    0.01444066
    0.06578432
   -0.03559121
   -0.03253387
    0.06082025
   -0.15663081
    0.01248257
   -0.00662050
   -0.02609886
   -0.04076829
    0.05864706
   -0.30594002
   -0.04020670
   -0.02482478
    0.05807384
   -0.03777642
   -0.03993483
    0.06358082
   -0.28502814
    0.03287602
    0.02744389
    0.16198297
    0.02044445
    0.02838103
    0.16448714
    0.16438502
    0.02867104
    0.02137684
    0.01781954
    0.02160546
    0.03199492
    0.02713746
    0.16202700
    0.02112754
    0.02837439
    0.16474254
    0.16433679
    0.02872109
    0.02073573
    0.01812016
    0.02241305
