           1           2   1.3659592665728162     
           2           3   1.2470662308554330     
           3           4   1.5883792281956866     
           4           5   1.2619856472917261     
           2           6   1.2237857853520642     
           5           6   1.2488306911674458     
           5           7   1.2923595919490085     
           7           8   1.1847577560490408     
           8           9   2.6616048707567663     
           9          10   1.1530625031262949     
          10          11   1.3739624695529109     
          11          12   1.4622319188887403     
          12          13   1.4703526737441157     
          13          14   1.4704529765095398     
          10          15   1.3748882542669374     
          14          15   1.4617091103630719     
           7          16   1.3166075731574327     
          16          17   1.1631824675719362     
          17          18   1.6945039243422431     
          16          19   1.3821877556565012     
          18          20   1.1629745361970369     
          19          20   1.3920970009915810     
          20          21   1.3035501472014241     
          21          22   1.2861607822877659     
          22          23   1.2703635200714638     
          23          24   1.5766082126635073     
          24          25   1.2680186440496866     
          22          26   1.2416751627094369     
          25          26   1.2387946483054268     
          25          27   1.2970796094985091     
          27          28   1.1883590594362099     
          28          29   2.6574418733310332     
          29          30   1.1543633931277331     
          30          31   1.3733830394881068     
          31          32   1.4624181965967959     
          32          33   1.4700068282683756     
          33          34   1.4699699352728084     
          30          35   1.3735766839339729     
          34          35   1.4624132146884112     
          27          36   1.3022188744732939     
          36          37   1.1558930229028037     
          37          38   1.7066424514214746     
           1          39   1.4000054616740465     
          38          39   1.1459378974503414     
          36          40   1.4118590629350309     
          39          40   1.3544758637363945     
           1          41  0.99533685437635189     
           3          42  0.99189568316156640     
           4          43  0.99924454143544605     
           6          44  0.96098858497581963     
          11          45  0.98803509627610531     
          12          46  0.98157508095611101     
          14          47  0.98143400051256158     
          15          48  0.98766686795274605     
          17          49  0.99947685842916856     
          18          50  0.99862061207943764     
          23          51  0.99757511696678824     
          24          52  0.99857188139578834     
          26          53  0.95990905720067909     
          31          54  0.98774296504897718     
          32          55  0.98147785447176872     
          34          56  0.98162332321888424     
          35          57  0.98802059916763463     
          37          58   1.0001991404216555     
          38          59  0.99241758759816900     
          60          61   1.3655597606397798     
          61          62   1.2471393347674620     
          62          63   1.5881661191357708     
          63          64   1.2622154394581859     
          61          65   1.2241550884381489     
          64          65   1.2484027238247077     
          64          66   1.2925692489434955     
          66          67   1.1845514835867241     
          67          68   2.6619763486540986     
          68          69   1.1529313465988578     
          69          70   1.3743030339586892     
          70          71   1.4620515487005961     
          71          72   1.4705625487922296     
          72          73   1.4703970167934439     
          69          74   1.3748215788799740     
          73          74   1.4617480399469776     
          66          75   1.3171842953966699     
          75          76   1.1632970644378768     
          76          77   1.6943221018845851     
          75          78   1.3811506588399411     
          77          79   1.1631260400593364     
          78          79   1.3934531259355583     
          79          80   1.3019088837376787     
          80          81   1.2849688152363181     
          81          82   1.2710205545059601     
          82          83   1.5757555541939208     
          83          84   1.2685444255114842     
          81          85   1.2421602709325501     
          84          85   1.2385174163042056     
          84          86   1.2967816841041959     
          86          87   1.1883441980329912     
          87          88   2.6575391204411782     
          88          89   1.1543304746283123     
          89          90   1.3736386777988092     
          90          91   1.4622594479714601     
          91          92   1.4701799840843222     
          92          93   1.4698187675660597     
          89          94   1.3734079191323167     
          93          94   1.4625527648028875     
          86          95   1.3026584910593726     
          95          96   1.1557416523298292     
          96          97   1.7069015668393952     
          60          98   1.4000071399900427     
          97          98   1.1458081938159179     
          95          99   1.4114259844534824     
          98          99   1.3547415677198940     
          60         100  0.99533079661609036     
          62         101  0.99191889255332466     
          63         102  0.99916276166310969     
          65         103  0.96097411967041191     
          70         104  0.98794768018002177     
          71         105  0.98159991486602105     
          73         106  0.98138946238285218     
          74         107  0.98774839366646983     
          76         108  0.99955747510177695     
          77         109  0.99867001122147459     
          82         110  0.99758207449054825     
          83         111  0.99851467507523550     
          85         112  0.95994073858436058     
          90         113  0.98767659746795422     
          91         114  0.98150682301728154     
          93         115  0.98161010321869635     
          94         116  0.98810044411766762     
          96         117   1.0002999496109508     
          97         118  0.99241531149752427     
         119         120   2.3882322844730899     
         120         121   1.3453206056816338     
          21         122   1.2102451451905625     
         119         122  0.17227278176308766     
         121         122   2.4861838370766951     
         119         123   1.3466885846591568     
         120         124  0.17185504573858162     
         123         124   2.4820564549853730     
         125         126   2.3718088060495681     
         126         127   1.3591139124907927     
         125         128  0.17069487782898740     
         127         128   2.4680354175556500     
         125         129   1.3593961967023993     
         126         130  0.17069816273075633     
         129         130   2.4675049576863906     
         131         132   2.3714303424256622     
         132         133   1.3595831018940943     
         131         134  0.17070235545501508     
         133         134   2.4672810617348797     
         131         135   1.3595485542299788     
         132         136  0.17073729704437193     
         135         136   2.4674659784850288     
         137         138   2.3715120521409876     
         138         139   1.3594903035679242     
         137         140  0.17075548536011453     
         139         140   2.4675412061171396     
         137         141   1.3595235994086656     
         138         142  0.17072613119921604     
         141         142   2.4673699451091289     
         143         144   2.3716203721070355     
         144         145   1.3594856912000324     
         143         146  0.17067735918672314     
         145         146   2.4673996622618919     
         143         147   1.3592735811204273     
         144         148  0.17066300193045791     
         147         148   2.4677875886901530     
         149         150   2.3854070206105811     
         150         151   1.3489886474572357     
         149         152  0.17168241454551089     
         151         152   2.4793914221518660     
         149         153   1.3476443797062803     
          80         154   1.2126543470137070     
         150         154  0.17207104683865546     
         153         154   2.4833598454498853     
         124         155   1.2141802616599424     
         155         156   1.2795064451071456     
         156         157   1.2749373300360927     
         157         158   1.5702089571613809     
         158         159   1.2737833990080987     
         156         160   1.2442312980454400     
         159         160   1.2378392867504933     
         159         161   1.2903114312017954     
         161         162   1.1840816958410978     
         162         163   2.6634198246358953     
         163         164   1.1525902873811746     
         164         165   1.3753619566191992     
         165         166   1.4613824170966481     
         166         167   1.4708479055102854     
         167         168   1.4707039810288276     
         164         169   1.3746599495243201     
         168         169   1.4618073181957245     
         161         170   1.3216280401047367     
         170         171   1.1639303489563746     
         171         172   1.6923321016742572     
         170         173   1.3765704043399722     
         172         174   1.1652635187431999     
         173         174   1.3986043644671808     
         128         175   1.2262826186482214     
         174         175   1.2943820770707715     
         175         176   1.2754945724478612     
         176         177   1.2773713438070118     
         177         178   1.5677984270120646     
         178         179   1.2750889186577952     
         176         180   1.2450843903716009     
         179         180   1.2383906826777682     
         179         181   1.2884394780197566     
         181         182   1.1848308950569766     
         182         183   2.6623193686562034     
         183         184   1.1529584203828878     
         184         185   1.3747430122969972     
         185         186   1.4617696446049422     
         186         187   1.4705310361793753     
         187         188   1.4706493209642189     
         184         189   1.3746249058807800     
         188         189   1.4617792407355501     
         181         190   1.3212447532935934     
         190         191   1.1626868357397080     
         191         192   1.6943413484962768     
         155         193   1.3010930951736037     
         192         193   1.1638812884812073     
         190         194   1.3791605813377523     
         193         194   1.3939183478495203     
         157         195  0.99775682238969055     
         158         196  0.99907921005293299     
         160         197  0.96068731130260077     
         165         198  0.98775597570795726     
         166         199  0.98143300073128226     
         168         200  0.98152950256975879     
         169         201  0.98790728812385087     
         171         202  0.99982929934480769     
         172         203  0.99883451911312715     
         177         204  0.99771636896870430     
         178         205  0.99896573622330631     
         180         206  0.96088334921675822     
         185         207  0.98795989915728455     
         186         208  0.98155058899225434     
         188         209  0.98147430929000301     
         189         210  0.98775547863458368     
         191         211  0.99997295341549919     
         192         212  0.99876617371240672     
         130         213   1.2266838982867938     
         213         214   1.2747413032827069     
         214         215   1.2774429394174949     
         215         216   1.5676777195283595     
         216         217   1.2754488400920345     
         214         218   1.2458965001080227     
         217         218   1.2372925058642266     
         217         219   1.2890580016644955     
         219         220   1.1843169220579790     
         220         221   2.6632204880095696     
         221         222   1.1526583338034966     
         222         223   1.3751633656712912     
         223         224   1.4615285577138810     
         224         225   1.4707080495829357     
         225         226   1.4707443840856298     
         222         227   1.3747576646539905     
         226         227   1.4617271236074088     
         219         228   1.3225492039117190     
         228         229   1.1641005678974838     
         229         230   1.6919835021665626     
         228         231   1.3754678308726747     
         230         232   1.1655101714358229     
         231         232   1.3993841999599794     
         134         233   1.2268910653972183     
         232         233   1.2932788541047171     
         233         234   1.2749704176842727     
         234         235   1.2774593247715302     
         235         236   1.5677410572377437     
         236         237   1.2754402720170377     
         234         238   1.2457669742691480     
         237         238   1.2375447573171985     
         237         239   1.2888451615487084     
         239         240   1.1842922744603812     
         240         241   2.6632398188651929     
         241         242   1.1526437123493620     
         242         243   1.3749519844147660     
         243         244   1.4616931797469321     
         244         245   1.4705729616494381     
         245         246   1.4708877224888124     
         242         247   1.3749884138388764     
         246         247   1.4615566206669146     
         239         248   1.3228009661787008     
         248         249   1.1640063514259400     
         249         250   1.6920681773942152     
         213         251   1.2933434292235924     
         250         251   1.1654539541650564     
         248         252   1.3753744045855409     
         251         252   1.3993384659819772     
         215         253  0.99783623476974936     
         216         254  0.99909691286607660     
         218         255  0.96082741616738543     
         223         256  0.98785535650479439     
         224         257  0.98148893558378636     
         226         258  0.98153298075586648     
         227         259  0.98786132469762844     
         229         260  0.99992354426199603     
         230         261  0.99888705155200819     
         235         262  0.99778416023153693     
         236         263  0.99902965341341476     
         238         264  0.96085356114778064     
         243         265  0.98794136125118570     
         244         266  0.98151275856721609     
         246         267  0.98150861372477782     
         247         268  0.98777838447226374     
         249         269  0.99998223649005957     
         250         270  0.99892821355770522     
         136         271   1.2267010879157771     
         271         272   1.2753455565004590     
         272         273   1.2771337786078298     
         273         274   1.5682522034603179     
         274         275   1.2751631161782302     
         272         276   1.2458096092475490     
         275         276   1.2374462180002730     
         275         277   1.2893509026143068     
         277         278   1.1842721863868573     
         278         279   2.6632969880403956     
         279         280   1.1526074649761426     
         280         281   1.3751076013726600     
         281         282   1.4615771434030915     
         282         283   1.4706752606071543     
         283         284   1.4708434748373778     
         280         285   1.3748871684026307     
         284         285   1.4616114908944384     
         277         286   1.3224162948921789     
         286         287   1.1641776049705868     
         287         288   1.6919094102202252     
         286         289   1.3755805524819957     
         288         290   1.1655615683421321     
         289         290   1.3993535034013274     
         140         291   1.2266524564811323     
         290         291   1.2932436871379294     
         291         292   1.2754046454202088     
         292         293   1.2771331967442972     
         293         294   1.5682622616734891     
         294         295   1.2751612009057163     
         292         296   1.2457689716649101     
         295         296   1.2374623470794910     
         295         297   1.2893332987452049     
         297         298   1.1842641588648029     
         298         299   2.6633046980262294     
         299         300   1.1525990915797446     
         300         301   1.3750811439182613     
         301         302   1.4615999871227001     
         302         303   1.4706524914519881     
         303         304   1.4708687299012655     
         300         305   1.3749191670265941     
         304         305   1.4615872961954943     
         297         306   1.3224286960435638     
         306         307   1.1641680475918330     
         307         308   1.6919055703597019     
         271         309   1.2932496682259167     
         308         309   1.1655640745931648     
         306         310   1.3755865231361193     
         309         310   1.3993539021616146     
         273         311  0.99779037743613364     
         274         312  0.99905135489629249     
         276         313  0.96082529690585172     
         281         314  0.98787647932309164     
         282         315  0.98149587150944784     
         284         316  0.98150564623185066     
         285         317  0.98782117484137288     
         287         318  0.99992581643614964     
         288         319  0.99890514876844283     
         293         320  0.99778415121594022     
         294         321  0.99905795217024351     
         296         322  0.96082836569077679     
         301         323  0.98788074153171024     
         302         324  0.98149502257922128     
         304         325  0.98150553243541316     
         305         326  0.98781708316990646     
         307         327  0.99992001863803059     
         308         328  0.99890405366571011     
         142         329   1.2268342045548901     
         329         330   1.2750711134246515     
         330         331   1.2773703144375581     
         331         332   1.5678898848263330     
         332         333   1.2753331601935791     
         330         334   1.2457899965163519     
         333         334   1.2375118671326755     
         333         335   1.2889982535570756     
         335         336   1.1842745926336939     
         336         337   2.6632371101358863     
         337         338   1.1526767361874908     
         338         339   1.3750003294181687     
         339         340   1.4616543932446966     
         340         341   1.4706081697892615     
         341         342   1.4708582987669108     
         338         343   1.3749297017984947     
         342         343   1.4615887936977239     
         335         344   1.3226845867657979     
         344         345   1.1640390706154886     
         345         346   1.6919932802080468     
         344         347   1.3754729742489897     
         346         348   1.1655311828179531     
         347         348   1.3992781772041527     
         146         349   1.2267614196042198     
         348         349   1.2933335610310455     
         349         350   1.2747936298843721     
         350         351   1.2774656660784587     
         351         352   1.5677201353672798     
         352         353   1.2754133877166061     
         350         354   1.2458324986003206     
         353         354   1.2373807206864471     
         353         355   1.2890101879793250     
         355         356   1.1842942390581592     
         356         357   2.6632322267505488     
         357         358   1.1526615847907720     
         358         359   1.3751331048308728     
         359         360   1.4615794535797983     
         360         361   1.4706648103729272     
         361         362   1.4707888736828201     
         358         363   1.3747889124161872     
         362         363   1.4616761780479124     
         355         364   1.3225987740973397     
         364         365   1.1640860194451346     
         365         366   1.6919773859757514     
         329         367   1.2932672361163513     
         366         367   1.1655442795912785     
         364         368   1.3754942479325885     
         367         368   1.3993322359424269     
         331         369  0.99777287522166258     
         332         370  0.99903959293795830     
         334         371  0.96084887740262603     
         339         372  0.98792701627007162     
         340         373  0.98151573250550339     
         342         374  0.98150548606131571     
         343         375  0.98779017743191866     
         345         376  0.99997758883588150     
         346         377  0.99891894676894821     
         351         378  0.99783358974939385     
         352         379  0.99910706478911060     
         354         380  0.96082803194147415     
         359         381  0.98784566381782679     
         360         382  0.98149556069495969     
         362         383  0.98152604014632017     
         363         384  0.98786974009014461     
         365         385  0.99991499558300312     
         366         386  0.99889819000171232     
         148         387   1.2264754930433139     
         387         388   1.2752012549651113     
         388         389   1.2775068457131076     
         389         390   1.5675913979338767     
         390         391   1.2752825055841241     
         388         392   1.2452673999196351     
         391         392   1.2381917654484926     
         391         393   1.2884108302355157     
         393         394   1.1847308203748210     
         394         395   2.6624781321322355     
         395         396   1.1529198067315034     
         396         397   1.3747200661104193     
         397         398   1.4618088951730503     
         398         399   1.4704866297795984     
         399         400   1.4707221535636603     
         396         401   1.3747381166904977     
         400         401   1.4617080011893053     
         393         402   1.3216559325326380     
         402         403   1.1629405169870035     
         403         404   1.6939490062111719     
         402         405   1.3782857396521959     
         404         406   1.1641308568498610     
         405         406   1.3950771267785911     
         152         407   1.2165289468323666     
         406         407   1.2994018244538672     
         407         408   1.2787046559868389     
         408         409   1.2754748582031281     
         409         410   1.5695989443463774     
         410         411   1.2741515426886727     
         408         412   1.2444890376523425     
         411         412   1.2377401700855697     
         411         413   1.2899828200007033     
         413         414   1.1841367552684410     
         414         415   2.6633650121427097     
         415         416   1.1526135778224922     
         416         417   1.3752745021763162     
         417         418   1.4614465643002690     
         418         419   1.4707883774700012     
         419         420   1.4707161694862805     
         416         421   1.3747053729542196     
         420         421   1.4617902025473895     
         413         422   1.3218442978679661     
         422         423   1.1639426462455438     
         423         424   1.6922842163837866     
         387         425   1.2941973966979994     
         424         425   1.1652950058963127     
         422         426   1.3763236557406706     
         425         426   1.3987497474754447     
         389         427  0.99773625349266737     
         390         428  0.99896852312440465     
         392         429  0.96088222634947540     
         397         430  0.98797639095985312     
         398         431  0.98154698422173559     
         400         432  0.98148559174431671     
         401         433  0.98774487488585616     
         403         434  0.99998396581424731     
         404         435  0.99884506089694203     
         409         436  0.99774439594906694     
         410         437  0.99910892940625884     
         412         438  0.96072397800371190     
         417         439  0.98778176548749685     
         418         440  0.98144039783757753     
         420         441  0.98154211414169279     
         421         442  0.98790061080710634     
         423         443  0.99984819802229830     
         424         444  0.99884576919405921     
