           1           2   1.3757268604230299     
           2           3   1.2398921636578484     
           3           4   1.6002872113521489     
           4           5   1.2492008045702134     
           2           6   1.2288046351078501     
           5           6   1.2265028337560433     
           5           7   1.3511881908652104     
           7           8   1.3716915509844712     
           8           9   1.1629689388501323     
           9          10   1.6910141149094537     
           8          11   1.3533590096984478     
          10          12   1.1696649671702204     
          11          12   1.4107508514074674     
          12          13   1.2942833253760924     
          13          14   1.2953959502490939     
          14          15   1.2676957898642851     
          15          16   1.5843454672106509     
          16          17   1.2573492402766209     
          17          18   1.3484569081197948     
          18          19   1.0341819943958119     
          19          20   1.4059132605516507     
          20          21   1.1178453534213459     
          21          22  0.97702870051490998     
          20          23   1.3587718610286759     
          23          24   1.4703004751355704     
          24          25   1.4119627199996660     
          19          26   1.3519863493614162     
          25          26   1.4100462336238639     
          26          27   1.1163322380907963     
          27          28  0.98249490586811361     
          18          29   1.3657207076772537     
          29          30   1.1532477316997658     
          30          31   1.7075083179177142     
           1          32   1.3833680877697154     
          31          32   1.1484915070175901     
          29          33   1.3726850181895669     
          32          33   1.3754334288547698     
          14          34   1.2476377037169517     
          17          34   1.2239526620737358     
           7          35   1.0299205712775710     
          35          36   1.4081026201535909     
          36          37   1.1204493090583711     
          37          38  0.97778446236643468     
          36          39   1.3550432154304326     
          39          40   1.4727812247122603     
          40          41   1.4103878662852281     
          35          42   1.3521357189821175     
          41          42   1.4105643810960351     
          42          43   1.1162626635807478     
          43          44  0.98270875548296366     
           1          45  0.99622068119311291     
           3          46  0.99390236594792525     
           4          47  0.99893988774116738     
           6          48  0.96215878623489759     
           9          49  0.99856088496478601     
          10          50   1.0004647411734082     
          15          51  0.99938594932679903     
          16          52  0.99819906171203987     
          22          53   1.0010269411903339     
          22          54  0.98340282851816718     
          22          55  0.99943445486477644     
          23          56  0.98401458647448015     
          24          57  0.98522369088469020     
          25          58  0.98755266412479448     
          28          59  0.98560839055627580     
          28          60  0.99573946325476026     
          28          61  0.99605813399139231     
          30          62  0.99968358595643270     
          31          63  0.99426826059910767     
          34          64  0.96124895366828322     
          38          65  0.99936248910866232     
          38          66  0.98358056522172865     
          38          67   1.0008462072323923     
          39          68  0.98381537231981631     
          40          69  0.98526991598823499     
          41          70  0.98751104010560420     
          44          71  0.99647947562006967     
          44          72  0.98568340212610939     
          44          73  0.99554363520751699     
          74          75   1.3758271066595218     
          75          76   1.2396580213352599     
          76          77   1.6015727243868965     
          77          78   1.2488668327145422     
          75          79   1.2293236726322396     
          78          79   1.2256178864537517     
          78          80   1.3523951518923465     
          80          81   1.3728225239526737     
          81          82   1.1628155112954164     
          82          83   1.6906874362740318     
          81          84   1.3536132563032530     
          83          85   1.1701980993222640     
          84          85   1.4114777846374151     
          85          86   1.2929069839144862     
          86          87   1.2944506965412927     
          87          88   1.2688288574210560     
          88          89   1.5838717110718168     
          89          90   1.2577970945481647     
          90          91   1.3485492867393820     
          91          92   1.0301739366079568     
          92          93   1.4079188081052578     
          93          94   1.1200050723418660     
          94          95  0.97757464786403447     
          93          96   1.3555072173949909     
          96          97   1.4723928597662534     
          97          98   1.4106261562205986     
          92          99   1.3523453810126063     
          98          99   1.4103322964319984     
          99         100   1.1161848738480837     
         100         101  0.98285722443379964     
          91         102   1.3673743155550118     
         102         103   1.1527634400637334     
         103         104   1.7078164533499178     
          74         105   1.3828982782226646     
         104         105   1.1485634044916315     
         102         106   1.3724872941791708     
         105         106   1.3756364150030700     
          87         107   1.2482078356680988     
          90         107   1.2240768758032317     
          80         108   1.0255330162035821     
         108         109   1.4099876164071108     
         109         110   1.1214385348358096     
         110         111  0.97809714597566733     
         109         112   1.3531443553012297     
         112         113   1.4739441126834529     
         113         114   1.4099428833754206     
         108         115   1.3531578537261857     
         114         115   1.4104022662616367     
         115         116   1.1162284891128968     
         116         117  0.98302472952541109     
          74         118  0.99616192781162816     
          76         119  0.99393114795429394     
          77         120  0.99862289455089204     
          79         121  0.96241196531650608     
          82         122  0.99839897281298706     
          83         123   1.0001693754244987     
          88         124  0.99950889444644686     
          89         125  0.99847907214614195     
          95         126   1.0005211767725057     
          95         127  0.98349332590347738     
          95         128  0.99966162383415880     
          96         129  0.98388611921931746     
          97         130  0.98531886336832897     
          98         131  0.98757852571634119     
         101         132  0.98558292929511859     
         101         133  0.99598021769589118     
         101         134  0.99598428718962206     
         103         135  0.99958315750784743     
         104         136  0.99438040286358076     
         107         137  0.96150308772989967     
         111         138   1.0002461772578564     
         111         139  0.98367757280459300     
         111         140  0.99966641961193137     
         112         141  0.98369358197470202     
         113         142  0.98522353916548111     
         114         143  0.98743077611096874     
         117         144  0.99631107283398368     
         117         145  0.98576287564090825     
         117         146  0.99577333114159194     
          13         147   1.2059075042854768     
         147         148   2.6192868191135839     
         149         150   2.6111341675493520     
         151         152   2.6045836432223650     
         153         154   2.6021885136648084     
         155         156   2.6037060796132239     
         157         158   2.6070705120293862     
          86         160   1.2088947378943624     
         159         160   2.6168372445492376     
         148         161   1.2073532643089897     
         161         162   1.2908322202517999     
         162         163   1.2686021521820141     
         163         164   1.5816908967866767     
         164         165   1.2589929873208334     
         162         166   1.2533718553265976     
         165         166   1.2236190583240445     
         165         167   1.3447688416823682     
         167         168   1.3762835243889511     
         168         169   1.1602265453944398     
         169         170   1.6913728363238931     
         168         171   1.3528399123085739     
         170         172   1.1682549853009576     
         171         172   1.4177382484459478     
         149         173   1.2137353809510176     
         172         173   1.2906065822427941     
         173         174   1.2880077310232778     
         174         175   1.2728532984457250     
         175         176   1.5778210480571064     
         176         177   1.2632780545039439     
         177         178   1.3406745551655872     
         178         179   1.0324525906114894     
         179         180   1.3518736089482977     
         180         181   1.1167125420271309     
         181         182  0.98279783361754214     
         180         183   1.4106429596538008     
         183         184   1.4105574947054749     
         184         185   1.4721963351292253     
         179         186   1.4071414168044669     
         185         186   1.3558796506080564     
         186         187   1.1206148290513647     
         187         188  0.97742000988622058     
         178         189   1.3813083472219196     
         189         190   1.1620562516977537     
         190         191   1.6917779305539864     
         161         192   1.2904539211489270     
         191         192   1.1692232109918530     
         189         193   1.3477841556011192     
         192         193   1.4154998500999534     
         174         194   1.2499263857150233     
         177         194   1.2240952718359914     
         167         195   1.0382715176659441     
         195         196   1.3781007965873742     
         196         197   1.1168071413832878     
         197         198  0.98239415527117568     
         196         199   1.3882402984010804     
         199         200   1.4385593637312371     
         200         201   1.4395407011218193     
         195         202   1.3765974269672798     
         201         202   1.3872940732248928     
         202         203   1.1207274240374485     
         203         204  0.98236203553051193     
         163         205  0.99958393557389735     
         164         206  0.99952773764500491     
         166         207  0.96289156419576105     
         169         208   1.0000905407639831     
         170         209   1.0001149681748236     
         175         210  0.99944194360844463     
         176         211  0.99885206289779960     
         182         212  0.98562486285456685     
         182         213  0.99623046152320249     
         182         214  0.99575945765818252     
         183         215  0.98762804871637366     
         184         216  0.98536893329106723     
         185         217  0.98403430659580438     
         188         218  0.98347717399248458     
         188         219  0.99928108630614720     
         188         220   1.0004869280757003     
         190         221  0.99950392524003606     
         191         222   1.0008707148584688     
         194         223  0.96228904441068353     
         198         224  0.99591744627057477     
         198         225  0.99664263612717596     
         198         226  0.98626061916631325     
         199         227  0.98895732379854584     
         200         228  0.98536443894988679     
         201         229  0.98898413405576169     
         204         230  0.99656875796765498     
         204         231  0.98598570129074647     
         204         232  0.99594693100662324     
         150         233   1.2134191855249405     
         233         234   1.2884813523881025     
         234         235   1.2707274378312718     
         235         236   1.5800786687905719     
         236         237   1.2600125319792179     
         234         238   1.2535746584056100     
         237         238   1.2247222206247699     
         237         239   1.3427777879118432     
         239         240   1.3776466652572787     
         240         241   1.1606905534893857     
         241         242   1.6896380168243148     
         240         243   1.3508089807218018     
         242         244   1.1699866125585419     
         243         244   1.4201782021931686     
         151         245   1.2219702436564812     
         244         245   1.2854349952548070     
         245         246   1.2850813028025756     
         246         247   1.2745698014855784     
         247         248   1.5774343394957611     
         248         249   1.2639049944558389     
         249         250   1.3418072644750731     
         250         251   1.0310705191176452     
         251         252   1.3529017478294558     
         252         253   1.1163478341310418     
         253         254  0.98303715790316726     
         252         255   1.4101745693570691     
         255         256   1.4107037332394121     
         256         257   1.4721263060042118     
         251         258   1.4074805677382674     
         257         258   1.3559501264153664     
         258         259   1.1206830516631101     
         259         260  0.97730248667401443     
         250         261   1.3815231817528735     
         261         262   1.1623757712417220     
         262         263   1.6910394399972715     
         233         264   1.2879219417389223     
         263         264   1.1703659493388379     
         261         265   1.3476202876874075     
         264         265   1.4165993434254451     
         246         266   1.2510913846345222     
         249         266   1.2234169409415898     
         239         267   1.0391033007157908     
         267         268   1.3781377205530532     
         268         269   1.1176391687510856     
         269         270  0.98210965909225101     
         268         271   1.3878222781893033     
         271         272   1.4389159644031413     
         272         273   1.4390564244684430     
         267         274   1.3759384598624083     
         273         274   1.3876631029600230     
         274         275   1.1208399949370786     
         275         276  0.98264967572209494     
         235         277  0.99942524717590564     
         236         278  0.99989661525085416     
         238         279  0.96320053228288138     
         241         280   1.0000499937957656     
         242         281  0.99977270473698887     
         247         282  0.99846649775710639     
         248         283  0.99942416920081389     
         254         284  0.98569666314987769     
         254         285  0.99632907640335810     
         254         286  0.99586559049139245     
         255         287  0.98770017413084044     
         256         288  0.98543328623835924     
         257         289  0.98399847720041100     
         260         290  0.98339649477325342     
         260         291  0.99923648819104993     
         260         292   1.0007320408409881     
         262         293  0.99956697626404556     
         263         294   1.0007544659390490     
         266         295  0.96260500286065209     
         270         296  0.99587450709903602     
         270         297  0.99673654478373730     
         270         298  0.98611868126976210     
         271         299  0.98908076800458766     
         272         300  0.98544810517498460     
         273         301  0.98902096084057922     
         276         302  0.99644109062859287     
         276         303  0.98590631705289467     
         276         304  0.99594243215556244     
         152         305   1.2223782782705517     
         305         306   1.2840081743231029     
         306         307   1.2741033212427662     
         307         308   1.5768165490913413     
         308         309   1.2616221017358882     
         306         310   1.2541085320759118     
         309         310   1.2256478120908341     
         309         311   1.3394477606939705     
         311         312   1.3789420852400043     
         312         313   1.1609505178310155     
         313         314   1.6886057537653187     
         312         315   1.3494411039047660     
         314         316   1.1709592570962624     
         315         316   1.4212923165703413     
         153         317   1.2249846132668329     
         316         317   1.2825689156133204     
         317         318   1.2842014208361738     
         318         319   1.2751672184791687     
         319         320   1.5784679368067855     
         320         321   1.2638888223627096     
         321         322   1.3433965806164931     
         322         323   1.0253181365980000     
         323         324   1.3536717867709525     
         324         325   1.1167518504651603     
         325         326  0.98331331768367891     
         324         327   1.4100286144533989     
         327         328   1.4098682839160206     
         328         329   1.4739278859710243     
         323         330   1.4102130875366403     
         329         330   1.3529151825566639     
         330         331   1.1221524876731743     
         331         332  0.97833656865108598     
         322         333   1.3829454646394499     
         333         334   1.1624185593355438     
         334         335   1.6907377912168811     
         305         336   1.2849657532548684     
         335         336   1.1718991832745342     
         333         337   1.3477013015553345     
         336         337   1.4177793196600312     
         318         338   1.2513687198188286     
         321         338   1.2221346260449923     
         311         339   1.0415694240884836     
         339         340   1.3766061524512696     
         340         341   1.1178478461874355     
         341         342  0.98212757049546906     
         340         343   1.3885569964595184     
         343         344   1.4384066605832202     
         344         345   1.4392457438366248     
         339         346   1.3752234337009865     
         345         346   1.3875202563375657     
         346         347   1.1216522457311786     
         347         348  0.98248326479881454     
         307         349  0.99875421758819172     
         308         350  0.99981511283480806     
         310         351  0.96300513069697002     
         313         352   1.0001258738604195     
         314         353  0.99892055909329425     
         319         354  0.99764095318091883     
         320         355  0.99910978484708557     
         326         356  0.98572750279019972     
         326         357  0.99615209102753333     
         326         358  0.99613320855816156     
         327         359  0.98758878397698546     
         328         360  0.98542071998407321     
         329         361  0.98384629846814142     
         332         362  0.98361321609445651     
         332         363   1.0001392639150162     
         332         364  0.99942267114369765     
         334         365  0.99950679377930418     
         335         366  0.99936105976338319     
         338         367  0.96239806579003639     
         342         368  0.99571611154990336     
         342         369  0.99669501009273997     
         342         370  0.98597257813688632     
         343         371  0.98908758834258359     
         344         372  0.98547491204244841     
         345         373  0.98912570003559830     
         348         374  0.99657310783510988     
         348         375  0.98581326249141765     
         348         376  0.99583104609146011     
         154         377   1.2249956606593637     
         377         378   1.2830360932220553     
         378         379   1.2748263681198047     
         379         380   1.5766194610984805     
         380         381   1.2619297001455418     
         378         382   1.2542491956216555     
         381         382   1.2258451473832344     
         381         383   1.3392071378016468     
         383         384   1.3793219472124569     
         384         385   1.1605764640532339     
         385         386   1.6890004343662799     
         384         387   1.3495774680799641     
         386         388   1.1702668405181837     
         387         388   1.4211643912884699     
         155         389   1.2229883927346730     
         388         389   1.2834924798559801     
         389         390   1.2849212966785466     
         390         391   1.2744557977377786     
         391         392   1.5789623815356868     
         392         393   1.2635733006502965     
         393         394   1.3440926572716567     
         394         395   1.0246652994140992     
         395         396   1.3537756286615161     
         396         397   1.1170106711654353     
         397         398  0.98332890793584571     
         396         399   1.4098889995957289     
         399         400   1.4100246171143089     
         400         401   1.4738111230943221     
         395         402   1.4107504071495647     
         401         402   1.3530382046499667     
         402         403   1.1218271012187897     
         403         404  0.97831483469672742     
         394         405   1.3827285475462006     
         405         406   1.1627624722449479     
         406         407   1.6903228604149010     
         377         408   1.2839101967885200     
         407         408   1.1724376157680785     
         405         409   1.3477232610069731     
         408         409   1.4180326054797467     
         390         410   1.2516516258422854     
         393         410   1.2217692095180444     
         383         411   1.0411789919699934     
         411         412   1.3765745141050072     
         412         413   1.1182068701610708     
         413         414  0.98199159840859318     
         412         415   1.3883924566949166     
         415         416   1.4385352049743816     
         416         417   1.4391769946238120     
         411         418   1.3755693318719144     
         417         418   1.3875093808215324     
         418         419   1.1213750936751594     
         419         420  0.98261371798911590     
         379         421  0.99809530475699482     
         380         422  0.99987224570030109     
         382         423  0.96308856034498103     
         385         424   1.0000875420727948     
         386         425  0.99966382922897845     
         391         426  0.99857060538527143     
         392         427  0.99898860386767818     
         398         428  0.98570941083183428     
         398         429  0.99614262982214630     
         398         430  0.99613386607013910     
         399         431  0.98758960936402596     
         400         432  0.98543256451367978     
         401         433  0.98386531002165656     
         404         434  0.98365256773942589     
         404         435   1.0005303659688263     
         404         436  0.99919937016183402     
         406         437  0.99946095828249915     
         407         438  0.99853525366254137     
         410         439  0.96241542720934070     
         414         440  0.99582467767548588     
         414         441  0.99657330132397870     
         414         442  0.98593946157736467     
         415         443  0.98908061506412392     
         416         444  0.98547939437700505     
         417         445  0.98913209232431420     
         420         446  0.99664711995123656     
         420         447  0.98585648479997579     
         420         448  0.99579293621184017     
         156         449   1.2227441742575196     
         449         450   1.2844074651547950     
         450         451   1.2739560102845837     
         451         452   1.5770307951719573     
         452         453   1.2617370229533940     
         450         454   1.2539567045447877     
         453         454   1.2260528452777830     
         453         455   1.3388979996332444     
         455         456   1.3797861480336528     
         456         457   1.1601462236453133     
         457         458   1.6900162941678576     
         456         459   1.3496405423512559     
         458         460   1.1689874956867541     
         459         460   1.4206839968004352     
         157         461   1.2186530830014390     
         460         461   1.2858954381637646     
         461         462   1.2859067143049709     
         462         463   1.2732071302008514     
         463         464   1.5793352902630236     
         464         465   1.2632694641696789     
         465         466   1.3446853509312964     
         466         467   1.0252031559566916     
         467         468   1.3535155708078122     
         468         469   1.1167745001357203     
         469         470  0.98331119275749257     
         468         471   1.4101076902482588     
         471         472   1.4098234623378794     
         472         473   1.4739946509455657     
         467         474   1.4104735543333116     
         473         474   1.3528295765660476     
         474         475   1.1221429483397596     
         475         476  0.97827385886397278     
         466         477   1.3819098637277667     
         477         478   1.1629159293987883     
         478         479   1.6903468996364510     
         449         480   1.2847498568833606     
         479         480   1.1718174129793686     
         477         481   1.3477574073960161     
         480         481   1.4180961808343711     
         462         482   1.2519387260534673     
         465         482   1.2211910232233318     
         455         483   1.0409296863672040     
         483         484   1.3764292916581902     
         484         485   1.1183518992182298     
         485         486  0.98188586558260604     
         484         487   1.3883977119900559     
         487         488   1.4385717734296524     
         488         489   1.4392131082397874     
         483         490   1.3760553821863220     
         489         490   1.3874176883592111     
         490         491   1.1209385222188697     
         491         492  0.98261873638200048     
         451         493  0.99889839607683795     
         452         494  0.99980475839979666     
         454         495  0.96315975629366701     
         457         496   1.0000864526550597     
         458         497   1.0001746256970867     
         463         498  0.99931924032784980     
         464         499  0.99886948597041769     
         470         500  0.98572589005683364     
         470         501  0.99616501570972937     
         470         502  0.99611799054319417     
         471         503  0.98758750706347709     
         472         504  0.98542559397539475     
         473         505  0.98385374797690062     
         476         506  0.98362956467858087     
         476         507   1.0003303178764436     
         476         508  0.99932384965187748     
         478         509  0.99934543308961266     
         479         510  0.99939421831880904     
         482         511  0.96248140889227096     
         486         512  0.99582093715743003     
         486         513  0.99660283078378176     
         486         514  0.98596223693713880     
         487         515  0.98907484110227906     
         488         516  0.98546497835529534     
         489         517  0.98915398966937917     
         492         518  0.99676873628562723     
         492         519  0.98596453093247682     
         492         520  0.99579305093002846     
         158         521   1.2185670696504156     
         521         522   1.2867134496592905     
         522         523   1.2727369446939947     
         523         524   1.5780040559895185     
         524         525   1.2612069138746229     
         522         526   1.2532469671509696     
         525         526   1.2266558018971021     
         525         527   1.3386986186471417     
         527         528   1.3806446435956365     
         528         529   1.1592695199300371     
         529         530   1.6919733469906630     
         528         531   1.3497678988864641     
         530         532   1.1673516542810640     
         531         532   1.4191387209639188     
         159         533   1.2105521111809672     
         532         533   1.2894489817185859     
         533         534   1.2888832137131800     
         534         535   1.2710213403169976     
         535         536   1.5804899546977913     
         536         537   1.2622002434706929     
         537         538   1.3463783425375786     
         538         539   1.0263747981786342     
         539         540   1.3531317152736837     
         540         541   1.1163939891997128     
         541         542  0.98326103089780803     
         540         543   1.4104088997292445     
         543         544   1.4096398406132891     
         544         545   1.4740780986507234     
         539         546   1.4097287653711412     
         545         546   1.3528455676610542     
         546         547   1.1225228307703057     
         547         548  0.97829028677599517     
         538         549   1.3794159173455376     
         549         550   1.1630468424189631     
         550         551   1.6902335205651196     
         521         552   1.2867069140673750     
         551         552   1.1714302225840783     
         549         553   1.3490784317052451     
         552         553   1.4166046288916507     
         534         554   1.2514140583029334     
         537         554   1.2205449613441766     
         527         555   1.0401513387497625     
         555         556   1.3768984741741954     
         556         557   1.1181024375911839     
         557         558  0.98202482819613968     
         556         559   1.3883762103454471     
         559         560   1.4387366097088454     
         560         561   1.4391302560785453     
         555         562   1.3763685110578017     
         561         562   1.3876970061595375     
         562         563   1.1202128473494433     
         563         564  0.98269444733625599     
         523         565  0.99938802754112666     
         524         566  0.99967351388420134     
         526         567  0.96308764618454323     
         529         568  0.99986256116724037     
         530         569   1.0001785047968705     
         535         570  0.99976748078157551     
         536         571  0.99884731811833638     
         542         572  0.98573943671353692     
         542         573  0.99623239187151158     
         542         574  0.99600466243147745     
         543         575  0.98758451474042341     
         544         576  0.98539179572152868     
         545         577  0.98381806900290347     
         548         578  0.98356604342007692     
         548         579  0.99987581526325764     
         548         580  0.99967410078576391     
         550         581  0.99924590069572350     
         551         582   1.0000048022742336     
         554         583  0.96234080711802394     
         558         584  0.99578367149312119     
         558         585  0.99659548668540943     
         558         586  0.98599882980628450     
         559         587  0.98903387635735007     
         560         588  0.98539378938449362     
         561         589  0.98908279979775870     
         564         590  0.99678695297814790     
         564         591  0.98610267052367118     
         564         592  0.99576214247855999     
