   -0.02900638
    0.05996077
   -0.03932104
   -0.03532392
    0.05966249
   -0.16174016
    0.00702056
    0.05663240
   -0.03878250
   -0.03748400
   -0.28740212
    0.06293220
    0.01445421
    0.06447422
   -0.03428945
   -0.03489575
    0.05937680
    0.00536879
    0.00660250
   -0.02265107
   -0.02862316
   -0.03087709
   -0.02839792
   -0.02301970
    0.05777520
   -0.03997748
   -0.04320462
    0.05683871
   -0.29165546
   -0.15860077
    0.00679370
   -0.02364012
   -0.02891594
   -0.03063596
   -0.02769706
   -0.02157055
    0.02188947
    0.03290068
    0.02447121
    0.16158391
    0.01638648
    0.01750616
    0.02679512
    0.02543547
    0.02098017
    0.02625148
    0.02604011
    0.02722007
    0.02260596
    0.01507068
    0.02320156
    0.15928090
    0.02135593
    0.02612118
    0.02623670
    0.02785180
    0.02279960
   -0.02867221
    0.06010658
   -0.03906179
   -0.03513216
    0.05992594
   -0.16162047
    0.00691563
    0.05695034
   -0.03859998
   -0.03733931
   -0.28744750
    0.06281546
    0.01493307
    0.06453610
   -0.03399118
   -0.03457785
    0.05967010
    0.00550396
    0.00645430
   -0.02279746
   -0.02866080
   -0.03081755
   -0.02831033
   -0.02295733
    0.05799038
   -0.03977069
   -0.04300117
    0.05701315
   -0.29143616
   -0.15859650
    0.00665117
   -0.02364626
   -0.02885959
   -0.03056815
   -0.02774667
   -0.02169399
    0.02225831
    0.03323368
    0.02476340
    0.16173500
    0.01718882
    0.01851012
    0.02762355
    0.02619841
    0.02091961
    0.02631505
    0.02619385
    0.02754628
    0.02264806
    0.01542252
    0.02353642
    0.15939197
    0.02151748
    0.02631919
    0.02640473
    0.02792230
    0.02236161
   -0.03058624
   -0.02625036
   -0.02869643
   -0.02899646
   -0.02551037
   -0.03013830
    0.00880675
    0.06370368
   -0.03772109
   -0.03571058
    0.05704582
   -0.15871321
    0.00895149
    0.05477997
   -0.03965580
   -0.04008373
   -0.28749406
    0.06195564
    0.01117576
    0.06420311
   -0.03571091
   -0.03510288
    0.05762404
    0.00898540
    0.00752341
   -0.02246684
   -0.02838671
   -0.03078419
   -0.02815924
   -0.02153527
    0.05526806
   -0.03926418
   -0.03996242
    0.06203558
   -0.28831326
   -0.15810583
    0.00745029
   -0.02276957
   -0.02867481
   -0.03080915
   -0.02806905
   -0.02146675
    0.02347288
    0.02303068
    0.15906852
    0.01450264
    0.01523016
    0.02454984
    0.02383135
    0.02251863
    0.02641516
    0.02523719
    0.02627038
    0.02174127
    0.01427950
    0.01447429
    0.15876259
    0.02209747
    0.02604706
    0.02539034
    0.02672301
    0.02190494
    0.01149412
    0.06430920
   -0.03541429
   -0.03496030
    0.05782610
   -0.15807471
    0.00868305
    0.05547552
   -0.03921918
   -0.04006175
   -0.28848991
    0.06177801
    0.00893640
    0.06354767
   -0.03767037
   -0.03556747
    0.05721154
    0.00883323
    0.00732176
   -0.02275510
   -0.02866375
   -0.03080821
   -0.02810839
   -0.02157899
    0.05488300
   -0.03955407
   -0.03990522
    0.06203027
   -0.28740929
   -0.15888642
    0.00739162
   -0.02247785
   -0.02836527
   -0.03074944
   -0.02821943
   -0.02159872
    0.02470384
    0.02397674
    0.15881034
    0.01477652
    0.01512030
    0.02409163
    0.02355968
    0.02200393
    0.02617421
    0.02542080
    0.02673901
    0.02185438
    0.01470689
    0.01549127
    0.15911290
    0.02263232
    0.02652401
    0.02530712
    0.02626972
    0.02122004
