           1           2   1.3720367489313376     
           2           3   1.2400642735844087     
           3           4   1.5985019978281989     
           4           5   1.2504679170018393     
           2           6   1.2296139842436484     
           5           6   1.2311574922308202     
           5           7   1.3391809489508615     
           7           8   1.0568002365639424     
           8           9   1.4099842942658734     
           9          10   1.4724993925143219     
          10          11   1.3895869951038053     
          11          12   1.0809328829845983     
          12          13   1.9437312377548823     
          11          14   1.3846083896617036     
           8          15   1.4147670444160056     
          14          15   1.4675837386155475     
           7          16   1.3658521814784235     
          16          17   1.1595020893619354     
          17          18   1.6952251677314867     
          16          19   1.3572760203785235     
          18          20   1.1640557368186319     
          19          20   1.4104071798068358     
          20          21   1.2910100998662437     
          21          22   1.2884597582081541     
          22          23   1.2656684182440017     
          23          24   1.5845063742186349     
          24          25   1.2572978093117304     
          22          26   1.2484981892568245     
          25          26   1.2235961078849573     
          25          27   1.3411366143878822     
          27          28   1.0588157646259722     
          28          29   1.4086995019908484     
          29          30   1.4728973154377347     
          30          31   1.3890700183364704     
          31          32   1.0814641808135277     
          32          33   1.9424832371784964     
          31          34   1.3839329525964670     
          28          35   1.4137394640938656     
          34          35   1.4685464454534223     
          27          36   1.3549944023838425     
          36          37   1.1517010396318546     
          37          38   1.7086865940397014     
           1          39   1.3866821333738246     
          38          39   1.1458386016932354     
          36          40   1.3828459097887398     
          39          40   1.3732099296203362     
           1          41  0.99532291372099302     
           3          42  0.99198103073691368     
           4          43  0.99818661730804492     
           6          44  0.96039487345196539     
           9          45  0.98798132689832929     
          10          46  0.98749152215523706     
          12          47  0.95363285766859374     
          14          48  0.98174682007186087     
          15          49  0.98737654276876341     
          17          50  0.99779199272243568     
          18          51  0.99859833947064491     
          23          52  0.99753877533167956     
          24          53  0.99737599248644937     
          26          54  0.95935933004876639     
          29          55  0.98780441383777262     
          30          56  0.98747488980308262     
          32          57  0.95372983575726789     
          34          58  0.98184395506426447     
          35          59  0.98763482598170449     
          37          60  0.99863755072351235     
          38          61  0.99252164170630752     
          62          63   1.3724739135333623     
          63          64   1.2398753165144305     
          64          65   1.5990699806585493     
          65          66   1.2501140732059637     
          63          67   1.2294862753324864     
          66          67   1.2316114246524967     
          66          68   1.3394626652617945     
          68          69   1.0564538835967114     
          69          70   1.4102171754815529     
          70          71   1.4723436192477060     
          71          72   1.3897267769351862     
          72          73   1.0808687278564637     
          73          74   1.9439340098388911     
          72          75   1.3846240938444541     
          69          76   1.4147905847050664     
          75          76   1.4675470288310577     
          68          77   1.3658545646453506     
          77          78   1.1590913028867611     
          78          79   1.6961070286476367     
          77          80   1.3580478924435264     
          79          81   1.1635067177938725     
          80          81   1.4096311785774636     
          81          82   1.2925434252484578     
          82          83   1.2902219363193863     
          83          84   1.2646298966865814     
          84          85   1.5860789260534702     
          85          86   1.2563542797128122     
          83          87   1.2481273808515767     
          86          87   1.2237235759707468     
          86          88   1.3424580337211167     
          88          89   1.0581650057331564     
          89          90   1.4091831066598295     
          90          91   1.4725717271682937     
          91          92   1.3893630325320183     
          92          93   1.0813199812800012     
          93          94   1.9428580999287561     
          92          95   1.3840147989085685     
          89          96   1.4139166039148883     
          95          96   1.4684546106457881     
          88          97   1.3545051530995607     
          97          98   1.1516702083833095     
          98          99   1.7088253967961000     
          62         100   1.3869531081976405     
          99         100   1.1458010197923625     
          97         101   1.3835146546336849     
         100         101   1.3730246729598594     
          62         102  0.99531119868938767     
          64         103  0.99192848710334802     
          65         104  0.99814928620603560     
          67         105  0.96032998437117356     
          70         106  0.98792763202081313     
          71         107  0.98745081031498960     
          73         108  0.95358593055679908     
          75         109  0.98171800636761331     
          76         110  0.98734779159804020     
          78         111  0.99773156269034236     
          79         112  0.99849017524751660     
          84         113  0.99741801783572515     
          85         114  0.99731231165916312     
          87         115  0.95929277148810055     
          90         116  0.98778537749805351     
          91         117  0.98744578263978255     
          93         118  0.95366377409230751     
          95         119  0.98179028831885573     
          96         120  0.98756222103286451     
          98         121  0.99862697825607682     
          99         122  0.99246778909390287     
         123         124   2.3811639592887697     
         124         125   1.3498487654831910     
          21         126   1.2148154837920340     
         123         126  0.17065387300735488     
         125         126   2.4793422180868543     
         123         127   1.3515651557247574     
         124         128  0.17027365384350923     
         127         128   2.4746133891680633     
         129         130   2.3672845753392533     
         130         131   1.3620021809087974     
         129         132  0.16929899504785931     
         131         132   2.4631601568236876     
         129         133   1.3622319229557003     
         130         134  0.16935142801569775     
         133         134   2.4627746741283487     
         135         136   2.3673473089098174     
         136         137   1.3621216080222378     
         135         138  0.16940868169466475     
         137         138   2.4629788677965609     
         135         139   1.3621224570662702     
         136         140  0.16940398849841537     
         139         140   2.4629240546391951     
         141         142   2.3675221189256419     
         142         143   1.3620739136840918     
         141         144  0.16944683845625480     
         143         144   2.4630855385322756     
         141         145   1.3618132303546195     
         142         146  0.16942335840198253     
         145         146   2.4634824389465555     
         147         148   2.3840911331269767     
         148         149   1.3492930815755988     
         147         150  0.17058913572562395     
         149         150   2.4774079038419972     
         147         151   1.3475032962971984     
          82         152   1.2122269353872843     
         148         152  0.17101418458609305     
         151         152   2.4823441132271094     
         128         153   1.2193567255355924     
         153         154   1.2819830803307073     
         154         155   1.2703084088210650     
         155         156   1.5777027033970310     
         156         157   1.2630710618507195     
         154         158   1.2503225439856653     
         157         158   1.2215189957415515     
         157         159   1.3351180761187211     
         159         160   1.0544904357658407     
         160         161   1.4113622461748396     
         161         162   1.4719526519618815     
         162         163   1.3898573559714711     
         163         164   1.0809203751063410     
         164         165   1.9433892248060436     
         163         166   1.3846131077463579     
         160         167   1.4157202448585324     
         166         167   1.4673738206990392     
         159         168   1.3715963744415378     
         168         169   1.1607501334721786     
         169         170   1.6921743642852249     
         168         171   1.3515289001023520     
         170         172   1.1668693520012883     
         171         172   1.4160496294215754     
         132         173   1.2295428211743979     
         172         173   1.2822372774922044     
         173         174   1.2783333732789013     
         174         175   1.2722633828747232     
         175         176   1.5761352212048458     
         176         177   1.2640230325112247     
         174         178   1.2512807722153898     
         177         178   1.2224090024554708     
         177         179   1.3333743087021388     
         179         180   1.0546138177683666     
         180         181   1.4155538778489682     
         181         182   1.4677955186371014     
         182         183   1.3844484167968203     
         183         184   1.0809407840934220     
         184         185   1.9431173520144978     
         183         186   1.3899492469225661     
         180         187   1.4113065169608203     
         186         187   1.4716768540774625     
         179         188   1.3724875367988048     
         188         189   1.1596512862807051     
         189         190   1.6938138526242301     
         153         191   1.2865983884831476     
         190         191   1.1656548468661423     
         188         192   1.3525059897534715     
         191         192   1.4131745997841685     
         155         193  0.99789465550892253     
         156         194  0.99824515869421726     
         158         195  0.96077359659266681     
         161         196  0.98805306461945219     
         162         197  0.98761799325792887     
         164         198  0.95380074491471789     
         166         199  0.98180375683529220     
         167         200  0.98737222801569169     
         169         201  0.99844085507653912     
         170         202  0.99893119207757441     
         175         203  0.99779309479342415     
         176         204  0.99801268368413698     
         178         205  0.96094244843833154     
         181         206  0.98752747157377030     
         182         207  0.98182632470460007     
         184         208  0.95382177139502367     
         186         209  0.98757939732437405     
         187         210  0.98789079520612799     
         189         211  0.99858986548946183     
         190         212  0.99895413262195465     
         134         213   1.2298437929792452     
         213         214   1.2776958414608706     
         214         215   1.2726661215364679     
         215         216   1.5757385315918750     
         216         217   1.2643697188680545     
         214         218   1.2515282353160340     
         217         218   1.2218185372768731     
         217         219   1.3336401733715522     
         219         220   1.0545998045105063     
         220         221   1.4112336753668728     
         221         222   1.4719747061703397     
         222         223   1.3898826336619450     
         223         224   1.0807792707179535     
         224         225   1.9434207740700624     
         223         226   1.3846553947339666     
         220         227   1.4157479787054847     
         226         227   1.4673093906857908     
         219         228   1.3727766385751157     
         228         229   1.1606107779553472     
         229         230   1.6922580893217860     
         228         231   1.3509142145375970     
         230         232   1.1670301988815834     
         231         232   1.4163403610071590     
         138         233   1.2297558603792833     
         232         233   1.2817524907374700     
         233         234   1.2781854161982225     
         234         235   1.2723852965531328     
         235         236   1.5762599569589530     
         236         237   1.2640720306102864     
         234         238   1.2514002522923058     
         237         238   1.2219871437707688     
         237         239   1.3337317039893333     
         239         240   1.0546019100508346     
         240         241   1.4158478302755289     
         241         242   1.4675932692836968     
         242         243   1.3846021307843228     
         243         244   1.0808007746817285     
         244         245   1.9432528413179004     
         243         246   1.3899503238482394     
         240         247   1.4111420875991478     
         246         247   1.4717659271173502     
         239         248   1.3726521096719160     
         248         249   1.1607256268881665     
         249         250   1.6919334386887608     
         213         251   1.2817882699894698     
         250         251   1.1671977357706687     
         248         252   1.3510315764185130     
         251         252   1.4162249001785914     
         215         253  0.99789462736321510     
         216         254  0.99816799827474867     
         218         255  0.96092189247818893     
         221         256  0.98808841297696359     
         222         257  0.98766417471513834     
         224         258  0.95380372563213534     
         226         259  0.98177011263747360     
         227         260  0.98737114470872067     
         229         261  0.99851871426282934     
         230         262  0.99898478346321107     
         235         263  0.99781618633545988     
         236         264  0.99810011487918149     
         238         265  0.96097816925437574     
         241         266  0.98754334018335310     
         242         267  0.98182605458512162     
         244         268  0.95382738947183343     
         246         269  0.98759917906112926     
         247         270  0.98790486746787665     
         249         271  0.99858559138803538     
         250         272  0.99901868746152611     
         140         273   1.2298090600630489     
         273         274   1.2779963326814341     
         274         275   1.2726481603031079     
         275         276   1.5758356437773491     
         276         277   1.2643462569408443     
         274         278   1.2513839508295990     
         277         278   1.2220208371210362     
         277         279   1.3334910506826063     
         279         280   1.0545932283837987     
         280         281   1.4110695741726689     
         281         282   1.4720721712048970     
         282         283   1.3898254633128002     
         283         284   1.0807687908931904     
         284         285   1.9434131312833947     
         283         286   1.3847427265913548     
         280         287   1.4159187897210119     
         286         287   1.4671967722414678     
         279         288   1.3729320144094617     
         288         289   1.1604834336932459     
         289         290   1.6923482747890382     
         288         291   1.3509123970829779     
         290         292   1.1669557572754901     
         291         292   1.4162540710973537     
         144         293   1.2296109670533755     
         292         293   1.2818896936708868     
         293         294   1.2779413468782199     
         294         295   1.2723536252375620     
         295         296   1.5762251661793834     
         296         297   1.2640538918658626     
         294         298   1.2515439563073980     
         297         298   1.2218011013082704     
         297         299   1.3339407099654048     
         299         300   1.0546147423724845     
         300         301   1.4159378248307344     
         301         302   1.4675366944881771     
         302         303   1.3846389333470555     
         303         304   1.0807960600279451     
         304         305   1.9432414244739797     
         303         306   1.3899329436745003     
         300         307   1.4110437306278749     
         306         307   1.4718132566959239     
         299         308   1.3724574295793106     
         308         309   1.1607956162384034     
         309         310   1.6919348988413454     
         273         311   1.2817848435219541     
         310         311   1.1672015865378582     
         308         312   1.3511171627208212     
         311         312   1.4162452704836301     
         275         313  0.99783146319521066     
         276         314  0.99812510661238596     
         278         315  0.96094411121073653     
         281         316  0.98809842186461183     
         282         317  0.98767499416573268     
         284         318  0.95379299521519789     
         286         319  0.98175636294416213     
         287         320  0.98736077666971334     
         289         321  0.99855262676302825     
         290         322  0.99899229323291283     
         295         323  0.99786635247635369     
         296         324  0.99813030491374932     
         298         325  0.96094088001110123     
         301         326  0.98753235729076994     
         302         327  0.98180731719147751     
         304         328  0.95381694710955189     
         306         329  0.98761329870482439     
         307         330  0.98791102776504103     
         309         331  0.99853930096150123     
         310         332  0.99899023547281041     
         146         333   1.2292959561427634     
         333         334   1.2787436151063043     
         334         335   1.2722579527230236     
         335         336   1.5761543807044731     
         336         337   1.2639868268080243     
         334         338   1.2510200880011850     
         337         338   1.2227654837159581     
         337         339   1.3332508763063484     
         339         340   1.0552765311723804     
         340         341   1.4104232005150119     
         341         342   1.4723779321614721     
         342         343   1.3896646288453371     
         343         344   1.0807682022256171     
         344         345   1.9433749856158542     
         343         346   1.3848252393604163     
         340         347   1.4158657593065676     
         346         347   1.4671447288011621     
         339         348   1.3719957246939387     
         348         349   1.1591028579154776     
         349         350   1.6946837277690574     
         348         351   1.3535027418892605     
         350         352   1.1651276493789533     
         351         352   1.4119100679975509     
         150         353   1.2170331506487468     
         352         353   1.2883176272718924     
         353         354   1.2831801684609754     
         354         355   1.2693766722808593     
         355         356   1.5790597145133178     
         356         357   1.2622122374118339     
         354         358   1.2500792720059215     
         357         358   1.2217857714399032     
         357         359   1.3358554903796345     
         359         360   1.0546991848398779     
         360         361   1.4161870055759713     
         361         362   1.4673707606332873     
         362         363   1.3847971603742659     
         363         364   1.0807574196430947     
         364         365   1.9433498316981548     
         363         366   1.3899210852320236     
         360         367   1.4107626449800479     
         366         367   1.4719198629032324     
         359         368   1.3708725053143849     
         368         369   1.1609900329614262     
         369         370   1.6918498121040975     
         333         371   1.2823423645913308     
         370         371   1.1670423327613320     
         368         372   1.3520681534009817     
         371         372   1.4158211048309937     
         335         373  0.99775801095142969     
         336         374  0.99799305617013478     
         338         375  0.96088794718564297     
         341         376  0.98813050039519223     
         342         377  0.98766477520834339     
         344         378  0.95374983783094847     
         346         379  0.98171375764477031     
         347         380  0.98735119063824572     
         349         381  0.99847062275117904     
         350         382  0.99880911478073953     
         355         383  0.99779160713008641     
         356         384  0.99812040056929274     
         358         385  0.96074819085617869     
         361         386  0.98749764765826020     
         362         387  0.98176274541941155     
         364         388  0.95375472330660438     
         366         389  0.98759754048436210     
         367         390  0.98789487889902317     
         369         391  0.99842712283358637     
         370         392  0.99892560857085477     
