    0.24534976
   -0.03760039
    0.05393659
   -0.04773145
   -0.04141553
    0.05229154
   -0.21672115
    0.00532839
   -0.00434883
   -0.02480242
   -0.04209480
    0.05511332
   -0.31067014
   -0.04316721
   -0.02608814
    0.05211985
   -0.04047650
   -0.04045208
   -0.21211207
    0.05939520
    0.00566529
    0.05932659
   -0.04060932
   -0.04072187
    0.05199557
   -0.21176341
    0.00540685
   -0.00444583
   -0.02458545
   -0.04191762
    0.05518796
   -0.31105528
   -0.04328247
   -0.02627373
    0.05245998
   -0.04092504
   -0.04747263
    0.05407220
   -0.21689355
    0.00873442
    0.01497899
    0.00826453
    0.01412826
    0.02233861
    0.15853278
    0.15796942
    0.02031449
    0.01159480
    0.00929741
    0.01080290
    0.01062237
    0.00948976
    0.01424783
    0.02242899
    0.15918019
    0.15822404
    0.02034806
    0.01148884
    0.00827429
    0.01518895
    0.24535037
   -0.03760305
    0.05393636
   -0.04773314
   -0.04141565
    0.05228939
   -0.21672269
    0.00532990
   -0.00434912
   -0.02480234
   -0.04209463
    0.05511357
   -0.31066990
   -0.04316733
   -0.02608790
    0.05211994
   -0.04047458
   -0.04045182
   -0.21211466
    0.05939757
    0.00566283
    0.05932501
   -0.04061118
   -0.04072283
    0.05199331
   -0.21176019
    0.00540666
   -0.00444593
   -0.02458531
   -0.04191771
    0.05518798
   -0.31105552
   -0.04328243
   -0.02627385
    0.05245964
   -0.04092358
   -0.04747315
    0.05407344
   -0.21689410
    0.00873466
    0.01497870
    0.00826421
    0.01412733
    0.02233873
    0.15853292
    0.15796949
    0.02031467
    0.01159616
    0.00929826
    0.01080352
    0.01062180
    0.00948891
    0.01424878
    0.02242892
    0.15918000
    0.15822391
    0.02034789
    0.01148755
    0.00827467
    0.01518957
   -0.03647240
   -0.03647143
