           1           2   1.3731149726041769     
           2           3   1.2391774814310301     
           3           4   1.5993832249338318     
           4           5   1.2517846502484757     
           2           6   1.2303874749359889     
           5           6   1.2272389827117809     
           5           7   1.3465555366129363     
           7           8   1.0527289659036427     
           8           9   1.4039330921105597     
           9          10   1.4013331905554580     
          10          11   1.0944377284087161     
          10          12   1.3684216306390602     
          12          13   1.0907666626381316     
          12          14   1.3579641943136973     
          14          15   1.1248983688804788     
           8          16   1.4118407063983938     
          14          16   1.3927403726767373     
           7          17   1.3644187894516890     
          17          18   1.1647673836271062     
          18          19   1.6889435714570153     
          17          20   1.3592665513906377     
          19          21   1.1685838733365459     
          20          21   1.4122089564059397     
          21          22   1.2935297980879841     
          22          23   1.2932112406204928     
          23          24   1.2672405769001098     
          24          25   1.5835961408589105     
          25          26   1.2600006771651604     
          23          27   1.2495947668471485     
          26          27   1.2246175329407820     
          26          28   1.3436479935252661     
          28          29   1.0539190397798608     
          29          30   1.4105987874409465     
          30          31   1.3935732663628235     
          31          32   1.1250657823042254     
          31          33   1.3574190247146325     
          33          34   1.0905479109945277     
          33          35   1.3687936192835175     
          35          36   1.0936703612408933     
          29          37   1.4039697721950548     
          35          37   1.4010602689775205     
          28          38   1.3598585601169155     
          38          39   1.1551303761687839     
          39          40   1.7053627267987264     
           1          41   1.3825307755240206     
          40          41   1.1477930923887074     
          38          42   1.3788474119975076     
          41          42   1.3764759225959800     
           1          43  0.99618231264709034     
           3          44  0.99294903886392449     
           4          45  0.99988849400947011     
           6          46  0.96143910835036717     
           9          47  0.99199122032557785     
          11          48  0.96196428395652678     
          13          49  0.96081099089454036     
          15          50  0.96328408569480928     
          16          51  0.99280375202448679     
          18          52  0.99958124381462410     
          19          53   1.0000383727106208     
          24          54  0.99917047171659701     
          25          55  0.99907068880952987     
          27          56  0.96082033193334349     
          30          57  0.99276156765900281     
          32          58  0.96342313668042134     
          34          59  0.96098961260699733     
          36          60  0.96245403327378698     
          37          61  0.99199100476577817     
          39          62   1.0004726667594626     
          40          63  0.99347803895784959     
          64          65   1.3737544161651012     
          65          66   1.2390290772793582     
          66          67   1.6000419639324310     
          67          68   1.2514807651889512     
          65          69   1.2300469757916117     
          68          69   1.2279243854514577     
          68          70   1.3464553811110263     
          70          71   1.0520696633942344     
          71          72   1.4047916020278945     
          72          73   1.4007905909359333     
          73          74   1.0944271349658399     
          73          75   1.3687191327141741     
          75          76   1.0907016471354949     
          75          77   1.3579483051328269     
          77          78   1.1248812473354544     
          71          79   1.4115550308953977     
          77          79   1.3929110307642663     
          70          80   1.3652429164683024     
          80          81   1.1641711096568839     
          81          82   1.6903182082961157     
          80          83   1.3593453336138650     
          82          84   1.1675875532333702     
          83          84   1.4112548623707240     
          84          85   1.2955770830527584     
          85          86   1.2958778426171007     
          86          87   1.2654066402346982     
          87          88   1.5859495502351870     
          88          89   1.2588540837886975     
          86          90   1.2488482987705900     
          89          90   1.2241912387910663     
          89          91   1.3456010355719286     
          91          92   1.0533710535180034     
          92          93   1.4112135666932726     
          93          94   1.3930007689565111     
          94          95   1.1258823217770266     
          94          96   1.3572505760673241     
          96          97   1.0909024276558754     
          96          98   1.3687816399051465     
          98          99   1.0937258494108548     
          92         100   1.4037549090289534     
          98         100   1.4009543005224105     
          91         101   1.3590097862569939     
         101         102   1.1552310107967421     
         102         103   1.7055514908132856     
          64         104   1.3829902610263334     
         103         104   1.1477322218945394     
         101         105   1.3796890629079419     
         104         105   1.3761669563120353     
          64         106  0.99621736103992231     
          66         107  0.99294205066929286     
          67         108  0.99995444451587279     
          69         109  0.96123601710830298     
          72         110  0.99170207903876684     
          74         111  0.96231102512376820     
          76         112  0.96075549772956448     
          78         113  0.96337091465661295     
          79         114  0.99269542374143671     
          81         115  0.99920034714590056     
          82         116  0.99958573051196031     
          87         117  0.99870116029247069     
          88         118  0.99860937575014563     
          90         119  0.96054215699460432     
          93         120  0.99247587271622095     
          95         121  0.96315036793600528     
          97         122  0.96091339622954119     
          99         123  0.96255712804328175     
         100         124  0.99187597165131569     
         102         125   1.0005268574057085     
         103         126  0.99346942681796824     
          22         127   1.2039461429517520     
         127         128   2.6177080948469480     
         129         130   2.5990559523574319     
         131         132   2.5942296381712744     
         133         134   2.5957796199678418     
          85         136   1.1993286882376393     
         135         136   2.6209637333327320     
         128         137   1.2058370697164740     
         137         138   1.2863008539666392     
         138         139   1.2721340194010391     
         139         140   1.5755584854232860     
         140         141   1.2669140827140677     
         138         142   1.2517389559289913     
         141         142   1.2215628884948830     
         141         143   1.3384939887815384     
         143         144   1.0561217548760027     
         144         145   1.4101386523388240     
         145         146   1.3954759791939206     
         146         147   1.1175584094944564     
         146         148   1.3530712208724245     
         148         149   1.1167040986279066     
         148         150   1.3580967247014126     
         150         151   1.0897191922077525     
         144         152   1.4011347754605634     
         150         152   1.4077733030832773     
         143         153   1.3710182492910929     
         153         154   1.1667353899157191     
         154         155   1.6852708260242160     
         153         156   1.3525122022854743     
         155         157   1.1725144954032820     
         156         157   1.4194335145537853     
         129         158   1.2243586785767979     
         157         158   1.2818032043510350     
         158         159   1.2808808961202005     
         159         160   1.2754443022050677     
         160         161   1.5737689599507028     
         161         162   1.2679914796540812     
         159         163   1.2528913303791969     
         162         163   1.2242363283640163     
         162         164   1.3345955154302134     
         164         165   1.0553114705804172     
         165         166   1.4103138493870855     
         166         167   1.3938868397970641     
         167         168   1.1248083254735746     
         167         169   1.3574614299811520     
         169         170   1.0905104862813182     
         169         171   1.3686686673162769     
         171         172   1.0936816970377763     
         165         173   1.4040539067199824     
         171         173   1.4014194346864244     
         164         174   1.3749270675891543     
         174         175   1.1643413331831609     
         175         176   1.6888939495972481     
         137         177   1.2897161067004230     
         176         177   1.1691233910783825     
         174         178   1.3523439162586794     
         177         178   1.4160158644098981     
         139         179  0.99907268871124255     
         140         180  0.99975818491290880     
         142         181  0.96251537085329808     
         145         182  0.99271882526773414     
         147         183  0.96409432022890795     
         149         184  0.96144039723868391     
         151         185  0.96254860159041955     
         152         186  0.99216155384203741     
         154         187   1.0001902598893435     
         155         188  0.99968562225836133     
         160         189  0.99899937676114048     
         161         190  0.99984792976074943     
         163         191  0.96282714604830955     
         166         192  0.99273344561528376     
         168         193  0.96387820777286959     
         170         194  0.96117107632206866     
         172         195  0.96286420012178275     
         173         196  0.99204172748828745     
         175         197   1.0000795733751453     
         176         198  0.99986912731946298     
         130         199   1.2250993187961376     
         199         200   1.2779844764370509     
         200         201   1.2773704247677593     
         201         202   1.5708758174491448     
         202         203   1.2700630849343424     
         200         204   1.2539744882690891     
         203         204   1.2228109778553675     
         203         205   1.3339761483294503     
         205         206   1.0605619315917654     
         206         207   1.4082576450526778     
         207         208   1.3963196242654763     
         208         209   1.1170981718311013     
         208         210   1.3527675241860502     
         210         211   1.1175840636412488     
         210         212   1.3569003628087821     
         212         213   1.0902735044211729     
         206         214   1.3987317351444659     
         212         214   1.4090861029994821     
         205         215   1.3717130741323442     
         215         216   1.1675195148059088     
         216         217   1.6836649223532465     
         215         218   1.3510851101330912     
         217         219   1.1739191493658403     
         218         219   1.4206407179364213     
         131         220   1.2292917977742805     
         219         220   1.2785383721757175     
         220         221   1.2780071203003240     
         221         222   1.2773207888362978     
         222         223   1.5718543981364388     
         223         224   1.2694948461567714     
         221         225   1.2536055587529391     
         224         225   1.2238628041961024     
         224         226   1.3334078839736454     
         226         227   1.0587819477546605     
         227         228   1.4088012281061679     
         228         229   1.3945358485225345     
         229         230   1.1247502997566310     
         229         231   1.3570047999420554     
         231         232   1.0910780896122432     
         231         233   1.3681239077526302     
         233         234   1.0936449654566325     
         227         235   1.4023137716516725     
         233         235   1.4023589787830175     
         226         236   1.3737790787334188     
         236         237   1.1661940045784207     
         237         238   1.6853831296183779     
         199         239   1.2811899041128949     
         238         239   1.1723606655515566     
         236         240   1.3506629091137157     
         239         240   1.4200550863710637     
         201         241  0.99888335424133234     
         202         242  0.99986308636865362     
         204         243  0.96280069076513175     
         207         244  0.99301366581261807     
         209         245  0.96424802541218890     
         211         246  0.96123611824011956     
         213         247  0.96213834262090703     
         214         248  0.99218864606752721     
         216         249   1.0001570701190978     
         217         250  0.99948565405765966     
         222         251  0.99877189817133272     
         223         252  0.99990521733475446     
         225         253  0.96297891816549752     
         228         254  0.99285830774169204     
         230         255  0.96388313259547775     
         232         256  0.96113137248172653     
         234         257  0.96278158610706277     
         235         258  0.99220173767140496     
         237         259   1.0000961648991575     
         238         260  0.99946866330815431     
         132         261   1.2297442036616335     
         261         262   1.2762406224380678     
         262         263   1.2787539509522374     
         263         264   1.5698713806825997     
         264         265   1.2706590205339747     
         262         266   1.2540809306822578     
         265         266   1.2236537650199151     
         265         267   1.3326327347035121     
         267         268   1.0611163654436626     
         268         269   1.4078483423438417     
         269         270   1.3964965796183524     
         270         271   1.1170436616108192     
         270         272   1.3526222724302845     
         272         273   1.1177852675760969     
         272         274   1.3567673541019676     
         274         275   1.0904196926874945     
         268         276   1.3985195273744064     
         274         276   1.4092092405446801     
         267         277   1.3722609631187308     
         277         278   1.1672949580961940     
         278         279   1.6837736698005539     
         277         280   1.3510264560259175     
         279         281   1.1741194299396174     
         280         281   1.4199293817672396     
         133         282   1.2288740684130763     
         281         282   1.2787109857410848     
         282         283   1.2772225601758682     
         283         284   1.2776689360891440     
         284         285   1.5715384932250969     
         285         286   1.2696456476940723     
         283         287   1.2537347384519870     
         286         287   1.2233906367746372     
         286         288   1.3338611135006955     
         288         289   1.0599907655984786     
         289         290   1.4082085077416888     
         290         291   1.3947251411752624     
         291         292   1.1245836236812561     
         291         293   1.3569401575250588     
         293         294   1.0912670494596071     
         293         295   1.3678704597622484     
         295         296   1.0937974481277057     
         289         297   1.4017271176514607     
         295         297   1.4027785823937238     
         288         298   1.3723618959254189     
         298         299   1.1667271933835852     
         299         300   1.6844310418250061     
         261         301   1.2794729706599755     
         300         301   1.1734293270893916     
         298         302   1.3511069327536029     
         301         302   1.4202802276011623     
         263         303  0.99872038907830352     
         264         304  0.99987859545616331     
         266         305  0.96284676142784320     
         269         306  0.99307308407562189     
         271         307  0.96425126286956520     
         273         308  0.96114673218616276     
         275         309  0.96200194407079542     
         276         310  0.99219412100854043     
         278         311   1.0002231266134030     
         279         312  0.99906046478556065     
         284         313  0.99847961534901875     
         285         314  0.99994212015995587     
         287         315  0.96296287249018153     
         290         316  0.99291812779702016     
         292         317  0.96391511467571889     
         294         318  0.96105297590285199     
         296         319  0.96259143024865224     
         297         320  0.99225088694937436     
         299         321   1.0000895627272524     
         300         322  0.99925455530341833     
         134         323   1.2283783985986216     
         323         324   1.2787472359645704     
         324         325   1.2775018178926569     
         325         326   1.5718059579047317     
         326         327   1.2693289984456837     
         324         328   1.2528321672225227     
         327         328   1.2249260230529451     
         327         329   1.3331267290719020     
         329         330   1.0568163883259440     
         330         331   1.4098930469899924     
         331         332   1.3954078010595805     
         332         333   1.1173655992060063     
         332         334   1.3530518269234031     
         334         335   1.1173309300714858     
         334         336   1.3573518728803355     
         336         337   1.0905209036643893     
         330         338   1.4002689270153499     
         336         338   1.4082362561090287     
         329         339   1.3745806166333703     
         339         340   1.1637886640825110     
         340         341   1.6901161282199002     
         339         342   1.3535619321653196     
         341         343   1.1684993073380021     
         342         343   1.4142134250949496     
         135         344   1.2022102014554386     
         343         344   1.2917479661680624     
         344         345   1.2886782433537194     
         345         346   1.2702677589106668     
         346         347   1.5781183235562555     
         347         348   1.2651910055359161     
         345         349   1.2512701444616772     
         348         349   1.2224589208566337     
         348         350   1.3393164113674374     
         350         351   1.0565919907963606     
         351         352   1.4098525022946948     
         352         353   1.3940790011880597     
         353         354   1.1242955224086468     
         353         355   1.3575918281900934     
         355         356   1.0908875860485150     
         355         357   1.3681937433129745     
         357         358   1.0941676671061795     
         351         359   1.4031385279769422     
         357         359   1.4020322319679324     
         350         360   1.3700197965115510     
         360         361   1.1668599849545875     
         361         362   1.6846403403402221     
         323         363   1.2803440970073627     
         362         363   1.1733453585541487     
         360         364   1.3528253719112322     
         363         364   1.4193607205116618     
         325         365  0.99841878537146411     
         326         366  0.99996642428547922     
         328         367  0.96276342467678711     
         331         368  0.99316927015989598     
         333         369  0.96396220582668324     
         335         370  0.96117302210202127     
         337         371  0.96182754944018778     
         338         372  0.99201945350807019     
         340         373   1.0000311427734045     
         341         374   1.0000574612568389     
         346         375  0.99949933873642993     
         347         376  0.99988243711366287     
         349         377  0.96249430587796392     
         352         378  0.99321126509283553     
         354         379  0.96379198657863641     
         356         380  0.96097606909692079     
         358         381  0.96230794214897264     
         359         382  0.99204971494909100     
         361         383   1.0001211406945050     
         362         384  0.99895721155458517     
