           2           3   1.3852711823617132     
           3           4   1.2038111537015688     
           4           5   1.6326854568689018     
           5           6   1.2139715079937874     
           1           7  0.71416705592483687     
           3           7   1.2566632315322954     
           6           7   1.2359316293458664     
           6           8   1.3825007041517381     
           8           9   1.0287958063955580     
           9          10   1.4209608721132978     
          10          11   1.0190086414177548     
          10          12   1.4355070624693727     
          12          13   1.4323723429658182     
          13          14   1.0082981988687083     
          13          15   1.4323137685686449     
           9          16   1.4212007764976071     
          15          16   1.4354418861222333     
          16          17   1.0189579457853710     
           8          18   1.3723859471662156     
          18          19   1.2270978132916712     
          19          20   1.6076304717004195     
           1          21  0.71418272492488988     
          18          21   1.2295203170276452     
          20          22   1.2354749174847137     
          21          22   1.2831425470918925     
          22          23   1.2817545040165994     
          23          24   1.2825133942244815     
          24          25   1.2356099328403864     
          25          26   1.6073762608527553     
          26          27   1.2271731994166397     
           1          28  0.71386641286665264     
          24          28   1.2829509465982236     
          27          28   1.2296143662980656     
          27          29   1.3722877593268019     
          29          30   1.0288980538238020     
          30          31   1.4175890751798406     
          31          32   1.0189488379151226     
          31          33   1.4397747167174864     
          33          34   1.4280594849938990     
          34          35   1.0081592955881544     
          34          36   1.4367398008073278     
          30          37   1.4244887315153256     
          36          37   1.4312315102222535     
          37          38   1.0189995924139534     
          29          39   1.3823659134685520     
          39          40   1.2138034960006241     
          40          41   1.6328573326311013     
           2          42   1.3855693688087991     
          41          42   1.2036993642545193     
           1          43  0.71449384628788470     
          39          43   1.2360543960185573     
          42          43   1.2564351786345618     
           2          44  0.99779603888614576     
           4          45  0.99520449203169770     
           5          46   1.0019511554532048     
          11          47  0.99384324084181552     
          11          48  0.99382881410825974     
          11          49  0.99739168023101432     
          12          50  0.99466635617855170     
          14          51  0.99895631956650821     
          14          52  0.98828951989495850     
          14          53  0.99922969229724445     
          15          54  0.99470824816439141     
          17          55  0.99266480878952290     
          17          56  0.99739927436554121     
          17          57  0.99466213592787356     
          19          58   1.0009605388246643     
          20          59   1.0000287185126331     
          25          60  0.99990164150414340     
          26          61   1.0009521663623637     
          32          62  0.99500334934839674     
          32          63  0.99729433596634232     
          32          64  0.99243399579475244     
          33          65  0.99510059410892870     
          35          66  0.99457940264179223     
          35          67   1.0013339328728443     
          35          68  0.99070839219199514     
          36          69  0.99428723500382221     
          38          70  0.99362500162041312     
          38          71  0.99399363045603650     
          38          72  0.99741089294384966     
          40          73   1.0019903314263865     
          41          74  0.99519205704458280     
          76          77   1.3852680955817114     
          77          78   1.2038110612021891     
          78          79   1.6326860353116255     
          79          80   1.2139710623500479     
          75          81  0.71418129180154299     
          77          81   1.2566651641375095     
          80          81   1.2359185439353606     
          80          82   1.3825118266836192     
          82          83   1.0287917395004111     
          83          84   1.4209674015086935     
          84          85   1.0190079364328577     
          84          86   1.4355030511638232     
          86          87   1.4323750355767637     
          87          88   1.0082981860417040     
          87          89   1.4323115157856592     
          83          90   1.4211966524031401     
          89          90   1.4354451385963556     
          90          91   1.0189584698048695     
          82          92   1.3723793967890714     
          92          93   1.2271005814702274     
          93          94   1.6076258501140335     
          75          95  0.71417692331796401     
          92          95   1.2295217532485860     
          94          96   1.2354763220973415     
          95          96   1.2831383253915707     
          96          97   1.2817699477904940     
          97          98   1.2825013926405500     
          98          99   1.2356068157250193     
          99         100   1.6073826857318707     
         100         101   1.2271674375685535     
          75         102  0.71384839751737328     
          98         102   1.2829523230704378     
         101         102   1.2296347227999129     
         101         103   1.3722794322526966     
         103         104   1.0289042404302067     
         104         105   1.4175937922511013     
         105         106   1.0189492025609928     
         105         107   1.4397680670625532     
         107         108   1.4280656869919877     
         108         109   1.0081592450314452     
         108         110   1.4367324481653407     
         104         111   1.4244787978911553     
         110         111   1.4312401673044437     
         111         112   1.0189997131942461     
         103         113   1.3823658769104386     
         113         114   1.2138040147839275     
         114         115   1.6328551003381242     
          76         116   1.3855708096530499     
         115         116   1.2037008765763306     
          75         117  0.71449751650529358     
         113         117   1.2360539124308880     
         116         117   1.2564319970668190     
          76         118  0.99779614910204717     
          78         119  0.99520411805489917     
          79         120   1.0019510235865625     
          85         121  0.99383614489863692     
          85         122  0.99383460990442329     
          85         123  0.99739209849091948     
          86         124  0.99466689604584857     
          88         125  0.99895901554245481     
          88         126  0.98828928806673044     
          88         127  0.99922709315084923     
          89         128  0.99470768152162881     
          91         129  0.99265997223936031     
          91         130  0.99739863546369523     
          91         131  0.99466886787220232     
          93         132   1.0009593615984760     
          94         133   1.0000249064877409     
          99         134  0.99990539748256890     
         100         135   1.0009533843242742     
         106         136  0.99499841622012208     
         106         137  0.99729424803348199     
         106         138  0.99243761662212049     
         107         139  0.99510065135748094     
         109         140  0.99458266034522325     
         109         141   1.0013330978497819     
         109         142  0.99070591079261239     
         110         143  0.99428713726584184     
         112         144  0.99363112232233164     
         112         145  0.99398847083224906     
         112         146  0.99741053590439965     
         114         147   1.0019903640376906     
         115         148  0.99519216516457831     
         149         150   2.3521780755482879     
         150         151   1.3708167492399830     
          23         152   1.2381141031019931     
         149         152  0.16225661936598476     
         151         152   2.4500674837212451     
         149         153   1.3708156772833591     
          97         154   1.2381146806587751     
         150         154  0.16225619604976524     
         153         154   2.4500685285527939     
