           2           3   1.3846993017099067     
           3           4   1.1981527046751623     
           4           5   1.6412239252180383     
           5           6   1.2035949306429885     
           1           7  0.60873797423314613     
           3           7   1.2749318478113789     
           6           7   1.2622668088377194     
           6           8   1.3710674133040825     
           8           9   1.3623569426971713     
           9          10   1.2157612268563462     
          10          11   1.6184968409001499     
           1          12  0.60680685118466937     
           9          12   1.2571356210529547     
          11          13   1.2276239972508431     
          12          13   1.3002660330057989     
          13          14   1.2931160155271550     
          14          15   1.2930673459921636     
          15          16   1.2274669078642684     
          16          17   1.6190746424838711     
          17          18   1.2156776366514885     
          18          19   1.3631674653706642     
          19          20   1.0366252087171532     
          20          21   1.3793811631594333     
          21          22   1.1201611144420465     
          22          23  0.98364911100486085     
          21          24   1.3866863009984849     
          24          25   1.4390700972705119     
          25          26   1.4386687712810315     
          20          27   1.3795949948362876     
          26          27   1.3868175913814720     
          27          28   1.1189531221813636     
          28          29  0.98389877560816186     
          19          30   1.3712674287500757     
          30          31   1.2036469594104826     
          31          32   1.6414248906163817     
           2          33   1.3845752208898274     
          32          33   1.1982436710878064     
           1          34  0.60862481896792364     
          30          34   1.2621905384039529     
          33          34   1.2749761773535557     
           1          35  0.60673722587879886     
          15          35   1.3005137402765103     
          18          35   1.2567758821574639     
           8          36   1.0382441825961792     
          36          37   1.3784664145079417     
          37          38   1.1201041407115324     
          38          39  0.98361679506554767     
          37          40   1.3870820651329239     
          40          41   1.4388964732772815     
          41          42   1.4386117228610142     
          36          43   1.3792030342453760     
          42          43   1.3870283911525938     
          43          44   1.1186540001281915     
          44          45  0.98383410645796299     
           2          46  0.99828227056729690     
           4          47  0.99560204261061225     
           5          48   1.0007111727377063     
          10          49  0.99972157354524482     
          11          50   1.0007922040569874     
          16          51   1.0007544146260035     
          17          52  0.99968967759040117     
          23          53  0.99656761636252789     
          23          54  0.98643191750588388     
          23          55  0.99657314615604697     
          24          56  0.98946812592780597     
          25          57  0.98605551542975589     
          26          58  0.98947586870813753     
          29          59  0.98675174430950163     
          29          60  0.99724708673505769     
          29          61  0.99623520143459399     
          31          62   1.0005633948763044     
          32          63  0.99568534875960291     
          39          64  0.98643117927986834     
          39          65  0.99648183351666453     
          39          66  0.99665750099657846     
          40          67  0.98947775537664162     
          41          68  0.98604571680744924     
          42          69  0.98950011212049316     
          45          70  0.99617219974782611     
          45          71  0.98676357256470149     
          45          72  0.99736893049233688     
          74          75   1.3849687659081529     
          75          76   1.1979520835380326     
          76          77   1.6415817701000204     
          77          78   1.2033094297788809     
          73          79  0.60829749109127917     
          75          79   1.2750538744465993     
          78          79   1.2623760911739861     
          78          80   1.3715841390148309     
          80          81   1.3624869615604511     
          81          82   1.2154669215091303     
          82          83   1.6193165365132121     
          73          84  0.60672097776204248     
          81          84   1.2579163972928713     
          83          85   1.2272970222047368     
          84          85   1.2992342433244648     
          85          86   1.2949409950175712     
          86          87   1.2950247681313465     
          87          88   1.2271112889245270     
          88          89   1.6199157400827686     
          89          90   1.2152811261385301     
          90          91   1.3632749919047891     
          91          92   1.0361320826919362     
          92          93   1.3790471711766181     
          93          94   1.1203572199631895     
          94          95  0.98350595581779710     
          93          96   1.3867296988463522     
          96          97   1.4391031852539420     
          97          98   1.4386947099603211     
          92          99   1.3803056430341674     
          98          99   1.3867113920190215     
          99         100   1.1183892395150936     
         100         101  0.98395202995376962     
          91         102   1.3717850159146345     
         102         103   1.2033860813814272     
         103         104   1.6417499027966818     
          74         105   1.3847913351330778     
         104         105   1.1980624046276420     
          73         106  0.60833303758302093     
         102         106   1.2622562300534508     
         105         106   1.2751157367404804     
          73         107  0.60648868071139084     
          87         107   1.2994735916766633     
          90         107   1.2576538922298042     
          80         108   1.0377168575046407     
         108         109   1.3782892442685404     
         109         110   1.1202371424984447     
         110         111  0.98349713848154097     
         109         112   1.3870667818387608     
         112         113   1.4389597192380934     
         113         114   1.4386143578031581     
         108         115   1.3797896898957558     
         114         115   1.3869609291437672     
         115         116   1.1181534936788640     
         116         117  0.98389401305387969     
          74         118  0.99824997932054382     
          76         119  0.99557361138953182     
          77         120   1.0006823911272382     
          82         121  0.99960576473318608     
          83         122   1.0004174678549460     
          88         123   1.0004795006059957     
          89         124  0.99955907680024803     
          95         125  0.99665629302775749     
          95         126  0.98644095756003325     
          95         127  0.99650991598190464     
          96         128  0.98945928246574955     
          97         129  0.98603507198963458     
          98         130  0.98942341465752348     
         101         131  0.98682805335794144     
         101         132  0.99726664089727746     
         101         133  0.99625553292086322     
         103         134   1.0005581622575330     
         104         135  0.99564414818681546     
         111         136  0.98646293818749509     
         111         137  0.99659082576542535     
         111         138  0.99660396793792283     
         112         139  0.98947341669523536     
         113         140  0.98602395036056778     
         114         141  0.98943650104475100     
         117         142  0.99622854843306663     
         117         143  0.98683205727738565     
         117         144  0.99734332119107116     
          14         145   1.2151231871127546     
         145         146   2.6078185981542381     
         147         148   2.5905851393651464     
          86         150   1.2119792013494886     
         149         150   2.6102116479637414     
         146         152   1.2158799541752678     
         152         153   1.2873530924782797     
         153         154   1.2304090519711821     
         154         155   1.6133369008825158     
         155         156   1.2196892544440643     
         151         157  0.63141246364813797     
         153         157   1.2994212584981535     
         156         157   1.2427648926811727     
         156         158   1.3700348166097047     
         158         159   1.3635808028278524     
         159         160   1.2228456016237010     
         160         161   1.6086440663239689     
         151         162  0.63179823942533664     
         159         162   1.2448034100832477     
         161         163   1.2354177060962064     
         162         163   1.3001515769788363     
         147         164   1.2332535377412390     
         163         164   1.2804334087952121     
         164         165   1.2797869771412667     
         165         166   1.2353898258479177     
         166         167   1.6090594165309757     
         167         168   1.2228248740861576     
         168         169   1.3642856416962617     
         169         170   1.0391587898453569     
         170         171   1.3793582955446235     
         171         172   1.1199686813892076     
         172         173  0.98391370574266790     
         171         174   1.3868500975771969     
         174         175   1.4386391684774369     
         175         176   1.4388405651765865     
         170         177   1.3783122106239849     
         176         177   1.3869046434848733     
         177         178   1.1210545088045065     
         178         179  0.98366896099420498     
         169         180   1.3704509593764880     
         180         181   1.2196828886193183     
         181         182   1.6138330258483533     
         152         183   1.2874217305347853     
         182         183   1.2303799299008908     
         151         184  0.63165067070729863     
         180         184   1.2426562163859329     
         183         184   1.2993444528331712     
         151         185  0.63129182725248600     
         165         185   1.3007522894519454     
         168         185   1.2444382305899639     
         158         186   1.0406761605126291     
         186         187   1.3774921332787362     
         187         188   1.1209289094781429     
         188         189  0.98362479148943771     
         187         190   1.3872982806256564     
         190         191   1.4386203798525987     
         191         192   1.4386429911178127     
         186         193   1.3788795965741241     
         192         193   1.3870160862628518     
         193         194   1.1198534850553570     
         194         195  0.98384356748789104     
         154         196   1.0007604968748345     
         155         197   1.0005750993075826     
         160         198   1.0004322096684122     
         161         199   1.0001871305940087     
         166         200   1.0000671378320742     
         167         201   1.0004102517985678     
         173         202  0.99711336064753842     
         173         203  0.98658686580125954     
         173         204  0.99633540963256406     
         174         205  0.98969846565231112     
         175         206  0.98624311251696672     
         176         207  0.98962602286128154     
         179         208  0.98639642206329248     
         179         209  0.99649398509378750     
         179         210  0.99672471349845593     
         181         211   1.0004952198271628     
         182         212   1.0008241669635787     
         189         213  0.99638950919031199     
         189         214  0.98639806464435409     
         189         215  0.99686082265034681     
         190         216  0.98964750117768063     
         191         217  0.98623846007723537     
         192         218  0.98972132780324296     
         195         219  0.99619683186559105     
         195         220  0.99729080921731994     
         195         221  0.98659273621898691     
         148         223   1.2330910274668272     
         223         224   1.2806191379616565     
         224         225   1.2355612146513211     
         225         226   1.6084457954844109     
         226         227   1.2228129375586041     
         222         228  0.63300166809726000     
         224         228   1.2996680936147840     
         227         228   1.2446075404103962     
         227         229   1.3635472754134372     
         229         230   1.3707089938878976     
         230         231   1.2194783733644929     
         231         232   1.6140588502080355     
         222         233  0.63318050416026894     
         230         233   1.2427231977437949     
         232         234   1.2301156564085458     
         233         234   1.2980582166853902     
         149         235   1.2129046621804827     
         234         235   1.2889954502568624     
         235         236   1.2888219521138671     
         236         237   1.2300229345153175     
         237         238   1.6143417396564648     
         238         239   1.2194629837989537     
         239         240   1.3709346572659238     
         240         241   1.0387186582555592     
         241         242   1.3789039331127868     
         242         243   1.1205075250911138     
         243         244  0.98372552902304189     
         242         245   1.3868712021192953     
         245         246   1.4387852596307529     
         246         247   1.4387681792298714     
         241         248   1.3790691881487145     
         247         248   1.3867798800283679     
         248         249   1.1202297735178519     
         249         250  0.98375041049922152     
         240         251   1.3642144150821722     
         251         252   1.2228493358440489     
         252         253   1.6088072803486178     
         223         254   1.2802548658549502     
         253         254   1.2355685119982189     
         222         255  0.63343201059903298     
         251         255   1.2441570594091056     
         254         255   1.2998994222480642     
         222         256  0.63256921894200624     
         236         256   1.2982402394784029     
         239         256   1.2427298760744863     
         229         257   1.0400805186199376     
         257         258   1.3786668184294868     
         258         259   1.1200048706546462     
         259         260  0.98372569303744428     
         258         261   1.3869915375027986     
         261         262   1.4386708620810464     
         262         263   1.4386897541134447     
         257         264   1.3782248347491517     
         263         264   1.3871756091808971     
         264         265   1.1204468918957129     
         265         266  0.98365333314426751     
         225         267   1.0001595673962405     
         226         268   1.0004382636120126     
         231         269   1.0004960909414007     
         232         270   1.0005694803524163     
         237         271   1.0006806867306477     
         238         272   1.0003866330150790     
         244         273  0.99674375826214889     
         244         274  0.98646651100216087     
         244         275  0.99652403804545853     
         245         276  0.98957533763560179     
         246         277  0.98622931060167141     
         247         278  0.98969159301776088     
         250         279  0.98660066907283128     
         250         280  0.99646217391954828     
         250         281  0.99703061920414027     
         252         282   1.0004067540701163     
         253         283   1.0000386040437508     
         260         284  0.99640261644881667     
         260         285  0.98663002220192420     
         260         286  0.99714174049432125     
         261         287  0.98971628470891093     
         262         288  0.98622614307336809     
         263         289  0.98958906352399501     
         266         290  0.99644953265262515     
         266         291  0.99684181225759616     
         266         292  0.98644807209669005     
