           2           3   1.3876430951557641     
           3           4   1.2038021463480411     
           4           5   1.6352040295325603     
           5           6   1.2122588056820287     
           1           7  0.71340858942878205     
           3           7   1.2551890556769107     
           6           7   1.2447603657418527     
           6           8   1.3699523136471261     
           8           9   1.0459860320375474     
           9          10   1.8015507106320872     
          10          11   1.0093415779353265     
          11          12  0.96646135956241674     
          12          13   1.1806894687490981     
           9          14   1.1187397528647525     
          13          14   1.7077401745757312     
           8          15   1.3651331668431546     
          15          16   1.2226031707802567     
          16          17   1.6166449954096285     
           1          18  0.71470061264968687     
          15          18   1.2363347853652624     
          17          19   1.2295658546481909     
          18          19   1.2778754780401409     
          19          20   1.2931985492649241     
          20          21   1.2936441727991357     
          21          22   1.2294786128914592     
          22          23   1.6167620466690800     
          23          24   1.2225226112391481     
           1          25  0.71421829812129567     
          21          25   1.2781789346846615     
          24          25   1.2360630283436012     
          24          26   1.3657588694799305     
          26          27   1.0454349016957132     
          27          28   1.8020078010254990     
          28          29   1.0093841545426494     
          29          30  0.96651384392208639     
          30          31   1.1803703740501763     
          27          32   1.1188717205587080     
          31          32   1.7079905263349822     
          26          33   1.3696699630622919     
          33          34   1.2122466826138851     
          34          35   1.6351507980849933     
           2          36   1.3877670172814676     
          35          36   1.2037931464447604     
           1          37  0.71355929934177131     
          33          37   1.2450098211501603     
          36          37   1.2549528747612126     
           2          38  0.99679037514218372     
           4          39  0.99387012402174646     
           5          40   1.0000307443763781     
          10          41  0.98697700284474210     
          11          42  0.98741273782491146     
          11          43  0.98012958515656035     
          12          44  0.95639252160990329     
          13          45  0.97984411826072204     
          14          46  0.98727163492078907     
          16          47  0.99962695980331895     
          17          48  0.99865915440316733     
          22          49  0.99860713322821171     
          23          50  0.99966863950159457     
          28          51  0.98694038878046964     
          29          52  0.98741988888558230     
          29          53  0.98009347653652990     
          30          54  0.95651810399736159     
          31          55  0.97987723185839160     
          32          56  0.98726229089199691     
          34          57   1.0000722622525307     
          35          58  0.99387666711987055     
          60          61   1.3871220592398927     
          61          62   1.2039988483725885     
          62          63   1.6348252425176732     
          63          64   1.2124602145977372     
          59          65  0.71368303585144299     
          61          65   1.2552633601110013     
          64          65   1.2445023718478543     
          64          66   1.3696226603232100     
          66          67   1.0462756824345230     
          67          68   1.8012516917358061     
          68          69   1.0093811961761940     
          69          70  0.96656172627293591     
          70          71   1.1805263112705859     
          67          72   1.1186437457399907     
          71          72   1.7079971687079902     
          66          73   1.3652006418312044     
          73          74   1.2224371158797411     
          74          75   1.6170394274604176     
          59          76  0.71485059277306384     
          73          76   1.2360312034603369     
          75          77   1.2292322242846943     
          76          77   1.2776083625242971     
          77          78   1.2932415863360527     
          78          79   1.2947713053308081     
          79          80   1.2292100265647616     
          80          81   1.6170698078288477     
          81          82   1.2222884311245448     
          59          83  0.71439068144844664     
          79          83   1.2776305010243441     
          82          83   1.2360803594801186     
          82          84   1.3655383328495987     
          84          85   1.0459986746220060     
          85          86   1.8014607129163938     
          86          87   1.0094083433604228     
          87          88  0.96647544486456327     
          88          89   1.1805493776417690     
          85          90   1.1188582165567920     
          89          90   1.7077915845857412     
          84          91   1.3693504083674932     
          91          92   1.2122805421348828     
          92          93   1.6350826482264087     
          60          94   1.3879565870077102     
          93          94   1.2037414860263398     
          59          95  0.71398531186541891     
          91          95   1.2449721675270633     
          94          95   1.2546098752146309     
          60          96  0.99676743710568549     
          62          97  0.99386303680391186     
          63          98  0.99999716705403685     
          68          99  0.98701034531206233     
          69         100  0.98742088806537942     
          69         101  0.98010892424505769     
          70         102  0.95642426779138268     
          71         103  0.97980763297663953     
          72         104  0.98723419998705453     
          74         105  0.99959006634672276     
          75         106  0.99867250947540254     
          80         107  0.99856581821364154     
          81         108  0.99969204896378872     
          86         109  0.98696380755317692     
          87         110  0.98743854678490717     
          87         111  0.98007048781419581     
          88         112  0.95646066460501655     
          89         113  0.97986088560823970     
          90         114  0.98728604631278860     
          92         115   1.0000421544715041     
          93         116  0.99387710043696786     
          20         117   1.2209995324185652     
         117         118   2.4605929089139389     
         118         119   1.3641325038051888     
         117         120  0.16419177109466149     
         119         120   2.3399693803690487     
         120         121   1.3929938820339440     
         119         122  0.15853683025260140     
         121         122   2.3388857937191916     
         122         123   1.3661949385527035     
         121         124  0.16398358702246618     
         123         124   2.4567266896824034     
         125         126   2.4581035890628335     
         126         127   1.3649971580456139     
         125         128  0.16436356034832786     
         127         128   2.3404552505272544     
         128         129   1.3915940719869300     
         127         130  0.15893834373245749     
         129         130   2.3417811386165188     
         130         131   1.3627265328806946     
          78         132   1.2198490548393854     
         129         132  0.16458568921199862     
         131         132   2.4622670050248394     
         124         134   1.2253011881314406     
         134         135   1.2862957345230577     
         135         136   1.2316872565676504     
         136         137   1.6155320144331156     
         137         138   1.2224505383883233     
         133         139  0.71107545639331193     
         135         139   1.2840819754516510     
         138         139   1.2297316230128938     
         138         140   1.3723042305313122     
         140         141   1.0463702081372481     
         141         142   1.7995028971653608     
         142         143   1.0093562243409722     
         143         144  0.96764648403611297     
         144         145   1.1786516862659362     
         141         146   1.1195300476087344     
         145         146   1.7069024929970880     
         140         147   1.3627153807537336     
         147         148   1.2254156098754159     
         148         149   1.6145905583098310     
         133         150  0.71278513615353423     
         147         150   1.2363568650308254     
         149         151   1.2303067626517847     
         150         151   1.2776511285771861     
         125         152   1.2239748829163264     
         151         152   1.2912571677351261     
         152         153   1.2878241780607902     
         153         154   1.2317130860442709     
         154         155   1.6151756973342908     
         155         156   1.2228088818586358     
         133         157  0.71113452572680891     
         153         157   1.2831477279053261     
         156         157   1.2308490464056812     
         156         158   1.3710348368689509     
         158         159   1.0476716895999989     
         159         160   1.8007832337377492     
         160         161   1.0094063444679966     
         161         162  0.96627083885202492     
         162         163   1.1803961108048397     
         159         164   1.1183416975989198     
         163         164   1.7084926717895115     
         158         165   1.3627533950301183     
         165         166   1.2248806078058967     
         166         167   1.6150255750592322     
         134         168   1.2917557112018101     
         167         168   1.2299087246882960     
         133         169  0.71398740907876956     
         165         169   1.2360087586469837     
         168         169   1.2772169080738847     
         136         170  0.99888092939327044     
         137         171   1.0001326353009172     
         142         172  0.98606458020578180     
         143         173  0.97755466604003316     
         143         174  0.98759508514062599     
         144         175  0.95677352334279153     
         145         176  0.98005232278931509     
         146         177  0.98791005815494481     
         148         178  0.99934876012259333     
         149         179  0.99921061376496423     
         154         180  0.99893962507722156     
         155         181  0.99954018823782853     
         160         182  0.98714655618529268     
         161         183  0.97997302337443559     
         161         184  0.98746528183105042     
         162         185  0.95666045348247397     
         163         186  0.98005310013198910     
         164         187  0.98739981374307739     
         166         188   1.0003326155890648     
         167         189  0.99902817199196203     
