   -0.01843150
    0.06385303
   -0.03170682
   -0.03085064
    0.06490254
   -0.15710791
    0.00968634
    0.01443579
   -0.01779955
   -0.01082484
    0.03196518
    0.45257680
   -0.28018766
   -0.29222477
   -0.27778533
   -0.00987379
   -0.01609685
    0.06169907
   -0.03583818
   -0.03546829
   -0.28317031
    0.06563982
    0.02028337
    0.06778701
   -0.03044054
   -0.03078248
    0.06422231
   -0.15556183
    0.00934006
    0.01441518
   -0.01740235
   -0.01043296
    0.03186822
    0.45239681
   -0.27856162
   -0.29161858
   -0.28040909
   -0.01041345
   -0.01660616
    0.06264509
   -0.03606964
   -0.03692058
    0.06092464
   -0.28489335
    0.03354765
    0.04427382
    0.03627788
    0.16590398
    0.03418562
    0.04517534
    0.22917113
    0.04610203
    0.03497671
    0.02639436
    0.02851443
    0.03836960
    0.03665518
    0.16465652
    0.03473571
    0.04542769
    0.22958950
    0.04555769
    0.03425174
    0.02589146
    0.03429091
   -0.01839625
    0.06388460
   -0.03169373
   -0.03082550
    0.06494382
   -0.15709815
    0.00973564
    0.01446270
   -0.01767590
   -0.01074295
    0.03201900
    0.45255099
   -0.28015103
   -0.29239613
   -0.27763945
   -0.00991063
   -0.01609840
    0.06172186
   -0.03572199
   -0.03537129
   -0.28297789
    0.06574343
    0.02048745
    0.06784451
   -0.03031866
   -0.03062916
    0.06427218
   -0.15542338
    0.00943508
    0.01439824
   -0.01729913
   -0.01038152
    0.03190092
    0.45233990
   -0.27857815
   -0.29146781
   -0.28058850
   -0.01041457
   -0.01661218
    0.06270656
   -0.03601160
   -0.03691366
    0.06096320
   -0.28481806
    0.03352376
    0.04422019
    0.03620373
    0.16593594
    0.03438167
    0.04535400
    0.22896892
    0.04586884
    0.03472240
    0.02654313
    0.02885089
    0.03865191
    0.03679609
    0.16467592
    0.03496148
    0.04548956
    0.22963302
    0.04553891
    0.03414874
    0.02589992
    0.03424579
   -0.01601087
   -0.01794032
   -0.01974753
   -0.01425198
   -0.01864238
   -0.01891413
   -0.02046498
   -0.01704193
   -0.01938604
   -0.01797320
   -0.01959556
   -0.01771251
   -0.01935064
   -0.01759277
   -0.01926066
   -0.01769155
   -0.01923543
   -0.01759824
   -0.01932050
   -0.01763419
   -0.01948588
   -0.01756146
   -0.01928245
   -0.01792881
   -0.02013234
   -0.01687252
   -0.01848779
   -0.01861307
   -0.01912240
   -0.01404253
   -0.01575493
   -0.01746642
    0.01559129
    0.06663952
   -0.03370461
   -0.03225778
    0.06191681
   -0.15575884
    0.01139923
    0.01517155
   -0.01586602
   -0.01004330
    0.03181382
    0.45217320
   -0.28035090
   -0.29212204
   -0.27860398
   -0.01080441
   -0.01732212
    0.05947883
   -0.03700470
   -0.03728737
   -0.28304797
    0.06516270
    0.01835913
    0.06709359
   -0.03223900
   -0.03178508
    0.06221328
   -0.15487400
    0.01098465
    0.01508723
   -0.01607115
   -0.01017233
    0.03180237
    0.45206793
   -0.27866906
   -0.29161105
   -0.28072881
   -0.01064602
   -0.01715321
    0.05994356
   -0.03703349
   -0.03789620
    0.06463539
   -0.28426224
    0.03509386
    0.03423812
    0.16430431
    0.03460688
    0.04531724
    0.22877470
    0.04459840
    0.03405552
    0.02450133
    0.02667020
    0.03740155
    0.03442358
    0.16395933
    0.03410504
    0.04481706
    0.22876064
    0.04514482
    0.03460927
    0.02492181
    0.02535221
    0.01619577
    0.06681149
   -0.03353098
   -0.03234703
    0.06134995
   -0.15520085
    0.01184481
    0.01517913
   -0.01589781
   -0.01011679
    0.03176561
    0.45189613
   -0.28140655
   -0.29108873
   -0.27768732
   -0.01077977
   -0.01710376
    0.05914990
   -0.03704540
   -0.03773559
   -0.28333186
    0.06501816
    0.01732889
    0.06696176
   -0.03291509
   -0.03197658
    0.06161458
   -0.15500300
    0.01174626
    0.01523050
   -0.01598825
   -0.01018181
    0.03186036
    0.45199025
   -0.27991388
   -0.29103397
   -0.27999632
   -0.01052764
   -0.01701270
    0.05902225
   -0.03733597
   -0.03819338
    0.06483064
   -0.28361912
    0.03599094
    0.03434367
    0.16392768
    0.03419637
    0.04463777
    0.22901908
    0.04496372
    0.03423162
    0.02410466
    0.02599892
    0.03666879
    0.03390418
    0.16384727
    0.03391119
    0.04493495
    0.22915171
    0.04473277
    0.03453065
    0.02468221
    0.02541112
    0.01718427
    0.06693010
   -0.03299664
   -0.03211990
    0.06166276
   -0.15500699
    0.01184842
    0.01512988
   -0.01592602
   -0.01011876
    0.03179443
    0.45190123
   -0.28138762
   -0.29087953
   -0.27773922
   -0.01071856
   -0.01707538
    0.05934116
   -0.03693296
   -0.03767624
   -0.28331451
    0.06505087
    0.01733509
    0.06702938
   -0.03281620
   -0.03181808
    0.06176948
   -0.15499257
    0.01189769
    0.01520924
   -0.01594284
   -0.01011142
    0.03190429
    0.45200949
   -0.27991465
   -0.29082579
   -0.28004296
   -0.01051021
   -0.01702539
    0.05919201
   -0.03719720
   -0.03782984
    0.06495735
   -0.28327882
    0.03656216
    0.03468614
    0.16399132
    0.03416213
    0.04461773
    0.22919179
    0.04510838
    0.03434673
    0.02418647
    0.02598987
    0.03668669
    0.03400976
    0.16395322
    0.03402566
    0.04507827
    0.22932367
    0.04473626
    0.03453819
    0.02495208
    0.02589578
    0.01746960
    0.06703147
   -0.03277227
   -0.03196584
    0.06181793
   -0.15495458
    0.01190848
    0.01510300
   -0.01593554
   -0.01010987
    0.03181645
    0.45192611
   -0.28136526
   -0.29080423
   -0.27770170
   -0.01068825
   -0.01706934
    0.05943682
   -0.03688745
   -0.03762001
   -0.28320918
    0.06506501
    0.01752656
    0.06704991
   -0.03271723
   -0.03175455
    0.06189254
   -0.15493768
    0.01192831
    0.01517940
   -0.01593943
   -0.01008131
    0.03192725
    0.45203386
   -0.27987574
   -0.29075146
   -0.28006932
   -0.01050267
   -0.01703546
    0.05933839
   -0.03708314
   -0.03765988
    0.06504250
   -0.28318683
    0.03681584
    0.03488647
    0.16405357
    0.03418476
    0.04463842
    0.22927659
    0.04521133
    0.03441442
    0.02425694
    0.02604274
    0.03675317
    0.03408648
    0.16401651
    0.03407877
    0.04516204
    0.22941997
    0.04476175
    0.03455176
    0.02512964
    0.02612208
    0.01733195
    0.06703511
   -0.03283273
   -0.03199279
    0.06174037
   -0.15498908
    0.01190735
    0.01511611
   -0.01593987
   -0.01013295
    0.03180395
    0.45190078
   -0.28139391
   -0.29077542
   -0.27777293
   -0.01068968
   -0.01706193
    0.05934058
   -0.03696427
   -0.03775024
   -0.28327015
    0.06500358
    0.01731073
    0.06697516
   -0.03289442
   -0.03187187
    0.06177653
   -0.15496743
    0.01190443
    0.01519662
   -0.01593597
   -0.01008323
    0.03191140
    0.45200510
   -0.27990372
   -0.29073129
   -0.28015792
   -0.01052668
   -0.01704138
    0.05927551
   -0.03710021
   -0.03769034
    0.06505031
   -0.28325337
    0.03678979
    0.03485789
    0.16401444
    0.03413710
    0.04457438
    0.22929315
    0.04521352
    0.03441109
    0.02413859
    0.02587556
    0.03656130
    0.03394398
    0.16398119
    0.03407421
    0.04515043
    0.22942562
    0.04469950
    0.03451521
    0.02510982
    0.02610971
    0.01740547
    0.06699770
   -0.03287216
   -0.03208762
    0.06166185
   -0.15496370
    0.01181482
    0.01511741
   -0.01599104
   -0.01018972
    0.03177492
    0.45187370
   -0.28141888
   -0.29073429
   -0.27786194
   -0.01068647
   -0.01704460
    0.05925310
   -0.03702210
   -0.03799986
   -0.28353109
    0.06493466
    0.01652869
    0.06690382
   -0.03330289
   -0.03201494
    0.06156131
   -0.15510897
    0.01194147
    0.01522248
   -0.01591635
   -0.01007494
    0.03188789
    0.45197607
   -0.27988988
   -0.29066548
   -0.28038313
   -0.01058001
   -0.01706424
    0.05914989
   -0.03716713
   -0.03771231
    0.06504851
   -0.28321646
    0.03682463
    0.03482376
    0.16394905
    0.03403427
    0.04446886
    0.22932350
    0.04524673
    0.03443493
    0.02399783
    0.02555378
    0.03614141
    0.03371929
    0.16395230
    0.03410053
    0.04516247
    0.22947084
    0.04461524
    0.03444496
    0.02508213
    0.02615696
    0.01847737
    0.06719684
   -0.03214348
   -0.03175241
    0.06236701
   -0.15478948
    0.01126749
    0.01492745
   -0.01611249
   -0.01019715
    0.03186007
    0.45200505
   -0.28114470
   -0.29075970
   -0.27793184
   -0.01055866
   -0.01705047
    0.06026826
   -0.03644677
   -0.03747772
   -0.28392111
    0.06484034
    0.01630293
    0.06679075
   -0.03331221
   -0.03179041
    0.06219961
   -0.15551395
    0.01157176
    0.01506061
   -0.01594809
   -0.01003750
    0.03187315
    0.45204663
   -0.27966464
   -0.29043876
   -0.28084196
   -0.01068899
   -0.01721269
    0.05957591
   -0.03701298
   -0.03723930
    0.06521688
   -0.28287220
    0.03756357
    0.03542595
    0.16410362
    0.03390438
    0.04455927
    0.22948279
    0.04558298
    0.03466996
    0.02468257
    0.02606064
    0.03550587
    0.03377129
    0.16433869
    0.03422835
    0.04538774
    0.22977201
    0.04473260
    0.03451970
    0.02554648
    0.02683100
