           1           2   1.3756692613872268     
           2           3   1.2378161118695945     
           3           4   1.6037272087499270     
           4           5   1.2470637403871829     
           2           6   1.2293128005166223     
           5           6   1.2327204701729111     
           5           7   1.3436247043262084     
           7           8   1.0528775053413888     
           8           9   1.4206962542282935     
           9          10   1.4536024003163472     
          10          11   1.4193988422372130     
          11          12  0.89027275305783760     
          12          13   1.8916416720798501     
          12          14   1.0792421526639180     
          12          15   1.8970998565210069     
          13          15  0.13473474856209136     
          14          15  0.10036896371137768     
          11          16   1.4199591655112711     
           8          17   1.4210298878068142     
          16          17   1.4534542039248113     
           7          18   1.3646039092882916     
          18          19   1.1577060523829676     
          19          20   1.6986322321052132     
          18          21   1.3627185783901552     
          20          22   1.1624378216196460     
          21          22   1.4057831756196482     
          22          23   1.3011415457877791     
          23          24   1.2998395436538588     
          24          25   1.2606938970072987     
          25          26   1.5925978837227028     
          26          27   1.2526829596838449     
          24          28   1.2465316504724631     
          27          28   1.2251099446076728     
          27          29   1.3473230045699551     
          29          30   1.0541854443844325     
          30          31   1.4203908893445820     
          31          32   1.4535341502620236     
          32          33   1.4196300671865447     
          33          34  0.89042407234508036     
          34          35   1.8965506033063717     
          34          36   1.0793954030991355     
          35          36  0.10042360954593735     
          34          37   1.8917918769999582     
          35          37  0.13464858596016291     
          33          38   1.4192577734487568     
          30          39   1.4200038851273653     
          38          39   1.4541430356692224     
          29          40   1.3544094183927264     
          40          41   1.1510819847606610     
          41          42   1.7098233257438913     
           1          43   1.3866852593550303     
          42          43   1.1455281609913917     
          40          44   1.3850682201552729     
          43          44   1.3738156538486794     
           1          45  0.99503876702080740     
           3          46  0.99155682277249257     
           4          47  0.99790534227853700     
           6          48  0.96025000441366559     
           9          49  0.98702381713612297     
          10          50  0.98401768941348811     
          14          51  0.93683909291545864     
          16          52  0.98396376844745370     
          17          53  0.98690084630735131     
          19          54  0.99743826105533473     
          20          55  0.99814314999035703     
          25          56  0.99729126319877071     
          26          57  0.99716009136164752     
          28          58  0.95909491400942337     
          31          59  0.98694287844496498     
          32          60  0.98390705007244983     
          36          61  0.93666637825998289     
          38          62  0.98414705708087191     
          39          63  0.98703617496541052     
          41          64  0.99821430748341744     
          42          65  0.99205400168300883     
          66          67   1.3757271653528096     
          67          68   1.2377879785699861     
          68          69   1.6037841174656984     
          69          70   1.2470994780982949     
          67          71   1.2293623529791784     
          70          71   1.2326739344990743     
          70          72   1.3436795433862745     
          72          73   1.0535793146165522     
          73          74   1.4206326202477568     
          74          75   1.4535975895740181     
          75          76   1.4194139879965522     
          76          77  0.89024166153794326     
          77          78   1.8913372360372196     
          77          79   1.0789522239943652     
          77          80   1.8977699410256399     
          78          80  0.13471846449879277     
          79          80  0.10064056629107281     
          76          81   1.4197587994603138     
          73          82   1.4204571404024200     
          81          82   1.4537350755918321     
          72          83   1.3640516319751355     
          83          84   1.1578910926673172     
          84          85   1.6981564777644715     
          83          86   1.3629265156195507     
          85          87   1.1626826113189228     
          86          87   1.4059692263050707     
          87          88   1.3002061624819987     
          88          89   1.2993889418471114     
          89          90   1.2609197442577960     
          90          91   1.5923339546210311     
          91          92   1.2528199816668828     
          89          93   1.2467140872347218     
          92          93   1.2253912411029597     
          92          94   1.3470551699457356     
          94          95   1.0546063531625931     
          95          96   1.4200669723417885     
          96          97   1.4536689608959652     
          97          98   1.4195069639413300     
          98          99  0.89040282873678656     
          99         100   1.8966819369127985     
          99         101   1.0797388676976192     
         100         101  0.10058119313819745     
          99         102   1.8913996657857983     
         100         102  0.13463000964213653     
          98         103   1.4193246911792134     
          95         104   1.4199437940661310     
         103         104   1.4541269094589309     
          94         105   1.3543435165492248     
         105         106   1.1511061511899032     
         106         107   1.7097697286720126     
          66         108   1.3865233814975928     
         107         108   1.1455606393515558     
         105         109   1.3850342612766728     
         108         109   1.3739553414139178     
          66         110  0.99502276492858455     
          68         111  0.99157172798930127     
          69         112  0.99789810136119061     
          71         113  0.96022517762240378     
          74         114  0.98701360599583021     
          75         115  0.98400358792835507     
          79         116  0.93707845384346611     
          81         117  0.98396754744585668     
          82         118  0.98695772889164091     
          84         119  0.99738558300589664     
          85         120  0.99812801257172601     
          90         121  0.99721273111128683     
          91         122  0.99713362087486568     
          93         123  0.95909338916702414     
          96         124  0.98689179248967551     
          97         125  0.98386263347964220     
         101         126  0.93665184675073154     
         103         127  0.98416637831204601     
         104         128  0.98706415118341917     
         106         129  0.99820264585478902     
         107         130  0.99205399678435691     
          23         132   1.1968323139393418     
         131         132   2.5223573052132688     
         131         133   1.3075034285406755     
         132         134  0.18010764778929902     
         133         134   2.5188719466872582     
         135         136   2.4930968396463742     
         135         137   1.3334509501157088     
         136         138  0.18036733830123708     
         137         138   2.4924232899486207     
         139         140   2.4915370723321284     
         139         141   1.3343339248605097     
         140         142  0.18037638567141817     
         141         142   2.4917131216235116     
         143         144   2.4927968217422873     
         143         145   1.3335809354887871     
         144         146  0.18077560848816918     
         145         146   2.4928958319392978     
         147         148   2.4929735541766989     
         147         149   1.3335457764380256     
         148         150  0.18079731025448401     
         149         150   2.4928428873419421     
         151         152   2.4920206422101252     
         151         153   1.3341592867495942     
         152         154  0.18048335617454911     
         153         154   2.4918306653152871     
         155         156   2.4929893605489020     
         155         157   1.3331542174742284     
         156         158  0.18059980269765893     
         157         158   2.4936210015179299     
         159         160   2.5174782679494601     
         159         161   1.3091808323414778     
          88         162   1.1986931622068646     
         160         162  0.18025095036464889     
         161         162   2.5207588549812239     
         134         163   1.2006688696265368     
         163         164   1.2921793100014773     
         164         165   1.2657417661962973     
         165         166   1.5839945245706861     
         166         167   1.2594617221454965     
         164         168   1.2483895622140961     
         167         168   1.2229104736536738     
         167         169   1.3395775629816173     
         169         170   1.0514947213035357     
         170         171   1.4216974159463982     
         171         172   1.4534652026315489     
         172         173   1.4197869502540668     
         173         174  0.89024835857423734     
         174         175   1.8919675122955042     
         174         176   1.0794615625366855     
         174         177   1.8962179035608835     
         175         177  0.13469812143082391     
         176         177  0.10019001117242997     
         173         178   1.4195494304557101     
         170         179   1.4216825879460886     
         178         179   1.4532424949438403     
         169         180   1.3703871433889063     
         180         181   1.1604746559477119     
         181         182   1.6928969876676647     
         180         183   1.3545283663870396     
         182         184   1.1665215007930692     
         183         184   1.4160835508118215     
         136         185   1.2261628274383456     
         184         185   1.2853187150906356     
         185         186   1.2833170522867943     
         186         187   1.2702095165028695     
         187         188   1.5797909219111521     
         188         189   1.2614382128338391     
         186         190   1.2513245209559649     
         189         190   1.2247081598604637     
         189         191   1.3363477220787516     
         191         192   1.0517034031080361     
         192         193   1.4220908698749717     
         193         194   1.4531769924265316     
         194         195   1.4198935736991272     
         195         196  0.89020787126671319     
         196         197   1.8967750680008386     
         196         198   1.0804532177382480     
         197         198  0.10045610318162577     
         196         199   1.8910248491169881     
         197         199  0.13462882523664843     
         195         200   1.4193272312765708     
         192         201   1.4209651769456464     
         200         201   1.4536742999689061     
         191         202   1.3717131574454238     
         202         203   1.1581894582001055     
         203         204   1.6972285043507120     
         163         205   1.2965228686054397     
         204         205   1.1636324980083117     
         202         206   1.3567814042710933     
         205         206   1.4087058345443511     
         165         207  0.99772961591394127     
         166         208  0.99806848459184638     
         168         209  0.96071525344121922     
         171         210  0.98698924984447189     
         172         211  0.98415310457159300     
         176         212  0.93700497832079233     
         178         213  0.98417048657189998     
         179         214  0.98714178562652088     
         181         215  0.99816010401584176     
         182         216  0.99904166863930111     
         187         217  0.99783236415880705     
         188         218  0.99766645358778994     
         190         219  0.96103302038412508     
         193         220  0.98725541930917415     
         194         221  0.98416439986332260     
         198         222  0.93699220139173578     
         200         223  0.98417286644672597     
         201         224  0.98688957413888301     
         203         225  0.99846544903405965     
         204         226  0.99869940939484680     
         138         227   1.2269161531920889     
         227         228   1.2810855114795285     
         228         229   1.2707463473623932     
         229         230   1.5785175724522684     
         230         231   1.2629466630763266     
         228         232   1.2525974543164531     
         231         232   1.2227030488956692     
         231         233   1.3366733037278498     
         233         234   1.0516994786003082     
         234         235   1.4219203347942782     
         235         236   1.4530134892326061     
         236         237   1.4204161007042673     
         237         238  0.88949063121228200     
         238         239   1.8891915725757173     
         238         240   1.0827745868314229     
         238         241   1.9002926368549726     
         239         241  0.13450479249749800     
         240         241  0.10151248920901106     
         237         242   1.4193132042742569     
         234         243   1.4214562308589720     
         242         243   1.4534411829991070     
         233         244   1.3729679359485172     
         244         245   1.1605326287126134     
         245         246   1.6929551057811250     
         244         247   1.3524346460787982     
         246         248   1.1665866956406032     
         247         248   1.4174539268587802     
         140         249   1.2275907824111285     
         248         249   1.2840703664595796     
         249         250   1.2812913507393691     
         250         251   1.2711754018369119     
         251         252   1.5783576718755536     
         252         253   1.2629913685314171     
         250         254   1.2523737998724411     
         253         254   1.2236619594695968     
         253         255   1.3353674814583487     
         255         256   1.0516924503217759     
         256         257   1.4217872000625031     
         257         258   1.4535136457136812     
         258         259   1.4194980439600233     
         259         260  0.89017979984312801     
         260         261   1.8932204645753004     
         260         262   1.0812952121965833     
         260         263   1.8937925150966133     
         261         263  0.13463210051495775     
         259         264   1.4199528438612437     
         256         265   1.4215586820268096     
         264         265   1.4531240785430699     
         255         266   1.3743362286731253     
         266         267   1.1604834396082835     
         267         268   1.6932542967163819     
         227         269   1.2838827174100360     
         268         269   1.1661886222187534     
         266         270   1.3514626756485320     
         269         270   1.4178680956821161     
         229         271  0.99809512960263025     
         230         272  0.99808367630691097     
         232         273  0.96095854694710736     
         235         274  0.98708226617421913     
         236         275  0.98422786029818832     
         240         276  0.93724741378379506     
         242         277  0.98415317469631836     
         243         278  0.98707713595507252     
         245         279  0.99833663842865550     
         246         280  0.99912946635766520     
         251         281  0.99795298320639303     
         252         282  0.99784250774201910     
         254         283  0.96108612658906845     
         257         284  0.98724811811010749     
         258         285  0.98417061460282196     
         262         286  0.93650012668053029     
         264         287  0.98420755735509213     
         265         288  0.98693951245997669     
         267         289  0.99855754125428964     
         268         290  0.99923453295334963     
         142         291   1.2273663933766066     
         291         292   1.2817336413169285     
         292         293   1.2707032628147001     
         293         294   1.5789907957561085     
         294         295   1.2627375413210165     
         292         296   1.2522172261874869     
         295         296   1.2234610825964478     
         295         297   1.3363493854123800     
         297         298   1.0517080801679757     
         298         299   1.4219515266518163     
         299         300   1.4529515558202437     
         300         301   1.4204947037493967     
         301         302  0.88943690639890538     
         302         303   1.8891539959819170     
         302         304   1.0831137604170409     
         302         305   1.9003641311850406     
         303         305  0.13449210845176851     
         304         305  0.10155908931467560     
         301         306   1.4193426910640925     
         298         307   1.4213956133740535     
         306         307   1.4534564580646978     
         297         308   1.3732909015232773     
         308         309   1.1603269841253341     
         309         310   1.6934325025749333     
         308         311   1.3526265650745020     
         310         312   1.1663007957929354     
         311         312   1.4172259939172107     
         144         313   1.2266141195963498     
         312         313   1.2846515690725233     
         313         314   1.2821114603920429     
         314         315   1.2705939656612137     
         315         316   1.5793108677637926     
         316         317   1.2624396547271139     
         314         318   1.2522657799607322     
         317         318   1.2235871709782888     
         317         319   1.3364007043324286     
         319         320   1.0516132835604037     
         320         321   1.4218724304985417     
         321         322   1.4534591098770300     
         322         323   1.4195700251549799     
         323         324  0.89015023525967385     
         324         325   1.8931296390762242     
         324         326   1.0815650286621530     
         324         327   1.8938203285867536     
         325         327  0.13462425768690470     
         323         328   1.4200203556741131     
         320         329   1.4215501848052328     
         328         329   1.4530797243573796     
         319         330   1.3734572678533588     
         330         331   1.1606534878494057     
         331         332   1.6931569233248480     
         291         333   1.2840158847296184     
         332         333   1.1663423883945083     
         330         334   1.3521815537238271     
         333         334   1.4176385168903685     
         293         335  0.99800656737584303     
         294         336  0.99801532978676999     
         296         337  0.96094047469217980     
         299         338  0.98709005031266750     
         300         339  0.98423119263674808     
         304         340  0.93714760709376321     
         306         341  0.98411529960639055     
         307         342  0.98705157284010481     
         309         343  0.99832707702942924     
         310         344  0.99913069750622596     
         315         345  0.99795169005178164     
         316         346  0.99784440101032001     
         318         347  0.96102791638818152     
         321         348  0.98722800608735262     
         322         349  0.98413873583656897     
         326         350  0.93639053747662215     
         328         351  0.98419740878436079     
         329         352  0.98692392211922642     
         331         353  0.99849254706016699     
         332         354  0.99917523916137629     
         146         355   1.2265375346050840     
         355         356   1.2823841417192021     
         356         357   1.2703334407411924     
         357         358   1.5795956362370862     
         358         359   1.2623804981116165     
         356         360   1.2520758032919661     
         359         360   1.2235648339474852     
         359         361   1.3367924644279314     
         361         362   1.0516153274768467     
         362         363   1.4220043062564087     
         363         364   1.4529008943900659     
         364         365   1.4205582577113145     
         365         366  0.88939539544085155     
         366         367   1.8891261409089768     
         366         368   1.0832344203796693     
         366         369   1.9005034858652066     
         367         369  0.13448604445927176     
         368         369  0.10158060717106022     
         365         370   1.4193810620592842     
         362         371   1.4214247520766474     
         370         371   1.4534327749729257     
         361         372   1.3729657241308895     
         372         373   1.1603564763109420     
         373         374   1.6934434127308557     
         372         375   1.3529735957770272     
         374         376   1.1663043699559401     
         375         376   1.4170187993798953     
         148         377   1.2264657080182393     
         376         377   1.2848661437072859     
         377         378   1.2823911504037913     
         378         379   1.2704887248455734     
         379         380   1.5795631595078110     
         380         381   1.2622960833127546     
         378         382   1.2521429711382766     
         381         382   1.2237934038047862     
         381         383   1.3364897266496534     
         383         384   1.0516164441532470     
         384         385   1.4218598178970052     
         385         386   1.4534536721117577     
         386         387   1.4195954355548199     
         387         388  0.89013651168935592     
         388         389   1.8931699135941382     
         388         390   1.0816657266597645     
         388         391   1.8937675557077436     
         389         391  0.13462525417391705     
         387         392   1.4200548948076135     
         384         393   1.4215438145422161     
         392         393   1.4530627860932674     
         383         394   1.3733473203248718     
         394         395   1.1605070496527965     
         395         396   1.6934785801535732     
         355         397   1.2846077988203903     
         396         397   1.1661458807646656     
         394         398   1.3525328793134113     
         397         398   1.4173100834773069     
         357         399  0.99795810852312095     
         358         400  0.99798273574707486     
         360         401  0.96091716828078166     
         363         402  0.98708097306078246     
         364         403  0.98421923268941203     
         368         404  0.93712618546222148     
         370         405  0.98409273274882469     
         371         406  0.98703320925349858     
         373         407  0.99832193027948835     
         374         408  0.99912277845569020     
         379         409  0.99794623595088972     
         380         410  0.99783069408676073     
         382         411  0.96099860742759546     
         385         412  0.98721667438686578     
         386         413  0.98411775895011999     
         390         414  0.93632236448129336     
         392         415  0.98418871546403175     
         393         416  0.98692020381736878     
         395         417  0.99846031170832317     
         396         418  0.99914147921929231     
         150         419   1.2266022649839994     
         419         420   1.2822124912263622     
         420         421   1.2703611946675057     
         421         422   1.5794677147600349     
         422         423   1.2624451310811555     
         420         424   1.2521794402449644     
         423         424   1.2233983286787460     
         423         425   1.3367749337875432     
         425         426   1.0516826081863315     
         426         427   1.4219714925977318     
         427         428   1.4529227142725893     
         428         429   1.4205352849992343     
         429         430  0.88940041008334725     
         430         431   1.8891114427593392     
         430         432   1.0832776435382108     
         430         433   1.9004688791893700     
         431         433  0.13447827658711853     
         432         433  0.10157729707826015     
         429         434   1.4193691324555793     
         426         435   1.4214095815390506     
         434         435   1.4534443981189138     
         425         436   1.3729731243604928     
         436         437   1.1604686947291523     
         437         438   1.6931957748085251     
         436         439   1.3527664334158542     
         438         440   1.1664612429200956     
         439         440   1.4172144720499618     
         152         441   1.2271314885097120     
         440         441   1.2844549101737353     
         441         442   1.2818126205052414     
         442         443   1.2708209999600335     
         443         444   1.5790307191323203     
         444         445   1.2626200731654942     
         442         446   1.2522689597837238     
         445         446   1.2237102127736039     
         445         447   1.3361263241216965     
         447         448   1.0515382729706109     
         448         449   1.4218871679659859     
         449         450   1.4534591841854156     
         450         451   1.4195785517368573     
         451         452  0.89014634134920545     
         452         453   1.8931753644963996     
         452         454   1.0816605145999088     
         452         455   1.8936900300398822     
         453         455  0.13461965261646422     
         451         456   1.4200463307076649     
         448         457   1.4215907714622837     
         456         457   1.4530483021761833     
         447         458   1.3737311642038623     
         458         459   1.1604527770604451     
         459         460   1.6935225814407295     
         419         461   1.2844400761153181     
         460         461   1.1661042370178847     
         458         462   1.3521928450069143     
         461         462   1.4175364473388161     
         421         463  0.99796058955666533     
         422         464  0.99798593620520071     
         424         465  0.96093607417779747     
         427         466  0.98709590855118079     
         428         467  0.98423422967634033     
         432         468  0.93711804960991185     
         434         469  0.98409406929812893     
         435         470  0.98703471901034556     
         437         471  0.99833956411455560     
         438         472  0.99914691670715916     
         443         473  0.99798109931955303     
         444         474  0.99786024483255642     
         446         475  0.96101602562594268     
         449         476  0.98721515616694844     
         450         477  0.98412260053278078     
         454         478  0.93631844142057752     
         456         479  0.98420204883333218     
         457         480  0.98692503055577874     
         459         481  0.99846797674052290     
         460         482  0.99913679824520563     
         154         483   1.2273906127050269     
         483         484   1.2816134852791106     
         484         485   1.2707942722553502     
         485         486   1.5787507494841471     
         486         487   1.2628538123540629     
         484         488   1.2522618104020391     
         487         488   1.2235156185093885     
         487         489   1.3359326274967747     
         489         490   1.0516661957764712     
         490         491   1.4219650420241372     
         491         492   1.4529155856869833     
         492         493   1.4205283406285467     
         493         494  0.88940003072934959     
         494         495   1.8890690757170918     
         494         496   1.0833015943971513     
         494         497   1.9005182962763465     
         495         497  0.13446522802588262     
         496         497  0.10159070828554119     
         493         498   1.4193424229171676     
         490         499   1.4214270457059592     
         498         499   1.4534739049005789     
         489         500   1.3737548717953221     
         500         501   1.1602839011489123     
         501         502   1.6933715129710665     
         500         503   1.3522325156422952     
         502         504   1.1662587415390233     
         503         504   1.4173296090296266     
         156         505   1.2265191539847871     
         504         505   1.2844532032312248     
         505         506   1.2814670933336065     
         506         507   1.2707578631927232     
         507         508   1.5787958417639554     
         508         509   1.2626969733352797     
         506         510   1.2525342363196947     
         509         510   1.2231177200343708     
         509         511   1.3364695665181170     
         511         512   1.0515554628231385     
         512         513   1.4218810635366670     
         513         514   1.4534842029989332     
         514         515   1.4195541541696397     
         515         516  0.89018501806411421     
         516         517   1.8933474913763806     
         516         518   1.0816561764864505     
         516         519   1.8933760865636202     
         517         519  0.13460644046730300     
         515         520   1.4200234718129827     
         512         521   1.4216023664311757     
         520         521   1.4530535937745048     
         511         522   1.3734096046968276     
         522         523   1.1606162913071456     
         523         524   1.6931498769798419     
         483         525   1.2839761508840706     
         524         525   1.1663224783375588     
         522         526   1.3520988157230835     
         525         526   1.4177244519904293     
         485         527  0.99794368841994852     
         486         528  0.99798331552431607     
         488         529  0.96098029725506073     
         491         530  0.98711279685951581     
         492         531  0.98425337166180582     
         496         532  0.93712689845616304     
         498         533  0.98409342134208899     
         499         534  0.98703671422519190     
         501         535  0.99838209242177645     
         502         536  0.99918558142923553     
         507         537  0.99804003022751975     
         508         538  0.99791305577092371     
         510         539  0.96102316171880142     
         513         540  0.98721320236981658     
         514         541  0.98411637699870769     
         518         542  0.93630088837148084     
         520         543  0.98422902123653511     
         521         544  0.98693883762174228     
         523         545  0.99846431699169691     
         524         546  0.99913490480953315     
         158         547   1.2258615449168870     
         547         548   1.2836631299723289     
         548         549   1.2696703072749116     
         549         550   1.5804619179332431     
         550         551   1.2612252236989099     
         548         552   1.2513459408981111     
         551         552   1.2244989069230239     
         551         553   1.3371812355860617     
         553         554   1.0520896299384142     
         554         555   1.4215430623823384     
         555         556   1.4530254402396663     
         556         557   1.4204749876719445     
         557         558  0.88945262076037668     
         558         559   1.8894378156413165     
         558         560   1.0828519884571060     
         558         561   1.9002586735753557     
         559         561  0.13448675461225149     
         560         561  0.10150652723567043     
         557         562   1.4193819699464010     
         554         563   1.4212522044455171     
         562         563   1.4535291926418390     
         553         564   1.3707555746369533     
         564         565   1.1581355476645887     
         565         566   1.6970263447093981     
         564         567   1.3577215174645587     
         566         568   1.1638656442868793     
         567         568   1.4084459424272533     
         160         569   1.2023946684253470     
         568         569   1.2964260966594310     
         569         570   1.2918289451482605     
         570         571   1.2660392208740434     
         571         572   1.5840117398289868     
         572         573   1.2593856462480080     
         570         574   1.2485908985934651     
         573         574   1.2236793834506765     
         573         575   1.3390581919288567     
         575         576   1.0517831053289284     
         576         577   1.4219706222660586     
         577         578   1.4534309085840986     
         578         579   1.4196975293096059     
         579         580  0.89022417134972076     
         580         581   1.8940094465940669     
         580         582   1.0818181337058497     
         580         583   1.8924685074152872     
         581         583  0.13458934949316625     
         579         584   1.4199199271462639     
         576         585   1.4212050404893146     
         584         585   1.4532258440502779     
         575         586   1.3707957276039544     
         586         587   1.1605454773553123     
         587         588   1.6931235228672099     
         547         589   1.2853343708188800     
         588         589   1.1662481231619697     
         586         590   1.3542721734303116     
         589         590   1.4162686302788428     
         549         591  0.99783570133153021     
         550         592  0.99778921980647639     
         552         593  0.96090083089331746     
         555         594  0.98717901278970877     
         556         595  0.98420202567961645     
         560         596  0.93702337627005916     
         562         597  0.98400703635492204     
         563         598  0.98698992877434011     
         565         599  0.99819197871626653     
         566         600  0.99854071310175851     
         571         601  0.99765636750574105     
         572         602  0.99783968163839565     
         574         603  0.96076593657730791     
         577         604  0.98721643239094448     
         578         605  0.98404733375303588     
         582         606  0.93612201359694869     
         584         607  0.98419670960174055     
         585         608  0.98691907289334424     
         587         609  0.99827267779540885     
         588         610  0.99901506091950942     
