           1           2   1.3701544692397636     
           2           3   1.2406250238488454     
           3           4   1.5967892388734557     
           4           5   1.2503715737497680     
           2           6   1.2300895976948549     
           5           6   1.2293279397664947     
           5           7   1.3397544864312008     
           7           8   1.0562259388807984     
           8           9   1.4141065005251416     
           9          10   1.4663298232435134     
          10          11   1.4048158532404624     
          11          12   1.0053438589626298     
          12          13   1.5674690271351939     
          12          14   1.5668982231355522     
          13          14  0.38144933301740885     
          11          15   1.4051628951626642     
           8          16   1.4137979095389277     
          15          16   1.4657949544243543     
           7          17   1.3647888111641009     
          17          18   1.1609489251663567     
          18          19   1.6919500970693231     
          17          20   1.3579790562823764     
          19          21   1.1674996518278167     
          20          21   1.4128822290865666     
          21          22   1.2922911418862872     
          22          23   1.2859532629444737     
          23          24   1.2723160210058113     
          24          25   1.5764652479637662     
          25          26   1.2619575399150205     
          23          27   1.2493602233833978     
          26          27   1.2263807405182399     
          26          28   1.3338233536129860     
          28          29   1.0584099200478840     
          29          30   1.4120158160796896     
          30          31   1.4671723587113443     
          31          32   1.4039465916644718     
          32          33   1.0061766475579328     
          33          34   1.5656854151603554     
          33          35   1.5655606453060049     
          34          35  0.38023710605087446     
          32          36   1.4037891578282697     
          29          37   1.4126378625934630     
          36          37   1.4669079528216380     
          28          38   1.3599837637773522     
          38          39   1.1501013200340069     
          39          40   1.7095709126141001     
           1          41   1.3862264195363159     
          40          41   1.1453730539953686     
          38          42   1.3799168290969710     
          41          42   1.3738084228990772     
           1          43  0.99548046240467791     
           3          44  0.99220765206795802     
           4          45  0.99842491304123671     
           6          46  0.96110161672159877     
           9          47  0.98723606779441875     
          10          48  0.98520198969048245     
          15          49  0.98535150186257603     
          16          50  0.98694676040087881     
          18          51  0.99780985784328702     
          19          52  0.99853333049168236     
          24          53  0.99833944717799605     
          25          54  0.99768226218385203     
          27          55  0.96072978615280302     
          30          56  0.98718807102284789     
          31          57  0.98550791399012005     
          36          58  0.98528396907775129     
          37          59  0.98719979928182044     
          39          60  0.99875673275660337     
          40          61  0.99276242921902402     
          62          63   1.3698224587399530     
          63          64   1.2408590068862866     
          64          65   1.5963942614155129     
          65          66   1.2508356163994669     
          63          67   1.2301746080476739     
          66          67   1.2295212273677578     
          66          68   1.3389702626108930     
          68          69   1.0579170796477348     
          69          70   1.4134392227868531     
          70          71   1.4663552465515077     
          71          72   1.4048533916504038     
          72          73   1.0052797353533660     
          73          74   1.5682949721313406     
          73          75   1.5663133871095589     
          74          75  0.38149679324020741     
          72          76   1.4049969692502240     
          69          77   1.4131178225883063     
          76          77   1.4661385129618376     
          68          78   1.3643897014574735     
          78          79   1.1613648285624216     
          79          80   1.6906529094633456     
          78          81   1.3574413723821115     
          80          82   1.1675227246808839     
          81          82   1.4140952357684575     
          82          83   1.2902436543729368     
          83          84   1.2852565130782796     
          84          85   1.2724769637603506     
          85          86   1.5755361789020945     
          86          87   1.2623802653999356     
          84          88   1.2496682463208111     
          87          88   1.2263470547931821     
          87          89   1.3333321716919988     
          89          90   1.0596919412960728     
          90          91   1.4114554562362107     
          91          92   1.4674901567474441     
          92          93   1.4037287051294816     
          93          94   1.0061663569670087     
          94          95   1.5652658500290684     
          94          96   1.5660631167645935     
          95          96  0.38023379142811897     
          93          97   1.4037816643542695     
          90          98   1.4121285645236392     
          97          98   1.4669203652915264     
          89          99   1.3592478937417121     
          99         100   1.1503416519681702     
         100         101   1.7092901462920900     
          62         102   1.3862905536154333     
         101         102   1.1455115098257049     
          99         103   1.3801925885192723     
         102         103   1.3735624282284387     
          62         104  0.99547658099346648     
          64         105  0.99224624386854754     
          65         106  0.99841421172170230     
          67         107  0.96114037780980810     
          70         108  0.98680562623379553     
          71         109  0.98502700799628762     
          76         110  0.98546626562512318     
          77         111  0.98709068983992354     
          79         112  0.99754221999169279     
          80         113  0.99907098653953530     
          85         114  0.99879446461399868     
          86         115  0.99746177523011137     
          88         116  0.96062570497596977     
          91         117  0.98726869809836360     
          92         118  0.98559522491056062     
          97         119  0.98519830591006885     
          98         120  0.98689147292019097     
         100         121  0.99876172186872891     
         101         122  0.99278398810012869     
          22         123   1.2116079121147707     
         123         124   2.6101794690175395     
         125         126   2.5933834427324327     
          83         128   1.2138945799825414     
         127         128   2.6078845970237134     
         124         129   1.2138524298328204     
         129         130   1.2798996134978444     
         130         131   1.2754397316851156     
         131         132   1.5716710377884451     
         132         133   1.2664480243051952     
         130         134   1.2529382139722660     
         133         134   1.2226047673587668     
         133         135   1.3320461193246431     
         135         136   1.0568408363056565     
         136         137   1.4140693748491053     
         137         138   1.4661278097279760     
         138         139   1.4051470476808627     
         139         140   1.0046942487430426     
         140         141   1.5670813513079118     
         140         142   1.5684057210859359     
         141         142  0.38153397429668562     
         139         143   1.4052705633230000     
         136         144   1.4144604760896102     
         143         144   1.4658313174407180     
         135         145   1.3731321615155085     
         145         146   1.1621410025546761     
         146         147   1.6878643689633532     
         145         148   1.3512541484422664     
         147         149   1.1712990368236205     
         148         149   1.4201107469268821     
         125         150   1.2294979218034374     
         149         150   1.2805680408717368     
         150         151   1.2746585455007553     
         151         152   1.2791109986693594     
         152         153   1.5686466732854563     
         153         154   1.2682588552884289     
         151         155   1.2532151852476194     
         154         155   1.2247488266455859     
         154         156   1.3276743250866589     
         156         157   1.0569320144507457     
         157         158   1.4140702008982184     
         158         159   1.4659003400409902     
         159         160   1.4050536383018641     
         160         161   1.0046862458788659     
         161         162   1.5672334950320548     
         161         163   1.5680380208358002     
         162         163  0.38137698351468485     
         160         164   1.4051818290433959     
         157         165   1.4142137123479777     
         164         165   1.4661296964782615     
         156         166   1.3769694730595492     
         166         167   1.1596109622041775     
         167         168   1.6925275258072965     
         129         169   1.2880061044903512     
         168         169   1.1680631261125451     
         166         170   1.3511159576903069     
         169         170   1.4169404091420053     
         131         171  0.99863550795342748     
         132         172  0.99863207202906734     
         134         173  0.96234981749637172     
         137         174  0.98705765197196349     
         138         175  0.98519206353259159     
         143         176  0.98545564067182512     
         144         177  0.98738054348868454     
         146         178  0.99865935738499778     
         147         179  0.99869941337950041     
         152         180  0.99801184217644623     
         153         181  0.99846429810066473     
         155         182  0.96253397457070311     
         158         183  0.98692265492018694     
         159         184  0.98516777622729457     
         164         185  0.98551589189256139     
         165         186  0.98754010877466170     
         167         187  0.99872930084272427     
         168         188  0.99886214004577889     
         126         189   1.2296074316611338     
         189         190   1.2748154330606654     
         190         191   1.2792266024236127     
         191         192   1.5683207693254619     
         192         193   1.2687880257953574     
         190         194   1.2531075185065528     
         193         194   1.2250961402878642     
         193         195   1.3266336640188883     
         195         196   1.0592206260536869     
         196         197   1.4132481590198136     
         197         198   1.4663080355953106     
         198         199   1.4051107196327393     
         199         200   1.0047545408013616     
         200         201   1.5673218213247941     
         200         202   1.5678985922197151     
         201         202  0.38133347621580799     
         199         203   1.4047216903397011     
         196         204   1.4130248609524709     
         203         204   1.4664181710088822     
         195         205   1.3761387288236391     
         205         206   1.1601698898265242     
         206         207   1.6909855191017464     
         205         208   1.3506804511767077     
         207         209   1.1682656269598937     
         208         209   1.4180566088018176     
         127         210   1.2162313327721306     
         209         210   1.2858806277575670     
         210         211   1.2790801447379267     
         211         212   1.2759582934937597     
         212         213   1.5702391010811605     
         213         214   1.2673163310653397     
         211         215   1.2531279015491668     
         214         215   1.2227632729058036     
         214         216   1.3307500873840268     
         216         217   1.0595598907360777     
         217         218   1.4132753019752020     
         218         219   1.4661696374473099     
         219         220   1.4050682269093080     
         220         221   1.0048413904008577     
         221         222   1.5679088958419904     
         221         223   1.5674367279184707     
         222         223  0.38147290998074540     
         220         224   1.4047946162276121     
         217         225   1.4128386240603243     
         224         225   1.4666750097543835     
         216         226   1.3720555936276100     
         226         227   1.1626586132327714     
         227         228   1.6870815205033127     
         189         229   1.2798263427861434     
         228         229   1.1716228918234264     
         226         230   1.3512418910964270     
         229         230   1.4201069959016777     
         191         231  0.99789497433940211     
         192         232  0.99839590530313482     
         194         233  0.96260131456553344     
         197         234  0.98719025492196777     
         198         235  0.98539108091055305     
         203         236  0.98526589931086717     
         204         237  0.98706226951531473     
         206         238  0.99845220893146158     
         207         239  0.99925720286565911     
         212         240  0.99883729514025321     
         213         241  0.99837353981219523     
         215         242  0.96229902495094133     
         218         243  0.98716982527032648     
         219         244  0.98537978492121603     
         224         245  0.98526276068266860     
         225         246  0.98719237547096261     
         227         247  0.99851904803988090     
         228         248  0.99874624651177524     
