           2           3   1.3934094799066332     
           3           4   1.1974778587666621     
           4           5   1.6454057680456116     
           5           6   1.2028101908153792     
           1           7  0.71594298256402433     
           3           7   1.2443966961729849     
           6           7   1.2483807192641168     
           6           8   1.3633835126812914     
           8           9   1.3711621259343241     
           9          10   1.2076137503324251     
          10          11   1.6341050252557583     
           1          12  0.71155020188630547     
           9          12   1.2365416702869738     
          11          13   1.2179582565553260     
          12          13   1.2670165262985744     
          13          14   1.3055789846077264     
          14          15   1.3056332536011592     
          15          16   1.2187364911415053     
          16          17   1.6314524273820195     
          17          18   1.2091243506419964     
          18          19   1.3664481336967371     
          19          20   1.0561958946376768     
          20          21   1.4169804045187280     
          21          22   1.4661020902477471     
          22          23   1.3990779634120509     
          23          24   1.0409133262936707     
          24          25   1.2094385831406071     
          24          26   1.8151767071161236     
          25          26  0.18304229751808751     
          23          27   1.3989707212973892     
          20          28   1.4184948327080109     
          27          28   1.4636578753409684     
          19          29   1.3610730455275417     
          29          30   1.2036059010747848     
          30          31   1.6435339308068551     
           2          32   1.3933755388417961     
          31          32   1.1978312914795244     
           1          33  0.71551141469167634     
          29          33   1.2496792054722534     
          32          33   1.2436918223652129     
           1          34  0.71074952007146575     
          15          34   1.2653480284073049     
          18          34   1.2392527210249185     
           8          35   1.0457017232010959     
          35          36   1.4212324584632792     
          36          37   1.4643954239737604     
          37          38   1.3999026441992566     
          38          39   1.0405546851519996     
          39          40   1.2093399560400280     
          39          41   1.8156699564211751     
          40          41  0.18320522934961250     
          38          42   1.4000246237873917     
          35          43   1.4231053085203658     
          42          43   1.4618110974086811     
           2          44  0.99708972042623956     
           4          45  0.99414562468782308     
           5          46  0.99932968937937838     
          10          47  0.99867615881100069     
          11          48  0.99873889199466126     
          16          49  0.99871174091286730     
          17          50  0.99833726068697282     
          21          51  0.98929652688492720     
          22          52  0.98586128133741746     
          25          53  0.94399320235163364     
          27          54  0.98592319536212814     
          28          55  0.98904103384924547     
          30          56  0.99895150058649096     
          31          57  0.99402621926607571     
          36          58  0.98884090837099836     
          37          59  0.98594855414350147     
          40          60  0.94399138320288867     
          42          61  0.98624564503049139     
          43          62  0.98894690540864827     
          64          65   1.3933431840381432     
          65          66   1.1975662422849080     
          66          67   1.6452706669598112     
          67          68   1.2028507729095375     
          63          69  0.71592462913974197     
          65          69   1.2443426344043060     
          68          69   1.2484932978513699     
          68          70   1.3631457313131241     
          70          71   1.3713222487603061     
          71          72   1.2076775887572906     
          72          73   1.6339444922945345     
          63          74  0.71138319292726082     
          71          74   1.2362503622537384     
          73          75   1.2180903885975667     
          74          75   1.2675524093508836     
          75          76   1.3046591917107742     
          76          77   1.3048446554264206     
          77          78   1.2187589912532255     
          78          79   1.6314657289367458     
          79          80   1.2090676065331853     
          80          81   1.3668816750988564     
          81          82   1.0562804076313188     
          82          83   1.4169176405503197     
          83          84   1.4661089192856847     
          84          85   1.3991042058149452     
          85          86   1.0407706642868331     
          86          87   1.2096484226040145     
          86          88   1.8151630217229697     
          87          88  0.18309167437269996     
          85          89   1.3990585169507512     
          82          90   1.4185216290651899     
          89          90   1.4635960142331330     
          81          91   1.3604898122029139     
          91          92   1.2037207281860904     
          92          93   1.6433941595750130     
          64          94   1.3932985622301151     
          93          94   1.1979001430098144     
          63          95  0.71552100261849927     
          91          95   1.2499753380574483     
          94          95   1.2435550076630497     
          63          96  0.71072033849643401     
          77          96   1.2659326720126751     
          80          96   1.2388589196165578     
          70          97   1.0455885595122874     
          97          98   1.4212355090541435     
          98          99   1.4644221172242646     
          99         100   1.3998679024975167     
         100         101   1.0405412633123257     
         101         102   1.2094146199751798     
         101         103   1.8155785433690002     
         102         103  0.18320764983913918     
         100         104   1.4000473949269070     
          97         105   1.4232117074125004     
         104         105   1.4617644187150112     
          64         106  0.99709962108503347     
          66         107  0.99415754308501603     
          67         108  0.99934844954568092     
          72         109  0.99870241488433420     
          73         110  0.99874790035927719     
          78         111  0.99872541188417419     
          79         112  0.99833257252344232     
          83         113  0.98931483263266817     
          84         114  0.98586079447757491     
          87         115  0.94393796335082314     
          89         116  0.98590449600371188     
          90         117  0.98902117410254176     
          92         118  0.99894655243080988     
          93         119  0.99402930573604054     
          98         120  0.98885186420404536     
          99         121  0.98596772393310139     
         102         122  0.94399402034414381     
         104         123  0.98624359092459613     
         105         124  0.98892628775391023     
          14         125   1.2090544304706627     
         125         126   2.4804525188724140     
         126         127   1.3556840762084861     
         125         128  0.17214778172859332     
         127         128   2.3563492699234789     
         128         129   1.3850908956609569     
         127         130  0.16660513436496416     
         129         130   2.3547342972023890     
         130         131   1.3579911359364429     
         129         132  0.17198341887840524     
         131         132   2.4752165471340737     
         133         134   2.4734567708045945     
         134         135   1.3595276277778225     
         133         136  0.17210386181527479     
         135         136   2.3526532978708716     
         136         137   1.3868122975807513     
         135         138  0.16670537805979541     
         137         138   2.3541482512650105     
         138         139   1.3573859505846444     
          76         140   1.2105827208579312     
         137         140  0.17229671690290835     
         139         140   2.4783720253961032     
         132         142   1.2143650217286339     
         142         143   1.2999546525070420     
         143         144   1.2211782595520864     
         144         145   1.6281023584920762     
         145         146   1.2117412446212108     
         141         147  0.71068499240387251     
         143         147   1.2656608290268883     
         146         147   1.2386399779441735     
         146         148   1.3609984676931832     
         148         149   1.3635735621519829     
         149         150   1.2108783919428510     
         150         151   1.6290820434023756     
         141         152  0.71233037426829171     
         149         152   1.2376992313276307     
         151         153   1.2201937106662568     
         152         153   1.2655521628784057     
         133         154   1.2155872535453485     
         153         154   1.3017722270804633     
         154         155   1.2989533901094521     
         155         156   1.2213217084547972     
         156         157   1.6279283697964402     
         157         158   1.2118154465720945     
         158         159   1.3613905870885445     
         159         160   1.0591561286106059     
         160         161   1.4162567415949034     
         161         162   1.4661000070740500     
         162         163   1.3993905284085617     
         163         164   1.0402607177175560     
         164         165   1.2096739681602442     
         164         166   1.8157859000436896     
         165         166  0.18326168648065275     
         163         167   1.3990484964552587     
         160         168   1.4172338197757999     
         167         168   1.4640693380918244     
         159         169   1.3630326728140114     
         169         170   1.2109665662483342     
         170         171   1.6289310966496098     
         142         172   1.3020137212607852     
         171         172   1.2202793720656202     
         141         173  0.71234015880725099     
         169         173   1.2380028789234014     
         172         173   1.2651980088966375     
         141         174  0.71050039586779257     
         155         174   1.2662538733583886     
         158         174   1.2382191923762460     
         148         175   1.0589844598412781     
         175         176   1.4162894099709016     
         176         177   1.4660454247891659     
         177         178   1.3995042448912527     
         178         179   1.0400509030282461     
         179         180   1.2098004287105251     
         179         181   1.8159992066333184     
         180         181  0.18332130814603750     
         178         182   1.3992052860336381     
         175         183   1.4173914007372754     
         182         183   1.4639178693821218     
         144         184  0.99866668060898633     
         145         185  0.99848606359758552     
         150         186  0.99852514594367903     
         151         187  0.99870730652164230     
         156         188  0.99871876639774171     
         157         189  0.99848454438192569     
         161         190  0.98925009953743803     
         162         191  0.98560420095692547     
         165         192  0.94393359296023382     
         167         193  0.98589145928408428     
         168         194  0.98924073509012411     
         170         195  0.99854098717603934     
         171         196  0.99874207836206896     
         176         197  0.98922829735001405     
         177         198  0.98557588239295280     
         180         199  0.94386289953118030     
         182         200  0.98586387293766287     
         183         201  0.98923435576324059     
