    0.25736878
   -0.03335956
    0.05586865
   -0.04376490
   -0.04022929
    0.05419928
   -0.21474903
    0.00464564
    0.01730746
   -0.01685911
   -0.01252236
    0.02993492
    0.44793267
   -0.28456437
   -0.29424149
   -0.28303838
   -0.01164784
   -0.01570338
    0.05343544
   -0.04004800
   -0.03856333
   -0.21038688
    0.06018529
    0.00780793
    0.06020970
   -0.03865845
   -0.04009044
    0.05332899
   -0.21007980
    0.00490312
    0.01674088
   -0.01705955
   -0.01275540
    0.02948425
    0.44714857
   -0.28679909
   -0.29006808
   -0.28062976
   -0.01218175
   -0.01569004
    0.05447053
   -0.03961306
   -0.04349109
    0.05598576
   -0.21476502
    0.01517306
    0.02174476
    0.01624941
    0.02596382
    0.03811918
    0.22306302
    0.03994172
    0.02793687
    0.01658622
    0.01488793
    0.01482455
    0.01718040
    0.02569884
    0.03717335
    0.22474448
    0.04059575
    0.02772486
    0.01599695
    0.02198524
    0.25736776
   -0.03335556
    0.05586823
   -0.04376382
   -0.04022952
    0.05420009
   -0.21474623
    0.00464627
    0.01730761
   -0.01685931
   -0.01252273
    0.02993464
    0.44793242
   -0.28456479
   -0.29424125
   -0.28303950
   -0.01164819
   -0.01570337
    0.05343723
   -0.04004888
   -0.03856282
   -0.21038786
    0.06018568
    0.00781177
    0.06020911
   -0.03865707
   -0.04009022
    0.05333068
   -0.21008213
    0.00490339
    0.01674204
   -0.01705968
   -0.01275427
    0.02948835
    0.44715187
   -0.28679492
   -0.29007956
   -0.28064044
   -0.01217871
   -0.01568928
    0.05447321
   -0.03961353
   -0.04348968
    0.05598544
   -0.21476403
    0.01517281
    0.02174440
    0.01624922
    0.02596310
    0.03811882
    0.22306316
    0.03994176
    0.02793717
    0.01658550
    0.01488691
    0.01482421
    0.01718019
    0.02569784
    0.03717663
    0.22474561
    0.04059155
    0.02772478
    0.01599687
    0.02198504
   -0.03499597
   -0.03499556
