   -0.06190035
   -0.01493991
    0.06424618
   -0.03693219
   -0.03481071
    0.06644606
   -0.16816260
    0.01539165
    0.02543029
   -0.01556083
    0.05471927
   -0.25602658
    0.05444332
   -0.01579698
    0.06593388
   -0.03283225
   -0.03270200
   -0.16639093
    0.06960627
    0.02500261
    0.06955840
   -0.03255476
   -0.03261892
    0.06598013
   -0.16626453
    0.01468488
    0.02500069
   -0.01571080
    0.05423868
   -0.25591707
    0.05476378
   -0.01504044
    0.06657423
   -0.03458820
   -0.03675922
    0.06427840
   -0.16815518
    0.03046013
    0.03276751
    0.02715584
    0.02845207
    0.03077593
    0.03004430
    0.02780953
    0.02914379
    0.02663402
    0.02705963
    0.02884770
    0.02753819
    0.02980909
    0.03102983
    0.02841965
    0.02659314
    0.03290188
   -0.06282969
   -0.01487206
    0.06444159
   -0.03686245
   -0.03474097
    0.06658592
   -0.16844205
    0.01540009
    0.02533774
   -0.01556022
    0.05468562
   -0.25593828
    0.05447815
   -0.01580221
    0.06591483
   -0.03259979
   -0.03251128
   -0.16658065
    0.06976015
    0.02480710
    0.06977923
   -0.03243888
   -0.03252582
    0.06600751
   -0.16648779
    0.01493351
    0.02511468
   -0.01569268
    0.05429301
   -0.25578156
    0.05486828
   -0.01508258
    0.06668151
   -0.03460302
   -0.03676015
    0.06444969
   -0.16835019
    0.03031678
    0.03290571
    0.02724954
    0.02816665
    0.03070395
    0.03016621
    0.02788773
    0.03003321
    0.02651928
    0.02608118
    0.02904617
    0.02755840
    0.02981593
    0.03126074
    0.02870184
    0.02676867
    0.03295259
   -0.02067744
   -0.02014576
   -0.02085390
   -0.02078581
   -0.02047946
   -0.02108925
   -0.05919976
    0.02438121
    0.06981480
   -0.03289597
   -0.03221386
    0.06601039
   -0.16557699
    0.01706975
    0.02519487
   -0.01497020
    0.05490140
   -0.25515600
    0.05497344
   -0.01491560
    0.06596844
   -0.03189360
   -0.03254734
   -0.16542416
    0.07033959
    0.02448298
    0.07036200
   -0.03253115
   -0.03186905
    0.06597941
   -0.16539025
    0.01708000
    0.02517823
   -0.01490498
    0.05501109
   -0.25511015
    0.05489278
   -0.01498694
    0.06600955
   -0.03220218
   -0.03289425
    0.06978478
   -0.16564706
    0.02569367
    0.02817515
    0.02874439
    0.03110471
    0.03131665
    0.02885448
    0.02861552
    0.02611055
    0.02603323
    0.02860594
    0.02888746
    0.03135756
    0.03110230
    0.02862853
    0.02826564
    0.02560607
   -0.05787028
    0.02428443
    0.07014023
   -0.03261054
   -0.03185895
    0.06574005
   -0.16527317
    0.01688221
    0.02505480
   -0.01485041
    0.05497634
   -0.25523933
    0.05475889
   -0.01499917
    0.06577200
   -0.03219810
   -0.03291560
   -0.16531967
    0.06958622
    0.02433549
    0.06954607
   -0.03287724
   -0.03216618
    0.06578244
   -0.16535481
    0.01690849
    0.02503979
   -0.01498035
    0.05481224
   -0.25520591
    0.05497650
   -0.01486313
    0.06576986
   -0.03179667
   -0.03257457
    0.07018204
   -0.16521835
    0.02595744
    0.02832026
    0.02885742
    0.03141304
    0.03076985
    0.02804465
    0.02841504
    0.02621025
    0.02616922
    0.02851746
    0.02815421
    0.03082375
    0.03139960
    0.02879269
    0.02835029
    0.02596637
