    0.31569980
   -0.01634216
    0.05623614
   -0.03708609
   -0.03753532
    0.06433275
   -0.20985435
    0.01222297
   -0.02235606
   -0.03315473
    0.02764240
   -0.01851036
    0.05229971
   -0.26318407
    0.05166566
   -0.01933014
    0.06337316
   -0.03700001
   -0.03487164
   -0.20850331
    0.06114737
    0.02298008
    0.06124156
   -0.03483535
   -0.03697590
    0.06337772
   -0.20841126
    0.01225233
   -0.02235179
   -0.03311936
    0.02764689
   -0.01843805
    0.05232925
   -0.26315161
    0.05167226
   -0.01937097
    0.06430803
   -0.03754420
   -0.03708531
    0.05625401
   -0.20990773
    0.02800990
    0.03223260
    0.02757060
    0.03475034
    0.03085918
    0.02939494
    0.03266134
    0.02828433
    0.02880771
    0.02887397
    0.02832365
    0.03475217
    0.03091803
    0.02939397
    0.03269393
    0.02755074
    0.03222588
    0.31785360
   -0.01733125
    0.05646382
   -0.03730845
   -0.03745736
    0.06388197
   -0.20991722
    0.01278228
   -0.02201622
   -0.03278550
    0.02779469
   -0.01824011
    0.05244755
   -0.26290346
    0.05176462
   -0.01925295
    0.06279989
   -0.03710222
   -0.03514787
   -0.20817532
    0.06135068
    0.02203738
    0.06119261
   -0.03523495
   -0.03719502
    0.06276328
   -0.20833809
    0.01270711
   -0.02202608
   -0.03287439
    0.02778276
   -0.01838682
    0.05238448
   -0.26299365
    0.05173923
   -0.01918167
    0.06393563
   -0.03743335
   -0.03729827
    0.05643709
   -0.20983097
    0.02765966
    0.03209706
    0.02748929
    0.03492698
    0.03111285
    0.02951284
    0.03283476
    0.02816852
    0.02873846
    0.02864173
    0.02806517
    0.03491061
    0.03096803
    0.02950647
    0.03277196
    0.02752647
    0.03211426
   -0.01708129
   -0.01806959
   -0.02140321
   -0.01590838
   -0.02368642
   -0.02261325
   -0.02406202
   -0.02241775
   -0.02219630
   -0.01700756
   -0.01812961
   -0.01909708
    0.32892074
    0.01520414
    0.06302378
   -0.03688108
   -0.03610963
    0.06049725
   -0.20795537
    0.01885760
   -0.01874589
   -0.02891322
    0.02923149
   -0.01696326
    0.05328562
   -0.26051441
    0.05304332
   -0.01727594
    0.05965208
   -0.03703300
   -0.03698708
   -0.20696882
    0.06279347
    0.01619687
    0.06274582
   -0.03700306
   -0.03704617
    0.05965079
   -0.20701886
    0.01884147
   -0.01875327
   -0.02893244
    0.02922606
   -0.01726481
    0.05303548
   -0.26053411
    0.05327584
   -0.01698630
    0.06051854
   -0.03610523
   -0.03688213
    0.06300620
   -0.20793499
    0.02761435
    0.02797010
    0.03589880
    0.03217833
    0.03160740
    0.03542782
    0.02755333
    0.02802529
    0.02801666
    0.02754328
    0.03540560
    0.03160838
    0.03216073
    0.03591039
    0.02797294
    0.02760008
    0.33051473
    0.01549331
    0.06283717
   -0.03718767
   -0.03701297
    0.05935860
   -0.20698866
    0.01908487
   -0.01856912
   -0.02878453
    0.02930395
   -0.01715693
    0.05308770
   -0.26044639
    0.05329972
   -0.01694778
    0.06013487
   -0.03621983
   -0.03707569
   -0.20776385
    0.06303422
    0.01470854
    0.06304639
   -0.03707718
   -0.03622801
    0.06009695
   -0.20776703
    0.01910101
   -0.01856429
   -0.02876941
    0.02931058
   -0.01692597
    0.05331762
   -0.26041252
    0.05310043
   -0.01715779
    0.05936932
   -0.03699769
   -0.03716883
    0.06289051
   -0.20696479
    0.02790323
    0.02748175
    0.03549722
    0.03170438
    0.03219819
    0.03597062
    0.02783915
    0.02751130
    0.02755559
    0.02784707
    0.03596596
    0.03219688
    0.03170770
    0.03550570
    0.02748948
    0.02791311
