   -0.07108556
   -0.01775307
    0.06196149
   -0.04064779
   -0.03809539
    0.06314383
   -0.17173956
    0.01233094
   -0.00155317
   -0.02378390
   -0.04294426
    0.08604282
   -0.29896227
   -0.03542025
   -0.02226858
    0.06267708
   -0.03640170
   -0.03765903
   -0.16926092
    0.06817860
    0.02223312
    0.06827483
   -0.03770771
   -0.03643772
    0.06273846
   -0.16928945
    0.01279994
   -0.00140319
   -0.02283206
   -0.03567731
    0.08567076
   -0.29945394
   -0.04283410
   -0.02398206
    0.06316659
   -0.03829042
   -0.04067896
    0.06193364
   -0.17165800
    0.02550473
    0.02732725
    0.02012172
    0.02390544
    0.03437992
    0.22508942
    0.03672881
    0.02544034
    0.02245442
    0.02595928
    0.02600774
    0.02300949
    0.02486041
    0.03619345
    0.22497293
    0.03442875
    0.02386224
    0.02058996
    0.02726778
   -0.07099858
   -0.01771043
    0.06199392
   -0.04063339
   -0.03822739
    0.06329166
   -0.17166820
    0.01287284
   -0.00143743
   -0.02404091
   -0.04287767
    0.08579261
   -0.29928885
   -0.03555695
   -0.02264397
    0.06277181
   -0.03630267
   -0.03760113
   -0.16924513
    0.06838701
    0.02232546
    0.06838665
   -0.03757066
   -0.03625142
    0.06270784
   -0.16922054
    0.01244088
   -0.00156873
   -0.02218332
   -0.03536937
    0.08612435
   -0.29883837
   -0.04294208
   -0.02379083
    0.06321460
   -0.03803922
   -0.04062019
    0.06203003
   -0.17168679
    0.02550364
    0.02734458
    0.02068137
    0.02375411
    0.03441851
    0.22502364
    0.03636117
    0.02502208
    0.02312399
    0.02628563
    0.02617362
    0.02261665
    0.02544429
    0.03680527
    0.22514087
    0.03439275
    0.02387663
    0.02020994
    0.02738765
   -0.01606205
   -0.01654099
   -0.02065429
   -0.01507115
   -0.02091689
   -0.01442919
   -0.01635758
   -0.01586149
   -0.02061641
   -0.01429587
   -0.02046008
   -0.01499930
   -0.06735797
    0.02177079
    0.06839413
   -0.03799447
   -0.03598388
    0.06249485
   -0.16843036
    0.01471819
   -0.00139184
   -0.02193116
   -0.03528758
    0.08668841
   -0.29830930
   -0.04234161
   -0.02312768
    0.06257628
   -0.03568702
   -0.03768382
   -0.16822741
    0.06858445
    0.02210665
    0.06854836
   -0.03772507
   -0.03563302
    0.06254296
   -0.16820972
    0.01469781
   -0.00141517
   -0.02299384
   -0.04231250
    0.08670423
   -0.29829956
   -0.03535885
   -0.02191822
    0.06242689
   -0.03595726
   -0.03803440
    0.06842084
   -0.16836683
    0.02561699
    0.02198708
    0.02554651
    0.03682614
    0.22569896
    0.03541722
    0.02502956
    0.02232210
    0.02598059
    0.02587909
    0.02224817
    0.02512787
    0.03554545
    0.22571420
    0.03674109
    0.02541761
    0.02185596
    0.02558748
