           2           3   1.3885117794053650     
           3           4   1.1976249817599651     
           4           5   1.6464652724194251     
           5           6   1.2040622526370020     
           1           7  0.56550721455519204     
           3           7   1.2826185977497249     
           6           7   1.2813827590848677     
           6           8   1.3631557150394313     
           8           9   1.0497797435037719     
           9          10   1.4269752253015511     
          10          11   1.4470452971086740     
          11          12   1.4788473597987462     
          10          13  0.10125635512130593     
          12          13   1.4789011499046290     
           9          14   1.4266446475252050     
          11          14  0.10120232030668308     
          13          14   1.4472123790717271     
           8          15   1.3643646054701319     
          15          16   1.2131668370552906     
          16          17   1.6288439000726491     
           1          18  0.55903232861146701     
          15          18   1.2689122863144986     
          17          19   1.2228393714928694     
          18          19   1.3094603741044404     
          19          20   1.2937591132748387     
          20          21   1.2939430000862060     
          21          22   1.2228623115380997     
          22          23   1.6287949921188434     
          23          24   1.2131846478210508     
           1          25  0.55911730862757780     
          21          25   1.3094037194925905     
          24          25   1.2688786491590192     
          24          26   1.3644800461006485     
          26          27   1.0492260195755474     
          27          28   1.4269313798078120     
          28          29   1.4471049288142006     
          29          30   1.4789640376807838     
          28          31  0.10125961181290645     
          30          31   1.4788432193865211     
          27          32   1.4271724477701129     
          29          32  0.10130718672047749     
          31          32   1.4469956416319654     
          26          33   1.3633948776670402     
          33          34   1.2040103061571055     
          34          35   1.6465427731002682     
           2          36   1.3885226268076953     
          35          36   1.1975809855361057     
           1          37  0.56550058164314687     
          33          37   1.2812705366378094     
          36          37   1.2826648091205293     
           2          38  0.99733475758521395     
           4          39  0.99285164845800133     
           5          40  0.99774362525908389     
          10          41  0.98818964382581775     
          11          42  0.98286935607388815     
          13          43  0.98299785704526466     
          14          44  0.98833977427146680     
          16          45  0.99689942005680965     
          17          46  0.99811529374928587     
          22          47  0.99808826929802252     
          23          48  0.99694450638359400     
          28          49  0.98829977756142628     
          29          50  0.98299715870699600     
          31          51  0.98287491272624017     
          32          52  0.98816680533532841     
          34          53  0.99777389215572032     
          35          54  0.99285481138218423     
          56          57   1.3885093241419104     
          57          58   1.1976002920170745     
          58          59   1.6465081308736678     
          59          60   1.2040357238754686     
          55          61  0.56539234102928904     
          57          61   1.2826616066567591     
          60          61   1.2812747411992405     
          60          62   1.3633161922685242     
          62          63   1.0498613023023990     
          63          64   1.4268537394775311     
          64          65   1.4471264812270490     
          65          66   1.4787569717955522     
          64          67  0.10124488315345578     
          66          67   1.4789387397514053     
          63          68   1.4266838851278860     
          65          68  0.10118554872710089     
          67          68   1.4471788977994402     
          62          69   1.3640925429690816     
          69          70   1.2134192591300093     
          70          71   1.6284201946661168     
          55          72  0.55915674050013520     
          69          72   1.2688551703627118     
          71          73   1.2231750839769500     
          72          73   1.3095945731954350     
          73          74   1.2931202740859959     
          74          75   1.2934928684519871     
          75          76   1.2230784573372389     
          76          77   1.6285631655871409     
          77          78   1.2133165628542315     
          55          79  0.55896810165251276     
          75          79   1.3095689320557535     
          78          79   1.2688083124686673     
          78          80   1.3643960971721609     
          80          81   1.0491229843783001     
          81          82   1.4269454731795062     
          82          83   1.4471205016046849     
          83          84   1.4789351579276702     
          82          85  0.10126173019617811     
          84          85   1.4788648535105455     
          81          86   1.4272598136799273     
          83          86  0.10131141133500067     
          85          86   1.4469657113208618     
          80          87   1.3635207889206515     
          87          88   1.2040262312132120     
          88          89   1.6465103545691377     
          56          90   1.3884839320437499     
          89          90   1.1976137208133144     
          55          91  0.56572750230310886     
          87          91   1.2811323178211107     
          90          91   1.2826490445925771     
          56          92  0.99734560510783621     
          58          93  0.99286785511328279     
          59          94  0.99775595114205562     
          64          95  0.98820359037859951     
          65          96  0.98288100358185848     
          67          97  0.98300941115560236     
          68          98  0.98834569698393304     
          70          99  0.99691016021094669     
          71         100  0.99813322352261158     
          76         101  0.99810621752010598     
          77         102  0.99695883632057958     
          82         103  0.98830937408002761     
          83         104  0.98301021724673077     
          85         105  0.98288259270753053     
          86         106  0.98817177644992971     
          88         107  0.99779205047030417     
          89         108  0.99287153267183725     
          20         109   1.2238800275281569     
         109         110   2.4611669438681436     
         110         111   1.3652698933574832     
         109         112  0.16611896190960543     
         111         112   2.3405109699684443     
         112         113   1.3938422892016118     
         111         114  0.16037176246342277     
         113         114   2.3393978135500340     
         114         115   1.3672637888760344     
         113         116  0.16588763191498890     
         115         116   2.4575143846834062     
         117         118   2.4529024579315335     
         118         119   1.3711706580975178     
         117         120  0.16533845869081687     
         119         120   2.3338855830421155     
         120         121   1.3986792558982490     
         119         122  0.15964812901329936     
         121         122   2.3338805376501028     
         122         123   1.3712096137432597     
         121         124  0.16532268137917142     
         123         124   2.4528284440517449     
         125         126   2.4561643080483067     
         126         127   1.3683284603076367     
         125         128  0.16572664063357290     
         127         128   2.3380971589889818     
         128         129   1.3949020393967642     
         127         130  0.16017653262177839     
         129         130   2.3391649433022756     
         130         131   1.3663201738043176     
          74         132   1.2249221793526923     
         129         132  0.16597342400540668     
         131         132   2.4598729651693758     
         116         134   1.2269182448933775     
         134         135   1.2898460336557658     
         135         136   1.2246680827539602     
         136         137   1.6261421006128765     
         137         138   1.2156475727400449     
         133         139  0.56064955203091271     
         135         139   1.3108996614030466     
         138         139   1.2650657453860905     
         138         140   1.3655640952611998     
         140         141   1.0485474360930938     
         141         142   1.4275926818156210     
         142         143   1.4468717793794108     
         143         144   1.4790361433777084     
         142         145  0.10134988205837046     
         144         145   1.4789937559452668     
         141         146   1.4276628279463139     
         143         146  0.10136380654588177     
         145         146   1.4468855464004755     
         140         147   1.3643473341729275     
         147         148   1.2163458549477097     
         148         149   1.6251157082845153     
         133         150  0.56065853468915983     
         147         150   1.2652504733482710     
         149         151   1.2256418604105255     
         150         151   1.3114905618145041     
         117         152   1.2309134534340234     
         151         152   1.2882263616971812     
         152         153   1.2882513007127956     
         153         154   1.2256558779160835     
         154         155   1.6250909625838885     
         155         156   1.2163415399749005     
         133         157  0.56080211539014690     
         153         157   1.3114125073929168     
         156         157   1.2653477419498602     
         156         158   1.3642071587645899     
         158         159   1.0488032501119480     
         159         160   1.4274864499438100     
         160         161   1.4469391203305761     
         161         162   1.4789542379797311     
         160         163  0.10134946804573784     
         162         163   1.4790451837400622     
         159         164   1.4275475739832428     
         161         164  0.10131379512263103     
         163         164   1.4468883705580258     
         158         165   1.3655197113673163     
         165         166   1.2156855214051963     
         166         167   1.6261015618926262     
         134         168   1.2898172939463020     
         167         168   1.2247268262331943     
         133         169  0.56058662310483853     
         165         169   1.2650434698954869     
         168         169   1.3109096388747254     
         136         170  0.99846279391582560     
         137         171  0.99764594622845215     
         142         172  0.98833578341913375     
         143         173  0.98309232937066171     
         145         174  0.98306243136369653     
         146         175  0.98832251107636504     
         148         176  0.99755017279764657     
         149         177  0.99837717636801493     
         154         178  0.99838042526503301     
         155         179  0.99754281090058439     
         160         180  0.98833098495844773     
         161         181  0.98305432993549147     
         163         182  0.98309942400027273     
         164         183  0.98835571740520300     
         166         184  0.99762594699811435     
         167         185  0.99845615276967659     
         124         187   1.2309779638938987     
         187         188   1.2881253213378956     
         188         189   1.2256722051050239     
         189         190   1.6250588967999791     
         190         191   1.2163704296959579     
         186         192  0.56067329124517729     
         188         192   1.3115390220428240     
         191         192   1.2651369806187607     
         191         193   1.3644211614308290     
         193         194   1.0487861107581569     
         194         195   1.4276121231492076     
         195         196   1.4468796248569313     
         196         197   1.4790093317009705     
         195         198  0.10134272305665999     
         197         198   1.4789704652400752     
         194         199   1.4274421105084956     
         196         199  0.10132114460994390     
         198         199   1.4469530039628751     
         193         200   1.3653085252014783     
         200         201   1.2158816763481997     
         201         202   1.6257388707986677     
         186         203  0.56054265977790085     
         200         203   1.2649916034809459     
         202         204   1.2250275370645143     
         203         204   1.3111196712753086     
         125         205   1.2280750026996352     
         204         205   1.2891150008700614     
         205         206   1.2893317324158313     
         206         207   1.2249971539622806     
         207         208   1.6257583522338528     
         208         209   1.2158637276959763     
         186         210  0.56051412336120532     
         206         210   1.3110522140118996     
         209         210   1.2650448023080565     
         209         211   1.3652847063185578     
         211         212   1.0487982462125878     
         212         213   1.4274516973088436     
         213         214   1.4469528167421435     
         214         215   1.4789671149111010     
         213         216  0.10132215075291306     
         215         216   1.4790179746302361     
         212         217   1.4275940912581104     
         214         217  0.10134113376385841     
         216         217   1.4468783495220279     
         211         218   1.3644239171731711     
         218         219   1.2163714992516883     
         219         220   1.6250568541830184     
         187         221   1.2881255223951578     
         220         221   1.2256859920312102     
         186         222  0.56089177699706116     
         218         222   1.2651038112898192     
         221         222   1.3114970029545880     
         189         223  0.99839071804417789     
         190         224  0.99755589384077969     
         195         225  0.98833220246952447     
         196         226  0.98306691602144625     
         198         227  0.98310290582950854     
         199         228  0.98835766797994706     
         201         229  0.99763923055525883     
         202         230  0.99848905544416988     
         207         231  0.99845123834071214     
         208         232  0.99764307229331983     
         213         233  0.98835743858813363     
         214         234  0.98310269530317373     
         216         235  0.98306314704493158     
         217         236  0.98833244087344529     
         219         237  0.99755041795193444     
         220         238  0.99838742496536148     
