           1           2   1.3703376906385489     
           2           3   1.2411278622592403     
           3           4   1.5961658038414375     
           4           5   1.2515838397779826     
           2           6   1.2296486804825162     
           5           6   1.2306077805475379     
           5           7   1.3376480502272363     
           7           8   1.0564577787773421     
           8           9   1.4104076823896203     
           9          10   1.4724495605329802     
          10          11   1.3894219632206566     
          11          12   1.0813655145741963     
          12          13   1.9428065390898188     
          11          14   1.3840822791846292     
           8          15   1.4144997584960801     
          14          15   1.4679798576928786     
           7          16   1.3669509100515960     
          16          17   1.1596253439550472     
          17          18   1.6948465023628962     
          16          19   1.3559350379490054     
          18          20   1.1642288385684820     
          19          20   1.4108948539756141     
          20          21   1.2904853334319664     
          21          22   1.2861790713454939     
          22          23   1.2673490289458391     
          23          24   1.5815427098747852     
          24          25   1.2588478914189514     
          22          26   1.2483793743622120     
          25          26   1.2235053387555970     
          25          27   1.3386154956082048     
          27          28   1.0593859062927127     
          28          29   1.4083441617827104     
          29          30   1.4733131140537226     
          30          31   1.3884930460356859     
          31          32   1.0820614744988568     
          32          33   1.9411424539337527     
          31          34   1.3833752057378068     
          28          35   1.4132480945867893     
          34          35   1.4689982926342244     
          27          36   1.3558880060114880     
          36          37   1.1515938542324691     
          37          38   1.7084886726784863     
           1          39   1.3869736374289712     
          38          39   1.1459286530982487     
          36          40   1.3818867624691620     
          39          40   1.3728105071569128     
           1          41  0.99548473991644326     
           3          42  0.99221218418782431     
           4          43  0.99839525448152266     
           6          44  0.96062957298822305     
           9          45  0.98804859868844630     
          10          46  0.98765647676172585     
          12          47  0.95379793603639451     
          14          48  0.98184623385041547     
          15          49  0.98744096516734836     
          17          50  0.99793210830736345     
          18          51  0.99875249068409844     
          23          52  0.99775261154594219     
          24          53  0.99751434781310944     
          26          54  0.95966529432751513     
          29          55  0.98792387674321802     
          30          56  0.98762998531702129     
          32          57  0.95394728330058853     
          34          58  0.98199403411339092     
          35          59  0.98775162991525678     
          37          60  0.99878869215185084     
          38          61  0.99275046926911070     
          62          63   1.3704797592393958     
          63          64   1.2411100101025316     
          64          65   1.5964580471652159     
          65          66   1.2514008820497813     
          63          67   1.2295751435826252     
          66          67   1.2310586089295648     
          66          68   1.3377435341648281     
          68          69   1.0558839651668765     
          69          70   1.4106898635448528     
          70          71   1.4722778121340998     
          71          72   1.3895442917253773     
          72          73   1.0813184606746211     
          73          74   1.9429387952417290     
          72          75   1.3841208762111239     
          69          76   1.4146582364801796     
          75          76   1.4678835312817746     
          68          77   1.3672215520107833     
          77          78   1.1591930945293545     
          78          79   1.6958044262811474     
          77          80   1.3565279891756372     
          79          81   1.1636018620925450     
          80          81   1.4102098541029386     
          81          82   1.2919231381644782     
          82          83   1.2880165362830855     
          83          84   1.2662447842211937     
          84          85   1.5831114214986992     
          85          86   1.2578708198370727     
          83          87   1.2480254022361374     
          86          87   1.2235920820157684     
          86          88   1.3399608020124516     
          88          89   1.0590339240769486     
          89          90   1.4088176407201178     
          90          91   1.4729756935966662     
          91          92   1.3888079980811880     
          92          93   1.0819589215403378     
          93          94   1.9414573079526178     
          92          95   1.3833385557419893     
          89          96   1.4131598830567564     
          95          96   1.4690651423134971     
          88          97   1.3550418967387365     
          97          98   1.1515264326156611     
          98          99   1.7086224228829665     
          62         100   1.3875500359901520     
          99         100   1.1458942188448189     
          97         101   1.3828871131898548     
         100         101   1.3722920130138263     
          62         102  0.99547697684053427     
          64         103  0.99216695218918982     
          65         104  0.99836970337282549     
          67         105  0.96054219395516027     
          70         106  0.98798664898533328     
          71         107  0.98761200300002794     
          73         108  0.95376939144034045     
          75         109  0.98182740631417420     
          76         110  0.98740304012951596     
          78         111  0.99788132434804888     
          79         112  0.99868064342515239     
          84         113  0.99761473860404060     
          85         114  0.99744580254510140     
          87         115  0.95958253650511505     
          90         116  0.98792301145671524     
          91         117  0.98761859888710402     
          93         118  0.95388469401896558     
          95         119  0.98193217315991088     
          96         120  0.98769626233015595     
          98         121  0.99877095048826903     
          99         122  0.99269628763572137     
         123         124   2.3794324678895316     
         124         125   1.3507609833831240     
          21         126   1.2160949564674826     
         123         126  0.16997981028123837     
         125         126   2.4773940567868866     
         123         127   1.3525157294700010     
         124         128  0.16965693338610396     
         127         128   2.4727793825487128     
         129         130   2.3643447570140599     
         130         131   1.3639508198588268     
         129         132  0.16853585225194140     
         131         132   2.4602590768256989     
         129         133   1.3641961840224062     
         130         134  0.16855721689334721     
         133         134   2.4598180717560534     
         135         136   2.3646282769482885     
         136         137   1.3640264803670374     
         135         138  0.16866453860141331     
         137         138   2.4601315826413410     
         135         139   1.3637398073625471     
         136         140  0.16867066435103173     
         139         140   2.4606236465858373     
         141         142   2.3824104755386695     
         142         143   1.3501899705478042     
         141         144  0.17002895723085620     
         143         144   2.4757374442886309     
         141         145   1.3484117392985704     
          82         146   1.2134634861190574     
         142         146  0.17041366127520968     
         145         146   2.4804164503190878     
         128         147   1.2204367628052657     
         147         148   1.2804204587759733     
         148         149   1.2713006720781472     
         149         150   1.5758083303358883     
         150         151   1.2642621478346669     
         148         152   1.2506218878888271     
         151         152   1.2206928426232866     
         151         153   1.3341086244674885     
         153         154   1.0552627491766249     
         154         155   1.4107815164156379     
         155         156   1.4724476248081739     
         156         157   1.3894018834503048     
         157         158   1.0814177151999804     
         158         159   1.9424156199875033     
         157         160   1.3842404454754937     
         154         161   1.4155429862970179     
         160         161   1.4675963610664569     
         153         162   1.3717075556193514     
         162         163   1.1611626043939725     
         163         164   1.6911936932512963     
         162         165   1.3503932807300705     
         164         166   1.1674607725894353     
         165         166   1.4167725789030616     
         132         167   1.2315088219946224     
         166         167   1.2808351936521734     
         167         168   1.2765648547383701     
         168         169   1.2734661842559463     
         169         170   1.5740963805213746     
         170         171   1.2651568970670666     
         168         172   1.2515574112004950     
         171         172   1.2220289113525771     
         171         173   1.3316830097575101     
         173         174   1.0552417519589219     
         174         175   1.4154795772794924     
         175         176   1.4679639568716949     
         176         177   1.3841334375399528     
         177         178   1.0814292240432655     
         178         179   1.9421713153611480     
         177         180   1.3894296590659521     
         174         181   1.4107384412426065     
         180         181   1.4722069989495987     
         173         182   1.3733116860289107     
         182         183   1.1600155245479911     
         183         184   1.6931504606137502     
         147         185   1.2855035148366647     
         184         185   1.1659387222777375     
         182         186   1.3510989948644838     
         185         186   1.4139228353802193     
         149         187  0.99810299336885455     
         150         188  0.99836540682807728     
         152         189  0.96094952074295414     
         155         190  0.98815137008872655     
         156         191  0.98778194168878053     
         158         192  0.95400355525641101     
         160         193  0.98191800945055074     
         161         194  0.98750499521852131     
         163         195  0.99855478084959659     
         164         196  0.99912249409635079     
         169         197  0.99796340910046233     
         170         198  0.99816258466354579     
         172         199  0.96108999237910575     
         175         200  0.98762894045294103     
         176         201  0.98195877263189912     
         178         202  0.95400533600394732     
         180         203  0.98772517214650057     
         181         204  0.98799829959101526     
         183         205  0.99869367752225913     
         184         206  0.99917376048840634     
         134         207   1.2318705043500409     
         207         208   1.2757672002221692     
         208         209   1.2737143652625573     
         209         210   1.5735155745900904     
         210         211   1.2658876477541503     
         208         212   1.2520918723852690     
         211         212   1.2210151834166232     
         211         213   1.3319930338850410     
         213         214   1.0553090479527560     
         214         215   1.4108639846206488     
         215         216   1.4723298225654471     
         216         217   1.3894889038740617     
         217         218   1.0812771966971029     
         218         219   1.9424010536454690     
         217         220   1.3842244082859196     
         214         221   1.4154511894438802     
         220         221   1.4676486169559748     
         213         222   1.3736801816751030     
         222         223   1.1611166223295770     
         223         224   1.6914322842344960     
         222         225   1.3489973404051296     
         224         226   1.1672714983499222     
         225         226   1.4175913532835593     
         138         227   1.2316151152927879     
         226         227   1.2802757152190782     
         227         228   1.2758591695823220     
         228         229   1.2735275975794136     
         229         230   1.5738509560605212     
         230         231   1.2656865787062255     
         228         232   1.2521217562491262     
         231         232   1.2210380090383326     
         231         233   1.3320309209021663     
         233         234   1.0557451939353721     
         234         235   1.4154210835386247     
         235         236   1.4679709618567625     
         236         237   1.3841541716311738     
         237         238   1.0813982262228037     
         238         239   1.9421081648406064     
         237         240   1.3894064133863047     
         234         241   1.4104806922981823     
         240         241   1.4723022475104299     
         233         242   1.3733520305647087     
         242         243   1.1613880656019013     
         243         244   1.6909799721313423     
         207         245   1.2800093377341695     
         244         245   1.1675097517512760     
         242         246   1.3490239710450824     
         245         246   1.4177551859264097     
         209         247  0.99811124750448765     
         210         248  0.99828407348522319     
         212         249  0.96102690119151646     
         215         250  0.98820121224864943     
         216         251  0.98784284768336139     
         218         252  0.95400264235024157     
         220         253  0.98188225081465774     
         221         254  0.98747715263562930     
         223         255  0.99864574129541583     
         224         256  0.99922489619634580     
         229         257  0.99807243845735949     
         230         258  0.99824184399854143     
         232         259  0.96105022725834910     
         235         260  0.98766586525200173     
         236         261  0.98195158800715221     
         238         262  0.95403068466675267     
         240         263  0.98776437127003525     
         241         264  0.98803351827907060     
         243         265  0.99864782968228349     
         244         266  0.99922362760123618     
         140         267   1.2312264120960585     
         267         268   1.2771107160719990     
         268         269   1.2733648759575893     
         269         270   1.5741763560498248     
         270         271   1.2651041635748221     
         268         272   1.2512780939500898     
         271         272   1.2223416100679734     
         271         273   1.3316499652890328     
         273         274   1.0553614899619648     
         274         275   1.4107058094670235     
         275         276   1.4723482897162092     
         276         277   1.3894946379002313     
         277         278   1.0812173505454241     
         278         279   1.9424649071483264     
         277         280   1.3842905373965251     
         274         281   1.4154500996544370     
         280         281   1.4676250154004753     
         273         282   1.3731318614616819     
         282         283   1.1594611334471927     
         283         284   1.6940918873846855     
         282         285   1.3519152968715697     
         284         286   1.1653660557078518     
         285         286   1.4127115606393144     
         144         287   1.2180207042586912     
         286         287   1.2874170069279265     
         287         288   1.2815281864527619     
         288         289   1.2703677263692572     
         289         290   1.5771952193996726     
         290         291   1.2633948344874273     
         288         292   1.2503412957511018     
         291         292   1.2211079722217106     
         291         293   1.3345424359284683     
         293         294   1.0559398394142490     
         294         295   1.4154990390556619     
         295         296   1.4678807696903202     
         296         297   1.3843180510440372     
         297         298   1.0813331616828670     
         298         299   1.9422026979617140     
         297         300   1.3893999354235362     
         294         301   1.4102337518384607     
         300         301   1.4723640765652832     
         293         302   1.3709793613899968     
         302         303   1.1614310915707846     
         303         304   1.6908661644388046     
         267         305   1.2808355294478393     
         304         305   1.1675958782115488     
         302         306   1.3508956823104601     
         305         306   1.4166888211450568     
         269         307  0.99793337660279235     
         270         308  0.99816571390935982     
         272         309  0.96103746700131709     
         275         310  0.98821757342667271     
         276         311  0.98783158509958469     
         278         312  0.95392725999497219     
         280         313  0.98181474755373055     
         281         314  0.98742250587680558     
         283         315  0.99860246423694055     
         284         316  0.99900959820227864     
         289         317  0.99801922788704722     
         290         318  0.99822502504843036     
         292         319  0.96092444260388410     
         295         320  0.98762807540275699     
         296         321  0.98188515848701163     
         298         322  0.95397967724332333     
         300         323  0.98775141418125179     
         301         324  0.98801848989357721     
         303         325  0.99850699657888387     
         304         326  0.99911736879665336     
