           1           2   1.3586989181424880     
           2           3   1.2479932827903362     
           3           4   1.5788798866113809     
           4           5   1.2606624635945698     
           2           6   1.2305379215291681     
           5           6   1.2229816472292498     
           5           7   1.3298839216580067     
           7           8   1.0608199659443731     
           8           9   1.4073720602559596     
           9          10   1.4758849599504353     
          10          11   1.3848581256205077     
          11          12   1.0860866295334608     
          12          13   1.9307064836164185     
          11          14   1.3792779978083012     
           8          15   1.4116818169934591     
          14          15   1.4712260228838281     
           7          16   1.3662974081000967     
          16          17   1.1651138439895448     
          17          18   1.6826825443166957     
          16          19   1.3490495415815835     
          18          20   1.1719870683262683     
          19          20   1.4169244117747906     
          20          21   1.2817485721498600     
          21          22   1.2663787022887696     
          22          23   1.2857961897104140     
          23          24   1.5538795250334754     
          24          25   1.2750203266898841     
          22          26   1.2500047853296179     
          25          26   1.2236159405973961     
          25          27   1.3162995501674890     
          27          28   1.0647429705697578     
          28          29   1.4042471988186813     
          29          30   1.4778736449188556     
          30          31   1.3820942283189042     
          31          32   1.0877338902334484     
          32          33   1.9256702891522435     
          31          34   1.3777717968470684     
          28          35   1.4089094253381416     
          34          35   1.4729422287406644     
          27          36   1.3653499383931913     
          36          37   1.1523420158647977     
          37          38   1.7047638588592633     
           1          39   1.3849912530249611     
          38          39   1.1468118610471998     
          36          40   1.3708466215348081     
          39          40   1.3733254748680679     
           1          41  0.99690983200372407     
           3          42  0.99441917716774975     
           4          43   1.0001596168211095     
           6          44  0.96273535253522047     
           9          45  0.98883369388532516     
          10          46  0.98898642893962863     
          12          47  0.95567779095078642     
          14          48  0.98312779374262405     
          15          49  0.98858266112673809     
          17          50  0.99915806192869816     
          18          51  0.99973975671149140     
          23          52  0.99906584536067633     
          24          53  0.99900117738543381     
          26          54  0.96287755436683209     
          29          55  0.98888420319856984     
          30          56  0.98910250226056973     
          32          57  0.95601495805337189     
          34          58  0.98343188508533197     
          35          59  0.98893964039407756     
          37          60   1.0004793779749517     
          38          61  0.99496477999245481     
          62          63   1.3586993092524153     
          63          64   1.2479924472091857     
          64          65   1.5788807509924152     
          65          66   1.2606616691079029     
          63          67   1.2305382995300078     
          66          67   1.2229834610351265     
          66          68   1.3298828307815433     
          68          69   1.0608232053893183     
          69          70   1.4073707527516495     
          70          71   1.4758854564087831     
          71          72   1.3848594106430330     
          72          73   1.0860834783711726     
          73          74   1.9307117890911518     
          72          75   1.3792779747815394     
          69          76   1.4116806964326036     
          75          76   1.4712271603070928     
          68          77   1.3662959148458946     
          77          78   1.1651132714114536     
          78          79   1.6826840845551463     
          77          80   1.3490505537944639     
          79          81   1.1719850042395747     
          80          81   1.4169249977339660     
          81          82   1.2817507570968394     
          82          83   1.2663784029642371     
          83          84   1.2857969602626349     
          84          85   1.5538792928729848     
          85          86   1.2750210070038390     
          83          87   1.2500034936503110     
          86          87   1.2236156782689938     
          86          88   1.3163004956929838     
          88          89   1.0647440334646749     
          89          90   1.4042470928896302     
          90          91   1.4778724961619125     
          91          92   1.3820933365920844     
          92          93   1.0877431431824420     
          93          94   1.9256670394825379     
          92          95   1.3777678987832311     
          89          96   1.4089070246964106     
          95          96   1.4729451495447692     
          88          97   1.3653480399340279     
          97          98   1.1523421437770078     
          98          99   1.7047627018455764     
          62         100   1.3849911423113939     
          99         100   1.1468131155626162     
          97         101   1.3708481710370153     
         100         101   1.3733241143533845     
          62         102  0.99690989420082410     
          64         103  0.99441920066691758     
          65         104   1.0001594427925884     
          67         105  0.96273499732348078     
          70         106  0.98883401805268689     
          71         107  0.98898645268427499     
          73         108  0.95567683709505113     
          75         109  0.98312777286234787     
          76         110  0.98858267344136097     
          78         111  0.99915798027897784     
          79         112  0.99973948391778911     
          84         113  0.99906609361875343     
          85         114  0.99900127134085759     
          87         115  0.96287731804808585     
          90         116  0.98888415199601432     
          91         117  0.98910310162793424     
          93         118  0.95600786952037453     
          95         119  0.98343177303381968     
          96         120  0.98893962139623992     
          98         121   1.0004795849554233     
          99         122  0.99496467692493906     
          21         123   1.2297072294381188     
          82         124   1.2297068516464749     
         123         124   2.5904941060899893     
