    0.31597963
   -0.02041415
    0.05549318
   -0.03942816
   -0.03848779
    0.05778721
   -0.21515310
    0.00880985
    0.01767448
   -0.01788489
   -0.01094891
   -0.00912904
    0.14456974
   -0.30054027
   -0.01661993
   -0.01891113
    0.05708752
   -0.03691345
   -0.03692421
   -0.21324929
    0.06127399
    0.01853747
    0.06110625
   -0.03651049
   -0.03654487
    0.05741305
   -0.21320998
    0.00782223
    0.01707013
   -0.01874397
   -0.01691828
   -0.00877119
    0.14461363
   -0.30000050
   -0.01070011
   -0.01715882
    0.05790556
   -0.03805345
   -0.03929467
    0.05561371
   -0.21508865
    0.02640611
    0.02856940
    0.02113917
    0.02710187
    0.03874449
    0.03820403
    0.04089337
    0.02589439
    0.02324525
    0.02565415
    0.02588780
    0.02263209
    0.02587875
    0.04055954
    0.03797002
    0.03941503
    0.02772199
    0.02035510
    0.02870080
    0.31497637
   -0.02034071
    0.05564588
   -0.03934216
   -0.03847523
    0.05797211
   -0.21535660
    0.00870397
    0.01765904
   -0.01787172
   -0.01095225
   -0.00914148
    0.14451051
   -0.30063504
   -0.01664693
   -0.01887057
    0.05736006
   -0.03694179
   -0.03688788
   -0.21340339
    0.06127797
    0.01869685
    0.06111801
   -0.03647900
   -0.03656748
    0.05768157
   -0.21339507
    0.00791059
    0.01710315
   -0.01874976
   -0.01692452
   -0.00874935
    0.14465137
   -0.29977832
   -0.01061453
   -0.01718264
    0.05803849
   -0.03798045
   -0.03923636
    0.05580797
   -0.21524302
    0.02635122
    0.02865022
    0.02115365
    0.02718166
    0.03876359
    0.03811952
    0.04088145
    0.02591125
    0.02317296
    0.02551674
    0.02573674
    0.02273729
    0.02582662
    0.04052333
    0.03792646
    0.03960562
    0.02785442
    0.02050901
    0.02878769
   -0.02011683
   -0.01784117
   -0.02028560
   -0.01729156
   -0.01979075
   -0.01715554
   -0.01980193
   -0.01717243
   -0.01986862
   -0.01682496
   -0.01965728
   -0.01742629
    0.32543312
    0.01855820
    0.06090055
   -0.03716469
   -0.03678280
    0.05708287
   -0.21268775
    0.00994925
    0.01712932
   -0.01699503
   -0.01077463
   -0.00847751
    0.14482475
   -0.29994007
   -0.01637478
   -0.01816800
    0.05724981
   -0.03619505
   -0.03674316
   -0.21266043
    0.06132131
    0.01868956
    0.06112810
   -0.03689559
   -0.03649057
    0.05720334
   -0.21260835
    0.01009267
    0.01712117
   -0.01806158
   -0.01617061
   -0.00830773
    0.14501170
   -0.29983816
   -0.01072915
   -0.01703048
    0.05728519
   -0.03609680
   -0.03675535
    0.06118121
   -0.21266973
    0.02496983
    0.02167187
    0.02778890
    0.03932314
    0.03869970
    0.04158989
    0.02664475
    0.02205616
    0.02542210
    0.02548755
    0.02209293
    0.02677448
    0.04186745
    0.03897703
    0.03920054
    0.02760415
    0.02232771
    0.02555694
    0.32489145
    0.01868303
    0.06120661
   -0.03681295
   -0.03641691
    0.05733906
   -0.21263138
    0.01004923
    0.01709348
   -0.01698781
   -0.01065982
   -0.00829223
    0.14503468
   -0.29963952
   -0.01621530
   -0.01812862
    0.05744691
   -0.03610716
   -0.03673344
   -0.21281351
    0.06112479
    0.01863691
    0.06080599
   -0.03716543
   -0.03687447
    0.05726716
   -0.21274140
    0.00983897
    0.01719440
   -0.01818577
   -0.01639178
   -0.00853265
    0.14476014
   -0.30009402
   -0.01078052
   -0.01700641
    0.05727588
   -0.03623377
   -0.03673399
    0.06138471
   -0.21278961
    0.02553253
    0.02222003
    0.02767712
    0.03940344
    0.03892253
    0.04179532
    0.02671512
    0.02233151
    0.02543506
    0.02469190
    0.02156041
    0.02672803
    0.04157003
    0.03861216
    0.03929265
    0.02781225
    0.02211804
    0.02546043
