           1           2   1.3754164508506099     
           2           3   1.2401342311622985     
           3           4   1.6012001893033778     
           4           5   1.2493881877468687     
           2           6   1.2297003813223901     
           5           6   1.2261949803238186     
           5           7   1.3497620738250904     
           7           8   1.3752553732321864     
           8           9   1.1606704823705782     
           9          10   1.6935306955521534     
           8          11   1.3525218523613132     
          10          12   1.1660756718958973     
          11          12   1.4086993264771868     
          12          13   1.2917579617379440     
          13          14   1.2931328458092877     
          14          15   1.2645544707057832     
          15          16   1.5884912932728925     
          16          17   1.2552387330408572     
          17          18   1.3538647961517236     
          18          19   1.0254501903601927     
          19          20   1.4103270768492004     
          20          21   1.1165419624484521     
          21          22  0.97700130183609402     
          20          23   1.3578636458509876     
          23          24   1.4705670509361382     
          24          25   1.4129057197752311     
          19          26   1.3545270089221690     
          25          26   1.4082983617278273     
          26          27   1.1178072495359193     
          27          28  0.98279414175167534     
          18          29   1.3649712510790972     
          29          30   1.1531932132844622     
          30          31   1.7066697899413261     
           1          32   1.3840727757575157     
          31          32   1.1483572426460218     
          29          33   1.3756773209616744     
          32          33   1.3738277442176987     
          14          34   1.2483389860310925     
          17          34   1.2183308156567887     
           7          35   1.0265103624887602     
          35          36   1.4102189587203173     
          36          37   1.1137851036693500     
          37          38  0.97608241221239900     
          36          39   1.3610144630036451     
          39          40   1.4684401770574755     
          40          41   1.4145727574247005     
          35          42   1.3553096292340765     
          41          42   1.4073337652189157     
          42          43   1.1184989110587442     
          43          44  0.98270825029189723     
           1          45  0.99611343250230078     
           3          46  0.99363956096174033     
           4          47  0.99832216697864695     
           6          48  0.96206385395574023     
           9          49  0.99827591255831749     
          10          50   1.0001332171403445     
          15          51  0.99892478067473423     
          16          52  0.99751961944006684     
          22          53  0.99896254716680954     
          22          54  0.98366253884934984     
          22          55   1.0023598573342094     
          23          56  0.98381023793146749     
          24          57  0.98516739565213740     
          25          58  0.98741583079305117     
          28          59  0.98569310905755725     
          28          60  0.99617725283297254     
          28          61  0.99574241981454459     
          30          62  0.99893810969071983     
          31          63  0.99436677435530341     
          34          64  0.96062866262843749     
          38          65   1.0025715597907425     
          38          66  0.98369309739253663     
          38          67  0.99933252868255718     
          39          68  0.98401422885965817     
          40          69  0.98517363325238139     
          41          70  0.98750009485424639     
          44          71  0.99600080938625202     
          44          72  0.98559824348067959     
          44          73  0.99584472883152919     
          74          75   1.3755535697496784     
          75          76   1.2400666587613198     
          76          77   1.6014301595234044     
          77          78   1.2493839762211463     
          75          79   1.2297113259694237     
          78          79   1.2261645304486484     
          78          80   1.3498698700579694     
          80          81   1.3752316555545230     
          81          82   1.1610315194003051     
          82          83   1.6929751569903131     
          81          84   1.3520354488067743     
          83          85   1.1663689968015081     
          84          85   1.4096415855692150     
          85          86   1.2903961350901285     
          86          87   1.2923172156375999     
          87          88   1.2648139381305066     
          88          89   1.5884054627662483     
          89          90   1.2553171873411630     
          90          91   1.3538924447891050     
          91          92   1.0255852216999606     
          92          93   1.4102405985852244     
          93          94   1.1167134055600074     
          94          95  0.97691466995675935     
          93          96   1.3578708210860710     
          96          97   1.4705986356990062     
          97          98   1.4128256732668290     
          92          99   1.3545301458166656     
          98          99   1.4083766001496527     
          99         100   1.1176325473827768     
         100         101  0.98287863618942928     
          91         102   1.3648214176379108     
         102         103   1.1533153181287255     
         103         104   1.7065070204505517     
          74         105   1.3840099301519919     
         104         105   1.1484467594989543     
         102         106   1.3757620027719812     
         105         106   1.3737691702516004     
          87         107   1.2487057147169189     
          90         107   1.2182325047627012     
          80         108   1.0268763769580231     
         108         109   1.4099218527002406     
         109         110   1.1132054931485245     
         110         111  0.97568141865129510     
         109         112   1.3619283222730454     
         112         113   1.4678590360702004     
         113         114   1.4150291197188585     
         108         115   1.3557612365935419     
         114         115   1.4070320536427952     
         115         116   1.1184391691850133     
         116         117  0.98272596587050198     
          74         118  0.99612923158188016     
          76         119  0.99366085278231242     
          77         120  0.99836204160167275     
          79         121  0.96206496544306830     
          82         122  0.99829783951791995     
          83         123   1.0001111549731845     
          88         124  0.99894364735987606     
          89         125  0.99753454400184383     
          95         126  0.99894689763409539     
          95         127  0.98362547135114786     
          95         128   1.0024020054355089     
          96         129  0.98381119115841653     
          97         130  0.98518608184641543     
          98         131  0.98743976938366995     
         101         132  0.98572233975569479     
         101         133  0.99620853477748028     
         101         134  0.99576905487144829     
         103         135  0.99896275655801547     
         104         136  0.99440256317848275     
         107         137  0.96061141823934826     
         111         138   1.0027054042204577     
         111         139  0.98367219230389924     
         111         140  0.99935388166668870     
         112         141  0.98404909920146733     
         113         142  0.98517593002985560     
         114         143  0.98752624607622441     
         117         144  0.99601923417017035     
         117         145  0.98565045832118103     
         117         146  0.99587136230323103     
         147         148   2.3867685709890605     
         148         149   1.3452739122129562     
          13         150   1.2113472236438181     
         147         150  0.17089288051741564     
         149         150   2.4843486275340645     
         147         151   1.3471270134293298     
         148         152  0.17064492721441427     
         151         152   2.4795724237750716     
         153         154   2.3665649246264540     
         154         155   1.3627931356766187     
         153         156  0.16950462312772985     
         155         156   2.4625861558194657     
         153         157   1.3632792466261006     
         154         158  0.16950663196105334     
         157         158   2.4616930499043930     
         159         160   2.3645665111054606     
         160         161   1.3644697283601941     
         159         162  0.16926384554149335     
         161         162   2.4602294839674008     
         159         163   1.3645554795375303     
         160         164  0.16912201282012476     
         163         164   2.4599699945700833     
         165         166   2.3643107462119173     
         166         167   1.3648153928090259     
         165         168  0.16895634048870856     
         167         168   2.4595343880805984     
         165         169   1.3644264222247089     
         166         170  0.16890348564380342     
         169         170   2.4601916189091293     
         171         172   2.3834280697353964     
         172         173   1.3498692339218492     
         171         174  0.17017579997168075     
         173         174   2.4761390887325172     
         171         175   1.3478625600777774     
          86         176   1.2138075792042662     
         172         176  0.17057323195446178     
         175         176   2.4813423827821959     
         152         177   1.2155684107150220     
         177         178   1.2866970891103309     
         178         179   1.2674590531809748     
         179         180   1.5811402819477687     
         180         181   1.2589051676876688     
         178         182   1.2520409368880336     
         181         182   1.2209175662496516     
         181         183   1.3432667856403968     
         183         184   1.3765898373544556     
         184         185   1.1598026211530699     
         185         186   1.6910520615548945     
         184         187   1.3484610834139066     
         186         188   1.1671156367803450     
         187         188   1.4186915327731133     
         156         189   1.2303948058486027     
         188         189   1.2813168225489564     
         189         190   1.2808553988199358     
         190         191   1.2724361565967033     
         191         192   1.5782720981832437     
         192         193   1.2633082442516728     
         193         194   1.3426496060875182     
         194         195   1.0248643581751053     
         195         196   1.3547864399114307     
         196         197   1.1178745729858932     
         197         198  0.98305516735244802     
         196         199   1.4084416485502591     
         199         200   1.4123075964171958     
         200         201   1.4712043347880803     
         195         202   1.4106231295721525     
         201         202   1.3567966972974110     
         202         203   1.1181644518616149     
         203         204  0.97708662427751269     
         194         205   1.3818052736054429     
         205         206   1.1608537667365120     
         206         207   1.6928938529435482     
         177         208   1.2876047761190146     
         207         208   1.1670107534940815     
         205         209   1.3471614936306111     
         208         209   1.4120102365244740     
         190         210   1.2508971770734258     
         193         210   1.2185217922585985     
         183         211   1.0383856687692805     
         211         212   1.3776829760452054     
         212         213   1.1170565405604358     
         213         214  0.98191350638805341     
         212         215   1.3881798095059326     
         215         216   1.4386619950755986     
         216         217   1.4394361825565254     
         211         218   1.3761278586375514     
         217         218   1.3874208580819940     
         218         219   1.1207313944297927     
         219         220  0.98208970411731122     
         179         221  0.99915460790849120     
         180         222  0.99918443966297921     
         182         223  0.96192319081561151     
         185         224  0.99956054413813500     
         186         225   1.0002606927978115     
         191         226  0.99926268715318334     
         192         227  0.99807818936126202     
         198         228  0.98573205042764067     
         198         229  0.99596306410884006     
         198         230  0.99619116147734998     
         199         231  0.98755416235056515     
         200         232  0.98536194305147129     
         201         233  0.98398813331810853     
         204         234  0.98381264320127626     
         204         235   1.0020137506553333     
         204         236  0.99882349984658580     
         206         237  0.99884111204678749     
         207         238   1.0006167599298053     
         210         239  0.96135238831759995     
         214         240  0.99586286245063416     
         214         241  0.99667384285985250     
         214         242  0.98623345482325286     
         215         243  0.98888251226412849     
         216         244  0.98531509524411076     
         217         245  0.98890434505695490     
         220         246  0.99652565162435502     
         220         247  0.98600713041003474     
         220         248  0.99596307237836590     
         158         249   1.2314244468386510     
         249         250   1.2796081444802512     
         250         251   1.2716822584966969     
         251         252   1.5767634024817834     
         252         253   1.2618878564147891     
         250         254   1.2539389185188976     
         253         254   1.2213324503111262     
         253         255   1.3396098189640369     
         255         256   1.3800999437772044     
         256         257   1.1596137441134613     
         257         258   1.6914345485907147     
         256         259   1.3456692896165092     
         258         260   1.1669204153143216     
         259         260   1.4208932449505953     
         162         261   1.2321822413953067     
         260         261   1.2794853377930275     
         261         262   1.2794440692684872     
         262         263   1.2726669318848556     
         263         264   1.5778409613961106     
         264         265   1.2639309767652001     
         265         266   1.3432269739668139     
         266         267   1.0253918256391734     
         267         268   1.3550931984538237     
         268         269   1.1180142160116835     
         269         270  0.98311056429749444     
         268         271   1.4081072345524137     
         271         272   1.4127624656280569     
         272         273   1.4705695004393391     
         267         274   1.4104741538282906     
         273         274   1.3577115208066737     
         274         275   1.1174681088132203     
         275         276  0.97671766615259681     
         266         277   1.3817657897320255     
         277         278   1.1627586389649938     
         278         279   1.6897495059087266     
         249         280   1.2800898633877056     
         279         280   1.1692605299527239     
         277         281   1.3447794825264634     
         280         281   1.4165849545645410     
         262         282   1.2520405537923978     
         265         282   1.2170955765918081     
         255         283   1.0381796396291818     
         283         284   1.3778837743824055     
         284         285   1.1172526445437374     
         285         286  0.98193484708590917     
         284         287   1.3880118697355932     
         287         288   1.4387188200305632     
         288         289   1.4393708965956302     
         283         290   1.3762421949205101     
         289         290   1.3874006177620066     
         290         291   1.1206826835598593     
         291         292  0.98216344985164028     
         251         293  0.99928226971312095     
         252         294  0.99925658876408541     
         254         295  0.96203826573867013     
         257         296  0.99961620843906118     
         258         297   1.0003347341391626     
         263         298  0.99938149412804334     
         264         299  0.99822913490199006     
         270         300  0.98574776218081128     
         270         301  0.99603882210886241     
         270         302  0.99616987639936871     
         271         303  0.98760563835289061     
         272         304  0.98540941274967830     
         273         305  0.98407890390886443     
         276         306  0.98384051482516321     
         276         307   1.0021788955788524     
         276         308  0.99885401131937690     
         278         309  0.99886303279373556     
         279         310   1.0007273108243677     
         282         311  0.96137690458470459     
         286         312  0.99596903919933399     
         286         313  0.99663480919397607     
         286         314  0.98621535390788051     
         287         315  0.98892576095556473     
         288         316  0.98537649564410723     
         289         317  0.98894225003502911     
         292         318  0.99655780598690580     
         292         319  0.98606051932438898     
         292         320  0.99602165328550774     
         164         321   1.2330062078558115     
         321         322   1.2788613567151792     
         322         323   1.2737809536720888     
         323         324   1.5763667509716937     
         324         325   1.2646633374808280     
         322         326   1.2516598424297356     
         325         326   1.2177271594130774     
         325         327   1.3416036787673087     
         327         328   1.3838873696750167     
         328         329   1.1622730863316209     
         329         330   1.6901557225121451     
         328         331   1.3426980580004708     
         330         332   1.1696280777058956     
         331         332   1.4178442561298110     
         168         333   1.2331540657700264     
         332         333   1.2783847436357287     
         333         334   1.2789373742548609     
         334         335   1.2728795537105639     
         335         336   1.5775704879601611     
         336         337   1.2638625400879813     
         337         338   1.3437128014030837     
         338         339   1.0252839284242929     
         339         340   1.3552074624193837     
         340         341   1.1178455580834004     
         341         342  0.98305909178591677     
         340         343   1.4082314594000265     
         343         344   1.4127591555797059     
         344         345   1.4705524663260081     
         339         346   1.4104937072453536     
         345         346   1.3578114976484281     
         346         347   1.1175739553022010     
         347         348  0.97660361090462955     
         338         349   1.3814596316827124     
         349         350   1.1628010706422072     
         350         351   1.6892622041946541     
         321         352   1.2794506618324235     
         351         352   1.1700314906425651     
         349         353   1.3446949432805357     
         352         353   1.4161846209640068     
         334         354   1.2523971519587098     
         337         354   1.2165246742082496     
         327         355   1.0243199310722177     
         355         356   1.3544766013078890     
         356         357   1.1175077751320601     
         357         358  0.98300070533767536     
         356         359   1.4090683542042484     
         359         360   1.4113482566701545     
         360         361   1.4723647019244113     
         355         362   1.4107639280060742     
         361         362   1.3550632090559953     
         362         363   1.1198558989077203     
         363         364  0.97733425409321528     
         323         365  0.99942362633470738     
         324         366  0.99829057075954353     
         326         367  0.96188630226862404     
         329         368  0.99882405654708062     
         330         369   1.0006523439273924     
         335         370  0.99942651067600718     
         336         371  0.99832645009104581     
         342         372  0.98581427947827305     
         342         373  0.99606869106200191     
         342         374  0.99611134703200432     
         343         375  0.98759845267658863     
         344         376  0.98539298566503952     
         345         377  0.98408653832344350     
         348         378  0.98384924361609483     
         348         379   1.0021434720928715     
         348         380  0.99896893200186287     
         350         381  0.99883977838876958     
         351         382   1.0006169079080687     
         354         383  0.96189094260942476     
         358         384  0.99610600330626820     
         358         385  0.99608935877189009     
         358         386  0.98578833198151816     
         359         387  0.98755774707012756     
         360         388  0.98541376697231187     
         361         389  0.98399301381322535     
         364         390  0.99904079188326766     
         364         391  0.98390497849081959     
         364         392   1.0013812327206189     
         170         393   1.2328012605577316     
         393         394   1.2795072260382572     
         394         395   1.2732965060392587     
         395         396   1.5767448773777317     
         396         397   1.2639394156349313     
         394         398   1.2512638608717634     
         397         398   1.2188218967754700     
         397         399   1.3412818366159796     
         399         400   1.3832027018940822     
         400         401   1.1606317647354198     
         401         402   1.6927246210762570     
         400         403   1.3452080962413520     
         402         404   1.1678589353333002     
         403         404   1.4130942054840137     
         174         405   1.2185392385105316     
         404         405   1.2854164580208756     
         405         406   1.2848862277761524     
         406         407   1.2695575870765847     
         407         408   1.5808382717922684     
         408         409   1.2617503279323761     
         409         410   1.3461871165679298     
         410         411   1.0253085107705249     
         411         412   1.3552949330175044     
         412         413   1.1179689196079723     
         413         414  0.98300254013558142     
         412         415   1.4081040971818932     
         415         416   1.4129619825773352     
         416         417   1.4703560226752777     
         411         418   1.4104289425981162     
         417         418   1.3580931303129220     
         418         419   1.1173199872173833     
         419         420  0.97650775789584787     
         410         421   1.3793552058441301     
         421         422   1.1629089118736418     
         422         423   1.6889676929839363     
         393         424   1.2800910224162121     
         423         424   1.1700491082328799     
         421         425   1.3460757328450403     
         424         425   1.4155612438644378     
         406         426   1.2505106848099172     
         409         426   1.2162762775685025     
         399         427   1.0244808397675191     
         427         428   1.3537266286096925     
         428         429   1.1170575643285425     
         429         430  0.98290223191427695     
         428         431   1.4098054145399181     
         431         432   1.4105620865942070     
         432         433   1.4732542895059804     
         427         434   1.4106051752317199     
         433         434   1.3539093551905752     
         434         435   1.1209205234686812     
         435         436  0.97778237686983027     
         395         437  0.99930782443395350     
         396         438  0.99815995143005243     
         398         439  0.96186966084520387     
         401         440  0.99879722790831704     
         402         441   1.0005366943987031     
         407         442  0.99941579076384235     
         408         443  0.99835273374495748     
         414         444  0.98577770254024000     
         414         445  0.99610241240683106     
         414         446  0.99603239808081578     
         415         447  0.98758292391264413     
         416         448  0.98536680351429240     
         417         449  0.98408116641545829     
         420         450  0.98382009876309406     
         420         451   1.0021366109151066     
         420         452  0.99901773367124991     
         422         453  0.99876634351123972     
         423         454   1.0005035118253343     
         426         455  0.96179444288372540     
         430         456  0.99609596286955415     
         430         457  0.99604619722835064     
         430         458  0.98580167035217070     
         431         459  0.98749174365643011     
         432         460  0.98534578985285981     
         433         461  0.98387429764416856     
         436         462  0.99905877221106731     
         436         463  0.98386442030120547     
         436         464   1.0009137938709076     
