   -0.04021777
    0.05699411
   -0.04633417
   -0.04258060
    0.05244453
   -0.16718801
   -0.02541905
    0.04917017
   -0.04666163
   -0.04526364
   -0.29473071
    0.06059132
    0.00371844
    0.06193940
   -0.04255856
   -0.04332316
    0.05228314
   -0.16285233
   -0.02773275
    0.05074454
   -0.04628983
   -0.04842805
    0.05386451
   -0.30062350
    0.01207320
    0.02491935
    0.02645663
    0.16135271
    0.01739145
    0.01754724
    0.01528563
    0.02450440
    0.02674810
    0.15968761
    0.01645462
    0.01703022
    0.01583530
   -0.04021722
    0.05699348
   -0.04633423
   -0.04258131
    0.05244456
   -0.16718678
   -0.02542028
    0.04916952
   -0.04666041
   -0.04526156
   -0.29473163
    0.06059861
    0.00371738
    0.06193450
   -0.04256018
   -0.04332375
    0.05228340
   -0.16284813
   -0.02773253
    0.05074487
   -0.04628930
   -0.04842781
    0.05386437
   -0.30062417
    0.01207334
    0.02491916
    0.02645611
    0.16135249
    0.01739019
    0.01754561
    0.01528570
    0.02450528
    0.02675023
    0.15968668
    0.01645605
    0.01703065
    0.01583551
   -0.03179699
   -0.03179824
   -0.03514812
   -0.02990024
   -0.03514388
   -0.02990162
