           1           2   1.3677633404573628     
           2           3   1.2426642057364679     
           3           4   1.5905525867327175     
           4           5   1.2557741101873077     
           2           6   1.2307302626741830     
           5           6   1.2237153651284565     
           5           7   1.3401329265589328     
           7           8   1.3721363268074511     
           8           9   1.1639439176354378     
           9          10   1.6880077587270863     
           8          11   1.3468267063960009     
          10          12   1.1682625279162051     
          11          12   1.4180779733994522     
          12          13   1.2789563365432208     
          13          14   1.2764057644723150     
          14          15   1.2728240343815187     
          15          16   1.5723277111007370     
          16          17   1.2648288694458942     
          17          18   1.3379220161421046     
          18          19   1.0497774336411574     
          19          20   1.4272363415645350     
          20          21   1.4342750849442341     
          21          22   1.0092276299387346     
          21          23   1.4323472266523467     
          23          24   1.4292514189112220     
          24          25   1.0093265240725817     
          19          26   1.4243586140244964     
          24          26   1.4368710336887396     
          18          27   1.3647133009715091     
          27          28   1.1543725996434946     
          28          29   1.7047436482615772     
           1          30   1.3817451774898604     
          29          30   1.1476043229941328     
          27          31   1.3720612689489105     
          30          31   1.3771215835636441     
          14          32   1.2513876440297746     
          17          32   1.2180648367649782     
           7          33   1.0488521475998667     
          33          34   1.4299499897758443     
          34          35   1.4321355361609798     
          35          36   1.0095189618623384     
          35          37   1.4350410168372867     
          37          38   1.4267275004422408     
          38          39   1.0090554763408635     
          33          40   1.4215061390196875     
          38          40   1.4399200545666078     
           1          41  0.99673786861421620     
           3          42  0.99372855963069939     
           4          43  0.99995927421677844     
           6          44  0.96199430612016534     
           9          45  0.99959012320970542     
          10          46   1.0000558615583739     
          15          47  0.99897893559905870     
          16          48  0.99910146760322693     
          20          49  0.99584933865548975     
          22          50  0.98762822073318934     
          22          51  0.99999178272902456     
          22          52  0.99446844345088214     
          23          53  0.99413197474650206     
          25          54  0.99483089796476654     
          25          55  0.99915350276506576     
          25          56  0.98748085558550036     
          26          57  0.99546398831390503     
          28          58   1.0005746542410636     
          29          59  0.99431820337924692     
          32          60  0.96102152891727621     
          34          61  0.99543032224187256     
          36          62  0.99649015935370755     
          36          63  0.99865085544528209     
          36          64  0.98623284550144585     
          37          65  0.99482597972510967     
          39          66  0.99540823742532769     
          39          67  0.98811663003440664     
          39          68  0.99862012779282294     
          40          69  0.99506207062743102     
          70          71   1.3675576915922085     
          71          72   1.2428049060706750     
          72          73   1.5903379710823855     
          73          74   1.2559632789719095     
          71          75   1.2307902836110469     
          74          75   1.2237958705928398     
          74          76   1.3397934058457146     
          76          77   1.3719482043965494     
          77          78   1.1640984468298050     
          78          79   1.6878118161510212     
          77          80   1.3467194808905631     
          79          81   1.1683405833243923     
          80          81   1.4183015380136426     
          81          82   1.2785334692817296     
          82          83   1.2765312022075452     
          83          84   1.2727606581827642     
          84          85   1.5722943753670964     
          85          86   1.2649186535816812     
          86          87   1.3377926196874692     
          87          88   1.0508620934833179     
          88          89   1.4268499245080037     
          89          90   1.4342285354881970     
          90          91   1.0092222459146163     
          90          92   1.4325631572402964     
          92          93   1.4288585748492333     
          93          94   1.0093093669046136     
          88          95   1.4237689884576232     
          93          95   1.4372735155636494     
          87          96   1.3640107163655242     
          96          97   1.1543551036099591     
          97          98   1.7046456441107876     
          70          99   1.3820125979218851     
          98          99   1.1476884481241831     
          96         100   1.3725520970954841     
          99         100   1.3767539023253761     
          83         101   1.2513667053912465     
          86         101   1.2180739080085512     
          76         102   1.0496446700550395     
         102         103   1.4296530964919589     
         103         104   1.4322084389405112     
         104         105   1.0095085526602732     
         104         106   1.4350645250902252     
         106         107   1.4265761979918032     
         107         108   1.0090213561432264     
         102         109   1.4210067078796411     
         107         109   1.4401826058266607     
          70         110  0.99672643197871502     
          72         111  0.99372962178741586     
          73         112  0.99992721541351226     
          75         113  0.96195483673096394     
          78         114  0.99953306518607909     
          79         115   1.0000705752369436     
          84         116  0.99898123454599574     
          85         117  0.99905139446501645     
          89         118  0.99591971334774632     
          91         119  0.98771764143122143     
          91         120   1.0001045705066354     
          91         121  0.99421312493473246     
          92         122  0.99413877473354939     
          94         123  0.99501474308182958     
          94         124  0.99906724596782148     
          94         125  0.98744688311292672     
          95         126  0.99550942864125624     
          97         127   1.0005362026603435     
          98         128  0.99429983782143849     
         101         129  0.96099560724154676     
         103         130  0.99545930939837779     
         105         131  0.99653802547020542     
         105         132  0.99857794293359636     
         105         133  0.98622749480659888     
         106         134  0.99486961155859754     
         108         135  0.99512234149149414     
         108         136  0.98832165679225614     
         108         137  0.99874796831347812     
         109         138  0.99507805778181924     
          13         139   1.2303363682477220     
         139         140   2.4491580429573370     
         140         141   1.3714387354310591     
         139         142  0.16332035659351693     
         141         142   2.3305769377866055     
         142         143   1.3999918497373944     
         141         144  0.15748954772369644     
         143         144   2.3289256278320627     
         144         145   1.3742388477052310     
         143         146  0.16276688673478851     
         145         146   2.4436600451427291     
         147         148   2.4434098361350336     
         148         149   1.3744867407908237     
         147         150  0.16272948109678026     
         149         150   2.3286238040938922     
         150         151   1.4002505709932680     
         149         152  0.15743016470364402     
         151         152   2.3302404529673550     
         152         153   1.3717072285643845     
          82         154   1.2304944053716449     
         151         154  0.16326426743219991     
         153         154   2.4488335635172427     
         146         155   1.2355683151320200     
         155         156   1.2711334731383734     
         156         157   1.2766646139014330     
         157         158   1.5674401424006048     
         158         159   1.2700234820439191     
         156         160   1.2532852021293845     
         159         160   1.2164384564510382     
         159         161   1.3324519989202419     
         161         162   1.3793188630215050     
         162         163   1.1639319224685851     
         163         164   1.6871009247393856     
         162         165   1.3421336257434751     
         164         166   1.1698308402920674     
         165         166   1.4210651213144814     
         147         167   1.2358734562294691     
         166         167   1.2744214754089020     
         167         168   1.2707815081496314     
         168         169   1.2768203387489327     
         169         170   1.5672752470739204     
         170         171   1.2701509743442934     
         171         172   1.3324895868413458     
         172         173   1.0482696273342895     
         173         174   1.4228892568985745     
         174         175   1.4396656824194025     
         175         176   1.0092883912346162     
         175         177   1.4268138521258926     
         177         178   1.4351428844736549     
         178         179   1.0090836865680839     
         173         180   1.4298485832813017     
         178         180   1.4320331983909664     
         172         181   1.3797809618118939     
         181         182   1.1639012206531618     
         182         183   1.6871954919797125     
         155         184   1.2742527273191486     
         183         184   1.1697318185743819     
         181         185   1.3418097631303290     
         184         185   1.4213681278426098     
         168         186   1.2534244528242817     
         171         186   1.2163870083755874     
         161         187   1.0489414143031837     
         187         188   1.4283195876805437     
         188         189   1.4334008082280414     
         189         190   1.0091013101389921     
         189         191   1.4336951990479463     
         191         192   1.4281460293501160     
         192         193   1.0092900316512206     
         187         194   1.4238560039225439     
         192         194   1.4384570056670658     
         157         195  0.99927491636151944     
         158         196  0.99980404581042004     
         160         197  0.96226583722325332     
         163         198   1.0001242718492529     
         164         199   1.0003128872785205     
         169         200  0.99929454196572498     
         170         201  0.99983483205232437     
         174         202  0.99534130585275038     
         176         203  0.98788609858360488     
         176         204  0.99645578265675783     
         176         205  0.99768965958741918     
         177         206  0.99474607389685143     
         179         207  0.99578951859820253     
         179         208  0.98702461909671790     
         179         209  0.99932987070538271     
         180         210  0.99551951929920668     
         182         211   1.0001454268733276     
         183         212   1.0003167250923128     
         186         213  0.96225094913212394     
         188         214  0.99552041798586632     
         190         215  0.99902180134446439     
         190         216  0.99620404603416268     
         190         217  0.98692845866731449     
         191         218  0.99472758196426159     
         193         219  0.99718446113545678     
         193         220  0.99718330954761336     
         193         221  0.98761444842281287     
         194         222  0.99544209124349647     
