           2           3   1.3923897656076860     
           3           4   1.1984919849656124     
           4           5   1.6434716185298324     
           5           6   1.2037970977623476     
           1           7  0.71284733392199828     
           3           7   1.2435696065712356     
           6           7   1.2497456897517731     
           6           8   1.3607532920270935     
           8           9   1.0553013876646240     
           9          10   1.4153769781810563     
          10          11   1.4635438853629601     
          11          12   1.3824316079971128     
          12          13   1.1246240786541828     
          13          14   2.9615320151752362     
          12          15   1.3821947513157384     
           9          16   1.4150486372822852     
          15          16   1.4637222297804269     
           8          17   1.3672287046402916     
          17          18   1.2090259546880597     
          18          19   1.6318869803685814     
           1          20  0.70882341253881131     
          17          20   1.2389765965161106     
          19          21   1.2189286638075638     
          20          21   1.2659195668071856     
          21          22   1.3050290696262790     
          22          23   1.3037493879766695     
          23          24   1.2193822891361830     
          24          25   1.6317961851793550     
          25          26   1.2086757507485213     
           1          27  0.70866549502399478     
          23          27   1.2676150537995607     
          26          27   1.2371844146837072     
          26          28   1.3689998814539699     
          28          29   1.0554490910250012     
          29          30   1.4150821626435961     
          30          31   1.4637751122492240     
          31          32   1.3822695415527799     
          32          33   1.1246595040037086     
          33          34   2.9614651197943922     
          32          35   1.3822846086524099     
          29          36   1.4152049483613416     
          35          36   1.4635621590970871     
          28          37   1.3588856268917522     
          37          38   1.2041377877789521     
          38          39   1.6434576084745911     
           2          40   1.3940031454594712     
          39          40   1.1980456038385905     
           1          41  0.71311224415725039     
          37          41   1.2513743026543640     
          40          41   1.2419699077365003     
           2          42  0.99640081162119631     
           4          43  0.99348666384092932     
           5          44  0.99825301793124077     
          10          45  0.98738337340848026     
          11          46  0.98527573193459583     
          15          47  0.98505129394980795     
          16          48  0.98704845082511483     
          18          49  0.99760444976917950     
          19          50  0.99837996958984687     
          24          51  0.99826764699552051     
          25          52  0.99759971523620627     
          30          53  0.98734966202448071     
          31          54  0.98529511866740793     
          35          55  0.98503583907465220     
          36          56  0.98709409653080149     
          38          57  0.99824869942634742     
          39          58  0.99352662146950410     
          60          61   1.3927997361774307     
          61          62   1.1981664027876437     
          62          63   1.6441730868255287     
          63          64   1.2032301735164648     
          59          65  0.71304220383068750     
          61          65   1.2439630350914010     
          64          65   1.2486862593471588     
          64          66   1.3630152225111676     
          66          67   1.0548399774902542     
          67          68   1.4154690527098091     
          68          69   1.4635531448636268     
          69          70   1.3823826121396059     
          70          71   1.1247132382677343     
          71          72   2.9614173264644985     
          70          73   1.3822201928391937     
          67          74   1.4152946454294135     
          73          74   1.4636317310829223     
          66          75   1.3657596776002585     
          75          76   1.2090500455727038     
          76          77   1.6324047724564115     
          59          78  0.70937700942895177     
          75          78   1.2405834117687855     
          77          79   1.2183474212225587     
          78          79   1.2630938176660806     
          79          80   1.3093665425908221     
          80          81   1.3083634005976266     
          81          82   1.2186262964990839     
          82          83   1.6326858152671724     
          83          84   1.2083293194175075     
          59          85  0.70915787417208531     
          81          85   1.2651350412088560     
          84          85   1.2383440230794880     
          84          86   1.3686138717352627     
          86          87   1.0546542937096792     
          87          88   1.4153243634391517     
          88          89   1.4637063778555348     
          89          90   1.3822476733200091     
          90          91   1.1247007091291374     
          91          92   2.9614124100250558     
          90          93   1.3823895858117123     
          87          94   1.4156171546872407     
          93          94   1.4633986802828585     
          86          95   1.3603195320393620     
          95          96   1.2038606831899565     
          96          97   1.6439536259778353     
          60          98   1.3942567935023025     
          97          98   1.1977298144882711     
          59          99  0.71324257098436217     
          95          99   1.2507548536597304     
          98          99   1.2421503301485386     
          60         100  0.99636399781465323     
          62         101  0.99344912834349131     
          63         102  0.99822886703327007     
          68         103  0.98736504360665678     
          69         104  0.98528825639443862     
          73         105  0.98504280794166987     
          74         106  0.98702240819888276     
          76         107  0.99760540603127890     
          77         108  0.99830510608404666     
          82         109  0.99820069445452309     
          83         110  0.99760803372649154     
          88         111  0.98730884697072374     
          89         112  0.98529828682894904     
          93         113  0.98503694931621788     
          94         114  0.98706788272822432     
          96         115  0.99824353345575045     
          97         116  0.99351276633415531     
         117         118   2.3866031645655399     
         118         119   1.3500118464759512     
          22         120   1.2114854032215654     
         117         120  0.17683710683466317     
         119         120   2.4880133682721555     
         117         121   1.3511576141687145     
         118         122  0.17677403020176713     
         121         122   2.4848073952158267     
         123         124   2.3847798161762777     
         124         125   1.3515961857670680     
         123         126  0.17654161445421074     
         125         126   2.4840496630203939     
         123         127   1.3513599993404790     
         124         128  0.17653449258570258     
         127         128   2.4847284467667610     
         129         130   2.3972622372473804     
         130         131   1.3422855743191999     
         129         132  0.17568583581903144     
         131         132   2.4946979611768376     
         129         133   1.3410438518979702     
          80         134   1.2031615832708922     
         130         134  0.17570597208172295     
         133         134   2.4981692746301656     
         122         136   1.2151512427132720     
         136         137   1.3022841692304596     
         137         138   1.2206983895438923     
         138         139   1.6293053168033087     
         139         140   1.2113648586595134     
         135         141  0.70745961978295224     
         137         141   1.2669913259608998     
         140         141   1.2387865108232443     
         140         142   1.3638326940828915     
         142         143   1.0567443443311566     
         143         144   1.4148009786558478     
         144         145   1.4636640863503487     
         145         146   1.3825882383902550     
         146         147   1.1244236699594665     
         147         148   2.9619071263477399     
         146         149   1.3824751681214571     
         143         150   1.4147650772172731     
         149         150   1.4637109127408363     
         142         151   1.3632931427069765     
         151         152   1.2116426995205769     
         152         153   1.6288543101392832     
         135         154  0.70625146473341927     
         151         154   1.2383669969501658     
         153         155   1.2211879409433142     
         154         155   1.2682551176049275     
         126         156   1.2149040803437949     
         155         156   1.3003184245255810     
         156         157   1.3022899604861582     
         157         158   1.2203808888157039     
         158         159   1.6297029714473104     
         159         160   1.2110719952043016     
         135         161  0.70745367816872029     
         157         161   1.2674606220511959     
         160         161   1.2383108218326988     
         160         162   1.3645672756588028     
         162         163   1.0566289412930785     
         163         164   1.4148221419164155     
         164         165   1.4636772117897969     
         165         166   1.3824934764857713     
         166         167   1.1244039152989824     
         167         168   2.9619369772254811     
         166         169   1.3826103033129551     
         163         170   1.4148438137988366     
         169         170   1.4636341391876786     
         162         171   1.3626616906797331     
         171         172   1.2119611882245658     
         172         173   1.6283950384839656     
         136         174   1.3000224656055677     
         173         174   1.2215614681647748     
         135         175  0.70623123752646066     
         171         175   1.2386891930110608     
         174         175   1.2678761579333084     
         138         176  0.99839213839572460     
         139         177  0.99785075530976142     
         144         178  0.98723241330807643     
         145         179  0.98503654874428681     
         149         180  0.98499163893638253     
         150         181  0.98723925866205275     
         152         182  0.99781448745148149     
         153         183  0.99830867847613070     
         158         184  0.99830768984690743     
         159         185  0.99781604360078957     
         164         186  0.98725817829235618     
         165         187  0.98503655259842748     
         169         188  0.98498727108218787     
         170         189  0.98720546038777346     
         172         190  0.99784900196558191     
         173         191  0.99838887234289830     
         128         193   1.2141398621307093     
         193         194   1.3016448120243937     
         194         195   1.2204041758207376     
         195         196   1.6298286397872657     
         196         197   1.2110088921600834     
         192         198  0.70673086652472850     
         194         198   1.2678750883022984     
         197         198   1.2382272692187759     
         197         199   1.3646720603372151     
         199         200   1.0564814483192249     
         200         201   1.4148749461098640     
         201         202   1.4636697979548963     
         202         203   1.3825514834833916     
         203         204   1.1244645334622925     
         204         205   2.9618650705954828     
         203         206   1.3825037910897000     
         200         207   1.4148733629311410     
         206         207   1.4636569147820322     
         199         208   1.3629757594270955     
         208         209   1.2110524264411153     
         209         210   1.6298724894202505     
         192         211  0.70787445840366292     
         208         211   1.2396521903692794     
         210         212   1.2202388698765754     
         211         212   1.2651480392560959     
         132         213   1.2070863994283563     
         212         213   1.3054640892019767     
         213         214   1.3053409888692573     
         214         215   1.2204636820050778     
         215         216   1.6293623853626427     
         216         217   1.2116862076512422     
         192         218  0.70709704409130480     
         214         218   1.2644003383191100     
         217         218   1.2409947097491523     
         217         219   1.3610051284634359     
         219         220   1.0561109400443247     
         220         221   1.4151893121347938     
         221         222   1.4634849842891673     
         222         223   1.3826551635169233     
         223         224   1.1244608357428061     
         224         225   2.9618548672919389     
         223         226   1.3824603071569121     
         220         227   1.4149069550231403     
         226         227   1.4637131987331951     
         219         228   1.3668776886764629     
         228         229   1.2102710868037074     
         229         230   1.6306027088428989     
         193         231   1.3022346321477287     
         230         231   1.2199538978344346     
         192         232  0.70737297334326354     
         228         232   1.2371985579623490     
         231         232   1.2684352049688687     
         195         233  0.99829642009674779     
         196         234  0.99779664464058504     
         201         235  0.98721298605409835     
         202         236  0.98499983409293568     
         206         237  0.98503027484521333     
         207         238  0.98723619521236639     
         209         239  0.99783981765407015     
         210         240  0.99829240121285356     
         215         241  0.99835777848160090     
         216         242  0.99786839361511315     
         221         243  0.98719299751917522     
         222         244  0.98501640427345682     
         226         245  0.98502475087566121     
         227         246  0.98722609063344646     
         229         247  0.99780443599764002     
         230         248  0.99830309111205329     
