   -0.02110341
    0.06255857
   -0.03412001
   -0.03166859
    0.06381633
   -0.15855305
    0.00984111
    0.06037940
   -0.03670014
   -0.03729618
   -0.28471986
    0.06469668
    0.01818225
    0.06692955
   -0.03225007
   -0.03145725
    0.06314145
    0.00937779
    0.00579408
   -0.02245899
   -0.02723110
   -0.02891156
   -0.02735933
   -0.02322046
    0.06138891
   -0.03709051
   -0.03940122
    0.05945568
   -0.28675613
   -0.15669114
    0.00583829
   -0.02360674
   -0.02761273
   -0.02883985
   -0.02680901
   -0.02198970
    0.02964444
    0.03999670
    0.03049870
    0.16440299
    0.02149742
    0.02514329
    0.03510669
    0.03109120
    0.02359721
    0.03018838
    0.03012592
    0.03043129
    0.02431165
    0.02071760
    0.02980391
    0.16306640
    0.02374801
    0.02993835
    0.03021290
    0.03088243
    0.02436858
   -0.02128221
    0.06252400
   -0.03421909
   -0.03171990
    0.06371519
   -0.15864168
    0.00975911
    0.06022794
   -0.03674130
   -0.03738617
   -0.28470019
    0.06460814
    0.01811832
    0.06678484
   -0.03241165
   -0.03156487
    0.06299109
    0.00927472
    0.00575744
   -0.02252420
   -0.02732174
   -0.02894594
   -0.02733295
   -0.02312652
    0.06130654
   -0.03710900
   -0.03946411
    0.05942792
   -0.28687760
   -0.15666896
    0.00582857
   -0.02357307
   -0.02762616
   -0.02883154
   -0.02682744
   -0.02195652
    0.02952197
    0.03987913
    0.03036521
    0.16432288
    0.02146263
    0.02528383
    0.03515847
    0.03098520
    0.02337511
    0.03003149
    0.03004915
    0.03055455
    0.02450637
    0.02064824
    0.02970958
    0.16296119
    0.02375890
    0.02989389
    0.03016699
    0.03087141
    0.02421094
   -0.01880271
   -0.01949088
   -0.02178365
   -0.01638618
   -0.02065695
   -0.01976119
   -0.02200301
   -0.01835086
   -0.02123302
   -0.01906820
   -0.02135022
   -0.01885261
   -0.02119750
   -0.01878578
   -0.02111117
   -0.01882956
   -0.02111268
   -0.01882811
   -0.02119563
   -0.01878239
   -0.02133173
   -0.01886176
   -0.02124588
   -0.01905134
   -0.02198019
   -0.01840349
   -0.02072169
   -0.01974535
   -0.02183965
   -0.01652467
   -0.01895643
   -0.01951624
    0.01454607
    0.06603853
   -0.03499680
   -0.03260827
    0.06130780
   -0.15652005
    0.01188157
    0.05868242
   -0.03757515
   -0.03889823
   -0.28428442
    0.06422579
    0.01682629
    0.06638831
   -0.03376447
   -0.03234947
    0.06158031
    0.01164420
    0.00646666
   -0.02285889
   -0.02734915
   -0.02898680
   -0.02710142
   -0.02189311
    0.05911503
   -0.03732578
   -0.03919082
    0.06397402
   -0.28527333
   -0.15578131
    0.00649746
   -0.02306392
   -0.02759603
   -0.02902900
   -0.02698296
   -0.02171239
    0.03228745
    0.02898497
    0.16298642
    0.01982033
    0.02350628
    0.03435147
    0.02976362
    0.02429272
    0.02992926
    0.02946910
    0.02981571
    0.02371748
    0.01971750
    0.02262357
    0.16278489
    0.02387507
    0.02948832
    0.02947624
    0.03018198
    0.02405559
    0.01524063
    0.06618874
   -0.03468517
   -0.03264115
    0.06097527
   -0.15602990
    0.01217719
    0.05845398
   -0.03760123
   -0.03920406
   -0.28448361
    0.06416390
    0.01602482
    0.06629174
   -0.03426885
   -0.03251790
    0.06112096
    0.01209660
    0.00657646
   -0.02277900
   -0.02740456
   -0.02903933
   -0.02713176
   -0.02178707
    0.05842659
   -0.03766972
   -0.03950346
    0.06403658
   -0.28471823
   -0.15589715
    0.00658756
   -0.02282562
   -0.02747816
   -0.02903877
   -0.02706224
   -0.02171397
    0.03327388
    0.02906790
    0.16274687
    0.01952907
    0.02304091
    0.03382021
    0.02933851
    0.02426735
    0.02975184
    0.02927736
    0.02972985
    0.02368298
    0.01932302
    0.02255555
    0.16271964
    0.02413390
    0.02958316
    0.02926936
    0.02989027
    0.02382328
    0.01599605
    0.06627834
   -0.03427947
   -0.03247651
    0.06121907
   -0.15587229
    0.01217184
    0.05860239
   -0.03751191
   -0.03914719
   -0.28447283
    0.06419564
    0.01603204
    0.06634123
   -0.03419130
   -0.03240128
    0.06124059
    0.01219752
    0.00656335
   -0.02278829
   -0.02739336
   -0.02898733
   -0.02706883
   -0.02173701
    0.05856709
   -0.03756628
   -0.03923096
    0.06413490
   -0.28445567
   -0.15588697
    0.00656227
   -0.02279991
   -0.02741436
   -0.02899145
   -0.02705420
   -0.02172748
    0.03370265
    0.02932243
    0.16280077
    0.01960084
    0.02304893
    0.03384014
    0.02941719
    0.02427935
    0.02976857
    0.02934123
    0.02985540
    0.02378991
    0.01951905
    0.02292282
    0.16280046
    0.02424039
    0.02971594
    0.02933509
    0.02989820
    0.02381910
    0.01619407
    0.06635461
   -0.03411364
   -0.03236236
    0.06133160
   -0.15584189
    0.01220784
    0.05867958
   -0.03748334
   -0.03910164
   -0.28439245
    0.06420141
    0.01619783
    0.06635394
   -0.03411323
   -0.03236128
    0.06133453
    0.01221155
    0.00654815
   -0.02279288
   -0.02738244
   -0.02895961
   -0.02704109
   -0.02173215
    0.05867796
   -0.03748248
   -0.03910309
    0.06420345
   -0.28439340
   -0.15584355
    0.00654788
   -0.02279116
   -0.02738163
   -0.02895729
   -0.02703985
   -0.02173113
    0.03388695
    0.02946877
    0.16284862
    0.01965177
    0.02308878
    0.03389068
    0.02947098
    0.02429262
    0.02979407
    0.02939195
    0.02992696
    0.02383835
    0.01965053
    0.02308981
    0.16284885
    0.02429493
    0.02979393
    0.02939291
    0.02992769
    0.02383684
    0.01603850
    0.06634918
   -0.03418358
   -0.03239675
    0.06124594
   -0.15588618
    0.01219863
    0.05857455
   -0.03756532
   -0.03922336
   -0.28445083
    0.06413620
    0.01601878
    0.06628123
   -0.03426602
   -0.03247293
    0.06122646
    0.01217169
    0.00656173
   -0.02279882
   -0.02741116
   -0.02898939
   -0.02705329
   -0.02172956
    0.05860757
   -0.03750865
   -0.03914407
    0.06419593
   -0.28447100
   -0.15586959
    0.00656237
   -0.02278725
   -0.02739309
   -0.02898506
   -0.02706663
   -0.02173613
    0.03384319
    0.02942059
    0.16280356
    0.01952608
    0.02292958
    0.03371485
    0.02932983
    0.02424777
    0.02972144
    0.02933837
    0.02989837
    0.02381783
    0.01960667
    0.02305234
    0.16280498
    0.02428011
    0.02977044
    0.02934430
    0.02985948
    0.02378864
    0.01600646
    0.06629334
   -0.03427434
   -0.03251644
    0.06111708
   -0.15589718
    0.01210112
    0.05842112
   -0.03767273
   -0.03949939
   -0.28470485
    0.06403743
    0.01528319
    0.06618077
   -0.03467243
   -0.03264442
    0.06097793
    0.01217117
    0.00658645
   -0.02282228
   -0.02747380
   -0.02903895
   -0.02706708
   -0.02171443
    0.05845169
   -0.03759599
   -0.03920396
    0.06416574
   -0.28449699
   -0.15601555
    0.00657556
   -0.02278073
   -0.02740698
   -0.02903760
   -0.02712869
   -0.02177850
    0.03380605
    0.02933256
    0.16271604
    0.01932104
    0.02256818
    0.03329384
    0.02906835
    0.02414787
    0.02959668
    0.02926802
    0.02987914
    0.02381168
    0.01952595
    0.02303826
    0.16273829
    0.02426319
    0.02974656
    0.02927585
    0.02973691
    0.02368708
    0.01672713
    0.06637235
   -0.03382119
   -0.03236196
    0.06152026
   -0.15581232
    0.01160916
    0.05903210
   -0.03730710
   -0.03919648
   -0.28519287
    0.06391843
    0.01462265
    0.06596425
   -0.03506672
   -0.03264724
    0.06121258
    0.01185809
    0.00645022
   -0.02295584
   -0.02755882
   -0.02901339
   -0.02703553
   -0.02173418
    0.05863746
   -0.03754448
   -0.03891489
    0.06424355
   -0.28430370
   -0.15643736
    0.00644005
   -0.02280330
   -0.02734194
   -0.02894781
   -0.02711125
   -0.02184981
    0.03430534
    0.02968069
    0.16273742
    0.01975083
    0.02287410
    0.03244285
    0.02894571
    0.02408626
    0.02964418
    0.02946325
    0.03011063
    0.02387481
    0.01981576
    0.02349714
    0.16291078
    0.02434881
    0.02994564
    0.02947089
    0.02984557
    0.02358363
