    0.25494360
   -0.02841751
    0.05709673
   -0.04256665
   -0.03747809
    0.05755133
   -0.21600162
    0.00989445
    0.00375540
   -0.03833977
    0.03037697
   -0.24031664
    0.03551195
   -0.05834473
    0.05707931
   -0.03675558
   -0.03854008
   -0.21261922
    0.06273236
    0.01351487
    0.06268968
   -0.03860944
   -0.03680817
    0.05705381
   -0.21255875
    0.00983953
    0.00374067
   -0.03833327
    0.03032504
   -0.24041289
    0.03541088
   -0.05822399
    0.05754794
   -0.03750268
   -0.04256548
    0.05709516
   -0.21609453
    0.01765231
    0.02358297
    0.01681342
    0.01768115
    0.01670189
    0.02409054
    0.16570843
    0.03857243
    0.01129593
    0.01792853
    0.02237018
    0.02223461
    0.01782139
    0.01765496
    0.01665209
    0.02409423
    0.16553310
    0.03848486
    0.01130358
    0.01680985
    0.02358482
    0.25113430
   -0.02778446
    0.05720163
   -0.04239687
   -0.03739180
    0.05781384
   -0.21613951
    0.01008533
    0.00374232
   -0.03826917
    0.03032987
   -0.24035531
    0.03548274
   -0.05819911
    0.05732228
   -0.03652031
   -0.03832237
   -0.21268787
    0.06299758
    0.01387830
    0.06269050
   -0.03851939
   -0.03667323
    0.05731982
   -0.21299757
    0.00990983
    0.00371288
   -0.03834999
    0.03039803
   -0.24037187
    0.03548901
   -0.05846464
    0.05780901
   -0.03742661
   -0.04239811
    0.05717878
   -0.21605100
    0.01793515
    0.02374494
    0.01692843
    0.01772830
    0.01672766
    0.02417568
    0.16564162
    0.03868215
    0.01140978
    0.01804221
    0.02262166
    0.02208359
    0.01787398
    0.01768907
    0.01664473
    0.02417996
    0.16576690
    0.03857185
    0.01137459
    0.01687665
    0.02373141
   -0.02330090
   -0.02613838
   -0.02722732
   -0.02467822
   -0.03045934
   -0.02248012
   -0.02599927
   -0.02298367
   -0.03056708
   -0.02226860
   -0.02691902
   -0.02438246
    0.28678611
    0.00812506
    0.06231625
   -0.04101411
   -0.03769066
    0.05460616
   -0.21164431
    0.01157615
    0.00502003
   -0.03697847
    0.03087857
   -0.24098372
    0.03539131
   -0.05851529
    0.05450793
   -0.03735040
   -0.04089695
   -0.21113450
    0.06185749
    0.00784372
    0.06200123
   -0.04109858
   -0.03758695
    0.05471804
   -0.21165237
    0.01132531
    0.00415746
   -0.03716709
    0.03064779
   -0.24071047
    0.03528845
   -0.05827664
    0.05465894
   -0.03704398
   -0.04070276
    0.06209531
   -0.21106164
    0.02057149
    0.01627853
    0.01976421
    0.02397972
    0.01841688
    0.16541097
    0.03757300
    0.01121542
    0.01644306
    0.02056628
    0.02066119
    0.01694257
    0.01864004
    0.02543406
    0.01633920
    0.16520525
    0.03768264
    0.01087803
    0.01682725
    0.02044652
