           2           3   1.3925455709150369     
           3           4   1.2040553470949049     
           4           5   1.6338807737626766     
           5           6   1.2162103645193827     
           1           7  0.56188637879771164     
           3           7   1.2650934879119127     
           6           7   1.3107612180846377     
           6           8   1.3014378205748127     
           8           9   1.1897990656313724     
           9          10   2.6547914884538812     
          10          11   1.1567844129395630     
          11          12   1.3709685200191446     
          12          13   1.4647733100108868     
          13          14   1.4672522270481361     
          14          15   1.4670633450288670     
          11          16   1.3703767868587002     
          15          16   1.4651989573057993     
           8          17   1.3094993915412241     
          17          18   1.2224194211059665     
          18          19   1.6219679625347967     
           1          20  0.55802846944539997     
          17          20   1.2945034495409524     
          19          21   1.2249853428645550     
          20          21   1.2890536186813113     
          21          22   1.3047107802021338     
          22          23   1.3043380889918590     
          23          24   1.2249870181130085     
          24          25   1.6219891853586532     
          25          26   1.2224162417080098     
           1          27  0.55792246191454065     
          23          27   1.2891704345279933     
          26          27   1.2944314004018476     
          26          28   1.3095857855689546     
          28          29   1.1897760694230739     
          29          30   2.6548121538364788     
          30          31   1.1567685804664485     
          31          32   1.3710025402076367     
          32          33   1.4647557039077888     
          33          34   1.4672713025167687     
          34          35   1.4670684427248908     
          31          36   1.3703671028264635     
          35          36   1.4651939447294184     
          28          37   1.3014010972636090     
          37          38   1.2162517040785159     
          38          39   1.6338439616114393     
           2          40   1.3924943919483677     
          39          40   1.2040704589570017     
           1          41  0.56189605883890392     
          37          41   1.3107360562268766     
          40          41   1.2651277479482528     
           2          42  0.99802914034020385     
           4          43  0.99352440835351274     
           5          44   1.0004550485993646     
          12          45  0.98821159241515266     
          13          46  0.98234625572217604     
          15          47  0.98253027334783627     
          16          48  0.98868711246763541     
          18          49  0.99959823664853720     
          19          50  0.99872734085379578     
          24          51  0.99878113235287358     
          25          52  0.99957192575898846     
          32          53  0.98819731726867588     
          33          54  0.98234384414603737     
          35          55  0.98252469607389281     
          36          56  0.98869615789200249     
          38          57   1.0004588351138983     
          39          58  0.99352274534629170     
          60          61   1.3919535185003653     
          61          62   1.2037435654738409     
          62          63   1.6342060890723884     
          63          64   1.2160828364512979     
          59          65  0.56152453056382179     
          61          65   1.2662050708875441     
          64          65   1.3094037931175633     
          64          66   1.3028520718180701     
          66          67   1.1893257301235383     
          67          68   2.6556564511159388     
          68          69   1.1564522713685015     
          69          70   1.3712258985403831     
          70          71   1.4646431057911919     
          71          72   1.4673747348472255     
          72          73   1.4673607126043879     
          69          74   1.3707997270794556     
          73          74   1.4649396781401114     
          66          75   1.3097183333961859     
          75          76   1.2230355346747885     
          76          77   1.6211488433863341     
          59          78  0.55831729738784497     
          75          78   1.2930382868286281     
          77          79   1.2255046951173849     
          78          79   1.2907239016053584     
          79          80   1.3019983997998787     
          80          81   1.3032082311287008     
          81          82   1.2254956353377719     
          82          83   1.6211540705205563     
          83          84   1.2229022466844901     
          59          85  0.55755784453296964     
          81          85   1.2903485902237688     
          84          85   1.2935254667223570     
          84          86   1.3095621892716376     
          86          87   1.1894239740044075     
          87          88   2.6555436170512219     
          88          89   1.1565124126762123     
          89          90   1.3712606892292512     
          90          91   1.4646208719252882     
          91          92   1.4674134778086314     
          92          93   1.4672234406974725     
          89          94   1.3706603177503343     
          93          94   1.4650525775213181     
          86          95   1.3027635335072136     
          95          96   1.2160837703994771     
          96          97   1.6341912350726695     
          60          98   1.3921082916295824     
          97          98   1.2037946228632999     
          59          99  0.56241359877060759     
          95          99   1.3093316344007349     
          98          99   1.2659708917619574     
          60         100  0.99799008720972104     
          62         101  0.99354234562181776     
          63         102   1.0004244877427999     
          70         103  0.98820926944655363     
          71         104  0.98229535886109332     
          73         105  0.98251807551304715     
          74         106  0.98863682360633343     
          76         107  0.99961489315600061     
          77         108  0.99884164653384822     
          82         109  0.99871564551607661     
          83         110  0.99964778596047099     
          90         111  0.98819975840263086     
          91         112  0.98232967071152533     
          93         113  0.98251510869463143     
          94         114  0.98866664891038147     
          96         115   1.0004647716055806     
          97         116  0.99353145803968768     
          22         117   1.2117669579814649     
         117         118   2.4779106012364025     
         118         119   1.3549314938283505     
         117         120  0.16988998330161467     
         119         120   2.3555140966614792     
         120         121   1.3839692402747770     
         119         122  0.16359483282726614     
         121         122   2.3528205311982613     
         122         123   1.3582405219966698     
         121         124  0.16841568981883098     
         123         124   2.4694993688045499     
         125         126   2.4674253191591213     
         126         127   1.3598517054787778     
         125         128  0.16793337793498214     
         127         128   2.3502425213588656     
         128         129   1.3858693044143584     
         127         130  0.16293654740180311     
         129         130   2.3524881209458401     
         130         131   1.3570790926393137     
          80         132   1.2140608634965973     
         129         132  0.16919338122975128     
         131         132   2.4745301595519638     
         124         134   1.2180186667701516     
         134         135   1.2959935232035320     
         135         136   1.2265230769708968     
         136         137   1.6190403206824220     
         137         138   1.2252012135648971     
         133         139  0.55827304758143892     
         135         139   1.2967563392478856     
         138         139   1.2868618533943026     
         138         140   1.3124408902792339     
         140         141   1.1860911113018990     
         141         142   2.6618345425940104     
         142         143   1.1540998903726216     
         143         144   1.3732807946816215     
         144         145   1.4633496044713479     
         145         146   1.4688399758320412     
         146         147   1.4689655178178638     
         143         148   1.3735285315348043     
         147         148   1.4632570644142946     
         140         149   1.3111612139122324     
         149         150   1.2256383105415893     
         150         151   1.6183637416754699     
         133         152  0.55841013130462502     
         149         152   1.2872168995256095     
         151         153   1.2270542979443280     
         152         153   1.2967704011184946     
         125         154   1.2195182928739192     
         153         154   1.2954587937086632     
         154         155   1.2954191810222453     
         155         156   1.2270431459061177     
         156         157   1.6184091034228609     
         157         158   1.2256093209448002     
         133         159  0.55842760609503139     
         155         159   1.2968331677619553     
         158         159   1.2871310423773230     
         158         160   1.3112852930857268     
         160         161   1.1861088910738298     
         161         162   2.6618342205982715     
         162         163   1.1541161806588482     
         163         164   1.3735739726486575     
         164         165   1.4632020875334084     
         165         166   1.4690320729507718     
         166         167   1.4687716279734822     
         163         168   1.3732203682655235     
         167         168   1.4634090336601768     
         160         169   1.3123306802789780     
         169         170   1.2252761020038059     
         170         171   1.6189604134582158     
         134         172   1.2961699840672691     
         171         172   1.2265404357885286     
         133         173  0.55850791075866557     
         169         173   1.2868605733070946     
         172         173   1.2966945856574019     
         136         174  0.99879190702122833     
         137         175  0.99983256457886027     
         144         176  0.98824187533942498     
         145         177  0.98212931477246246     
         147         178  0.98219411262080458     
         148         179  0.98808687136346707     
         150         180   1.0000056348360160     
         151         181  0.99876021647373636     
         156         182  0.99877566482157376     
         157         183   1.0000004563738456     
         164         184  0.98810149040767148     
         165         185  0.98219675308515542     
         167         186  0.98213120525027775     
         168         187  0.98823605210723653     
         170         188  0.99984661801774000     
         171         189  0.99875168455386654     
