   -0.06388891
   -0.01660598
    0.06303723
   -0.03840128
   -0.03494887
    0.06643676
   -0.16744116
    0.02010601
    0.00328520
    0.00223201
   -0.05647621
   -0.03211624
   -0.00424828
   -0.06231395
   -0.03229163
    0.00190017
   -0.05668868
    0.06605417
   -0.03274169
   -0.03338921
   -0.16551347
    0.06872250
    0.02403871
    0.06871068
   -0.03336901
   -0.03275607
    0.06607279
   -0.16551319
    0.02009852
    0.00329067
    0.00201658
   -0.05663203
   -0.03235684
   -0.00425049
   -0.06232431
   -0.03202431
    0.00212178
   -0.05653293
    0.06641256
   -0.03494536
   -0.03840414
    0.06303275
   -0.16747172
    0.02812514
    0.02890717
    0.02025138
    0.01510747
    0.01793253
    0.01554204
    0.03051598
    0.01883161
    0.02466791
    0.02043112
    0.02981927
    0.01680430
    0.01526644
    0.01611445
    0.02280790
    0.02380332
    0.02380313
    0.02277744
    0.01607068
    0.01528260
    0.01673238
    0.03017591
    0.02328124
    0.01880184
    0.02175152
    0.03015875
    0.01516755
    0.01801090
    0.01552607
    0.02026526
    0.02892781
   -0.06407770
   -0.01658754
    0.06305027
   -0.03839957
   -0.03493206
    0.06641713
   -0.16747740
    0.02010560
    0.00327560
    0.00196433
   -0.05661411
   -0.03229441
   -0.00424147
   -0.06230652
   -0.03211834
    0.00216974
   -0.05653539
    0.06605198
   -0.03273366
   -0.03338461
   -0.16552565
    0.06875487
    0.02399056
    0.06875202
   -0.03340420
   -0.03271384
    0.06605868
   -0.16551904
    0.02010960
    0.00328920
    0.00223666
   -0.05647409
   -0.03211879
   -0.00424064
   -0.06231173
   -0.03227877
    0.00189654
   -0.05668405
    0.06641430
   -0.03498008
   -0.03841769
    0.06302930
   -0.16748754
    0.02811742
    0.02891854
    0.02019260
    0.01617559
    0.01665978
    0.01529184
    0.02987051
    0.01996409
    0.02483301
    0.01915544
    0.03044935
    0.01807459
    0.01554171
    0.01505706
    0.02277280
    0.02369360
    0.02370967
    0.02266933
    0.01507469
    0.01553113
    0.01796814
    0.03054008
    0.02185982
    0.01913442
    0.02284874
    0.02978524
    0.01613741
    0.01677266
    0.01528522
    0.02034958
    0.02893619
   -0.02146022
   -0.02070685
   -0.02167063
   -0.02175215
   -0.02076127
   -0.02140665
   -0.05840860
    0.02331790
    0.06853864
   -0.03385609
   -0.03245882
    0.06568990
   -0.16430092
    0.02220259
    0.00339868
    0.00242164
   -0.05626276
   -0.03189099
   -0.00390506
   -0.06216872
   -0.03193853
    0.00239707
   -0.05631845
    0.06556982
   -0.03190572
   -0.03333665
   -0.16398327
    0.06924125
    0.02323025
    0.06919915
   -0.03336510
   -0.03196363
    0.06559485
   -0.16405647
    0.02220283
    0.00340348
    0.00244240
   -0.05626401
   -0.03191948
   -0.00390362
   -0.06216568
   -0.03190816
    0.00237856
   -0.05632103
    0.06567878
   -0.03240990
   -0.03383757
    0.06858770
   -0.16426008
    0.02300346
    0.02164985
    0.01759369
    0.01587729
    0.01563137
    0.03036839
    0.02421441
    0.01981700
    0.02003023
    0.03027445
    0.01740826
    0.01596295
    0.01580263
    0.02234237
    0.02274887
    0.02273892
    0.02236348
    0.01736459
    0.01582207
    0.01592601
    0.03028085
    0.02000688
    0.02421558
    0.01983424
    0.03035955
    0.01586333
    0.01567904
    0.01764436
    0.02161748
    0.02295075
   -0.05993201
    0.02344304
    0.06940110
   -0.03348230
   -0.03203235
    0.06586275
   -0.16438717
    0.02252922
    0.00354969
    0.00235120
   -0.05633949
   -0.03183624
   -0.00394839
   -0.06218846
   -0.03191952
    0.00243333
   -0.05639099
    0.06598226
   -0.03251433
   -0.03391532
   -0.16458377
    0.06871444
    0.02348602
    0.06877244
   -0.03387779
   -0.03248893
    0.06597799
   -0.16454963
    0.02254012
    0.00355014
    0.00244061
   -0.05638629
   -0.03191183
   -0.00394349
   -0.06218842
   -0.03183445
    0.00235677
   -0.05632693
    0.06586292
   -0.03201547
   -0.03348484
    0.06940633
   -0.16435527
    0.02292126
    0.02240048
    0.01621973
    0.01594578
    0.01737038
    0.03011568
    0.02358947
    0.02131046
    0.01908331
    0.03049813
    0.01649092
    0.01711632
    0.01576841
    0.02201159
    0.02295088
    0.02287284
    0.02197957
    0.01647726
    0.01576425
    0.01713714
    0.03050594
    0.01910097
    0.02360437
    0.02128241
    0.03011481
    0.01595437
    0.01736760
    0.01616743
    0.02243715
    0.02293241
