           2           3   1.3885635378090249     
           3           4   1.1977431167029633     
           4           5   1.6468772615460499     
           5           6   1.2041972269598631     
           1           7  0.56514769851514979     
           3           7   1.2832721694208111     
           6           7   1.2812594113894649     
           6           8   1.3654248245882008     
           8           9   1.0574461341309596     
           9          10   1.4103589729895043     
          10          11   1.4731101050742017     
          11          12   1.3881011410968551     
          12          13   1.0827720087315891     
          13          14   1.9407685379543957     
          12          15   1.3836237719733371     
           9          16   1.4160102612475856     
          15          16   1.4678071580923242     
           8          17   1.3590983268490218     
          17          18   1.2167203459926943     
          18          19   1.6248851092785861     
           1          20  0.56100238020563109     
          17          20   1.2738102947104439     
          19          21   1.2279514324195113     
          20          21   1.3086566175858307     
          21          22   1.2966184796618514     
          22          23   1.2973267611441310     
          23          24   1.2269742368846941     
          24          25   1.6267773856607368     
          25          26   1.2156974618593068     
           1          27  0.56095237195937897     
          23          27   1.3095277135535894     
          26          27   1.2723684371349038     
          26          28   1.3622770697953579     
          28          29   1.0526988057198545     
          29          30   1.4173144337259296     
          30          31   1.4672582545774080     
          31          32   1.3838625285541917     
          32          33   1.0823439440427438     
          33          34   1.9413805698886990     
          32          35   1.3891133244040883     
          29          36   1.4132987733422302     
          35          36   1.4717185875481336     
          28          37   1.3660224986892622     
          37          38   1.2040940116003407     
          38          39   1.6468259704504995     
           2          40   1.3883759412942511     
          39          40   1.1977875203697554     
           1          41  0.56635231819712883     
          37          41   1.2809549855565163     
          40          41   1.2832189728532661     
           2          42  0.99760575541925978     
           4          43  0.99335912162372342     
           5          44  0.99919269625545237     
          10          45  0.98879502364355565     
          11          46  0.98780075630214903     
          13          47  0.95435193364353488     
          15          48  0.98227156221002698     
          16          49  0.98850409859023525     
          18          50  0.99820294989195912     
          19          51  0.99713427650645348     
          24          52  0.99695621351083852     
          25          53  0.99848084231221923     
          30          54  0.98828087708831824     
          31          55  0.98212410034542497     
          33          56  0.95424670854810278     
          35          57  0.98792754435166430     
          36          58  0.98895057311222578     
          38          59  0.99932698975560663     
          39          60  0.99335947369473643     
          62          63   1.3887161119839830     
          63          64   1.1977695443828702     
          64          65   1.6467695435094871     
          65          66   1.2041854968722077     
          61          67  0.56546168499523652     
          63          67   1.2830956467775878     
          66          67   1.2813509208992735     
          66          68   1.3652512480840455     
          68          69   1.0549700298536058     
          69          70   1.4119489582285889     
          70          71   1.4725198978041609     
          71          72   1.3885132180887607     
          72          73   1.0829692781123788     
          73          74   1.9405611192878982     
          72          75   1.3834699498663454     
          69          76   1.4164427658093424     
          75          76   1.4677508965397441     
          68          77   1.3610564096669560     
          77          78   1.2157129125855444     
          78          79   1.6262919990510352     
          61          80  0.56084758814224211     
          77          80   1.2727596013176499     
          79          81   1.2264030447448115     
          80          81   1.3098497688291444     
          81          82   1.2976797795008344     
          82          83   1.2979891168581907     
          83          84   1.2262559319353850     
          84          85   1.6261933812236717     
          85          86   1.2156953971671436     
          61          87  0.56055547972388475     
          83          87   1.3095921901523562     
          86          87   1.2731575427173092     
          86          88   1.3608930725509136     
          88          89   1.0562243946651853     
          89          90   1.4161635523840861     
          90          91   1.4676621996621031     
          91          92   1.3837971739672399     
          92          93   1.0821307284286856     
          93          94   1.9417571446227779     
          92          95   1.3887479747297966     
          89          96   1.4113774074869267     
          95          96   1.4723734970284672     
          88          97   1.3647330246774660     
          97          98   1.2044988982005651     
          98          99   1.6465037534032065     
          62         100   1.3882726366671136     
          99         100   1.1979816447473535     
          61         101  0.56608999609217503     
          97         101   1.2812782037591763     
         100         101   1.2832056458338286     
          62         102  0.99761337125739913     
          64         103  0.99334351547931909     
          65         104  0.99920049890841001     
          70         105  0.98905541118701956     
          71         106  0.98794252328283994     
          73         107  0.95432890887596300     
          75         108  0.98215805188537941     
          76         109  0.98839814696667183     
          78         110  0.99837371702512268     
          79         111  0.99848077696342075     
          84         112  0.99841132295216639     
          85         113  0.99802048541991950     
          90         114  0.98846640001319452     
          91         115  0.98223536387747068     
          93         116  0.95423999176524921     
          95         117  0.98770949383979911     
          96         118  0.98869266455129912     
          98         119  0.99920053891499827     
          99         120  0.99332436209848007     
          22         121   1.2161925329370347     
         121         122   2.6131819644195300     
         123         124   2.6029232338907393     
          82         126   1.2149076155370886     
         125         126   2.6132752462057427     
         122         128   1.2168808180087887     
         128         129   1.2929839390313720     
         129         130   1.2277581421706989     
         130         131   1.6247973018826956     
         131         132   1.2175728873088840     
         127         133  0.56190408958517202     
         129         133   1.3128667304165405     
         132         133   1.2669332238326376     
         132         134   1.3671597276302903     
         134         135   1.0548724267410521     
         135         136   1.4119834542061025     
         136         137   1.4723529724833484     
         137         138   1.3887210053669061     
         138         139   1.0822995977911283     
         139         140   1.9410835005170688     
         138         141   1.3841853210544688     
         135         142   1.4180759222782422     
         141         142   1.4671234291516058     
         134         143   1.3625081368997047     
         143         144   1.2192646079905181     
         144         145   1.6218548184549140     
         127         146  0.56161026715928675     
         143         146   1.2690612055120694     
         145         147   1.2302605528739221     
         146         147   1.3128384325149989     
         123         148   1.2253783477401321     
         147         148   1.2896029656198298     
         148         149   1.2896123384168399     
         149         150   1.2303411214370334     
         150         151   1.6217044145286104     
         151         152   1.2193785280131912     
         127         153  0.56134428733291697     
         149         153   1.3127686226022568     
         152         153   1.2691608950064335     
         152         154   1.3623050207169316     
         154         155   1.0551211723970728     
         155         156   1.4168269416219925     
         156         157   1.4677623445234140     
         157         158   1.3836534247856127     
         158         159   1.0821920249066095     
         159         160   1.9411318537331057     
         158         161   1.3893426456810429     
         155         162   1.4130109910435362     
         161         162   1.4717274744468467     
         154         163   1.3673542300326762     
         163         164   1.2173589554423974     
         164         165   1.6252933689374629     
         128         166   1.2931061639600696     
         165         166   1.2276372314362087     
         127         167  0.56279361130139960     
         163         167   1.2668187078826578     
         166         167   1.3127206302975603     
         130         168  0.99764359660799395     
         131         169  0.99946752437545117     
         136         170  0.98889149125675069     
         137         171  0.98795508702885171     
         139         172  0.95451971641572475     
         141         173  0.98228444841653573     
         142         174  0.98870421949043219     
         144         175  0.99931416613826141     
         145         176  0.99772091319647671     
         150         177  0.99753184882069024     
         151         178  0.99926876061991443     
         156         179  0.98838828839643211     
         157         180  0.98201325499211212     
         159         181  0.95435449001805495     
         161         182  0.98823506153487783     
         162         183  0.98923371642803826     
         164         184  0.99941304200074010     
         165         185  0.99737387289200807     
         124         187   1.2256235570466136     
         187         188   1.2891135914009964     
         188         189   1.2310648053049424     
         189         190   1.6206605665208680     
         190         191   1.2201894207677566     
         186         192  0.56180829735453242     
         188         192   1.3122514536903940     
         191         192   1.2691149063666358     
         191         193   1.3606814137167169     
         193         194   1.0592553930593382     
         194         195   1.4109167328837058     
         195         196   1.4724573740658642     
         196         197   1.3889516906493631     
         197         198   1.0820591739048411     
         198         199   1.9413455691817045     
         197         200   1.3834412571650851     
         194         201   1.4153161988837568     
         200         201   1.4683390752825725     
         193         202   1.3650919424917709     
         202         203   1.2178252182299805     
         203         204   1.6238969904060403     
         186         205  0.56188310415407561     
         202         205   1.2677338173404651     
         204         206   1.2275218016783922     
         205         206   1.3119262789835662     
         125         207   1.2159787365261614     
         206         207   1.2937257399626156     
         207         208   1.2925453492215413     
         208         209   1.2281342256321020     
         209         210   1.6231525731768404     
         210         211   1.2183342540431619     
         186         212  0.56091351323097272     
         208         212   1.3124213154991460     
         211         212   1.2676618981669581     
         211         213   1.3647557073999657     
         213         214   1.0597242358316772     
         214         215   1.4154579944767585     
         215         216   1.4682677774668651     
         216         217   1.3833474999118918     
         217         218   1.0828637703673025     
         218         219   1.9404098574794131     
         217         220   1.3882437887806798     
         214         221   1.4102374184833595     
         220         221   1.4731692507551084     
         213         222   1.3606354013542925     
         222         223   1.2200350503746475     
         223         224   1.6209019637792630     
         187         225   1.2891959592433853     
         224         225   1.2309007449753979     
         186         226  0.56156621203786783     
         222         226   1.2692282637929657     
         225         226   1.3122904108880573     
         189         227  0.99751931834102348     
         190         228  0.99908099684852858     
         195         229  0.98907129851966258     
         196         230  0.98807735541437791     
         198         231  0.95433584230836932     
         200         232  0.98206863224573460     
         201         233  0.98854139912810024     
         203         234  0.99900116907131820     
         204         235  0.99868318691744784     
         209         236  0.99854980815928096     
         210         237  0.99907337927695206     
         215         238  0.98853703673355986     
         216         239  0.98217042971900426     
         218         240  0.95450981562815296     
         220         241  0.98801611896280606     
         221         242  0.98903990626452198     
         223         243  0.99911732383310281     
         224         244  0.99752441052741847     
