           1           2   1.3491915495490956     
           2           3   1.2599187415565865     
           3           4   1.5650793786993138     
           4           5   1.2747406901839222     
           2           6   1.2216373665051816     
           5           6   1.2483502194747051     
           5           7   1.2759230942208413     
           7           8   1.1927639971681550     
           8           9   2.6486442221168272     
           9          10   1.1595755784489206     
          10          11   1.3680660431716467     
          11          12   1.4671142720138879     
          12          13   1.4648801328358767     
          13          14   1.4646585677752773     
          10          15   1.3683135007497125     
          14          15   1.4668108257262453     
           7          16   1.3141063879824506     
          16          17   1.1655099309589543     
          17          18   1.6890929339579592     
          16          19   1.3834037127154817     
          18          20   1.1673066954681139     
          19          20   1.3880522466305318     
          20          21   1.3089859918606954     
          21          22   1.2689666307431551     
          22          23   1.2900224868799117     
          23          24   1.5487469588685279     
          24          25   1.2846648288588689     
          22          26   1.2378395122972430     
          25          26   1.2436713407677311     
          25          27   1.2719915415156526     
          27          28   1.1989897108567500     
          28          29   2.6403753431910011     
          29          30   1.1627380296809335     
          30          31   1.3654785539972687     
          31          32   1.4683456493877241     
          32          33   1.4631633704420717     
          33          34   1.4630525704622228     
          30          35   1.3653840977420788     
          34          35   1.4687616009840518     
          27          36   1.3018621158193286     
          36          37   1.1563952083837756     
          37          38   1.7038695044465906     
           1          39   1.4088672905339985     
          38          39   1.1467706531693687     
          36          40   1.4124144453012699     
          39          40   1.3448522248957901     
           1          41  0.99731668036329468     
           3          42  0.99429756199058217     
           4          43   1.0011035740955843     
           6          44  0.96307793044552936     
          11          45  0.98939564728370910     
          12          46  0.98359399627329425     
          14          47  0.98296975449308865     
          15          48  0.98882202187516577     
          17          49   1.0010149063532607     
          18          50  0.99917105991030375     
          23          51  0.99876940221431576     
          24          52   1.0003056749150487     
          26          53  0.96315984700175916     
          31          54  0.98894409435787367     
          32          55  0.98328029781967818     
          34          56  0.98376778336635129     
          35          57  0.98964753213213952     
          37          58   1.0022321734137620     
          38          59  0.99477253555795397     
          60          61   1.3491789173884818     
          61          62   1.2599326802497182     
          62          63   1.5650681748477384     
          63          64   1.2747444568545470     
          61          65   1.2216288755027658     
          64          65   1.2483639417149441     
          64          66   1.2759073690046387     
          66          67   1.1927711869577953     
          67          68   2.6486387876967585     
          68          69   1.1595755829235084     
          69          70   1.3680864329141369     
          70          71   1.4670971831217170     
          71          72   1.4648937329352294     
          72          73   1.4646481099010376     
          69          74   1.3682998061371008     
          73          74   1.4668243375986174     
          66          75   1.3141171371811216     
          75          76   1.1655015735498506     
          76          77   1.6890995480036652     
          75          78   1.3834072175276408     
          77          79   1.1673013274404498     
          78          79   1.3880526594110441     
          79          80   1.3089789335203841     
          80          81   1.2689583970050853     
          81          82   1.2900343630647750     
          82          83   1.5487285797831862     
          83          84   1.2846823614130753     
          81          85   1.2378521832222928     
          84          85   1.2436502561540845     
          84          86   1.2719958354095080     
          86          87   1.1989894235022944     
          87          88   2.6403704183840326     
          88          89   1.1627384561360545     
          89          90   1.3654831619197834     
          90          91   1.4683584479076730     
          91          92   1.4631324388989075     
          92          93   1.4630867054659007     
          89          94   1.3653803960052167     
          93          94   1.4687420583588429     
          86          95   1.3018545179146617     
          95          96   1.1563740983491479     
          96          97   1.7038861381209600     
          60          98   1.4088956396100647     
          97          98   1.1467677272110486     
          95          99   1.4124414103105751     
          98          99   1.3448226336811238     
          60         100  0.99731466598076957     
          62         101  0.99429697284592700     
          63         102   1.0011052083754288     
          65         103  0.96307752257217971     
          70         104  0.98939524958051328     
          71         105  0.98359647515185300     
          73         106  0.98296745047319378     
          74         107  0.98881718783016281     
          76         108   1.0010138804526103     
          77         109  0.99917614014536460     
          82         110  0.99876468655639883     
          83         111   1.0003040185631857     
          85         112  0.96316036584160769     
          90         113  0.98894205421433290     
          91         114  0.98328536066542394     
          93         115  0.98376365023108969     
          94         116  0.98965020541143367     
          96         117   1.0022330482525643     
          97         118  0.99476977584618753     
          21         119   1.2130087092203563     
          80         120   1.2130156413876720     
         119         120   2.6138398038456274     
