           1           2   1.3712902060478196     
           2           3   1.2418308630605566     
           3           4   1.5954042058845697     
           4           5   1.2542631576195604     
           2           6   1.2299347514711820     
           5           6   1.2277829448768505     
           5           7   1.3415551843830857     
           7           8   1.0568162512707759     
           8           9   1.4131482413453509     
           9          10   1.4614065894008283     
          10          11   1.3839295218937995     
          11          12   1.1424438992346806     
          12          13  0.97124527409908701     
          11          14   1.3706044031313431     
           8          15   1.4045475805475518     
          14          15   1.4760933356689816     
           7          16   1.3637710423686700     
          16          17   1.1650856108334369     
          17          18   1.6877758084373971     
          16          19   1.3580622320253899     
          18          20   1.1704080112161734     
          19          20   1.4135738680337750     
          20          21   1.2892338095640128     
          21          22   1.2882523194764253     
          22          23   1.2714657068415136     
          23          24   1.5798947049738581     
          24          25   1.2624302718190741     
          22          26   1.2499970852302911     
          25          26   1.2242774827280523     
          25          27   1.3406219095242431     
          27          28   1.0548989610474180     
          28          29   1.4143574264349053     
          29          30   1.4602631369550345     
          30          31   1.3844392325814008     
          31          32   1.1418559538231761     
          32          33  0.97122014373963472     
          31          34   1.3708405841942379     
          28          35   1.4051122569043306     
          34          35   1.4759489655759390     
          27          36   1.3586727776791989     
          36          37   1.1550923288380524     
          37          38   1.7048001575867529     
           1          39   1.3834077203006696     
          38          39   1.1484003930485673     
          36          40   1.3794871193086131     
          39          40   1.3755532686353433     
           1          41  0.99655416105506334     
           3          42  0.99342594956968999     
           4          43  0.99961248820344051     
           6          44  0.96206019111401964     
           9          45  0.98958466375716359     
          10          46  0.99122771799906439     
          12          47  0.97215489369022856     
          13          48  0.99626114805103549     
          13          49  0.99848400932536896     
          13          50   1.0056405541652405     
          14          51  0.98943821656881059     
          15          52  0.98964796088450258     
          17          53  0.99898963729396517     
          18          54  0.99922699966366135     
          23          55  0.99853624216615722     
          24          56  0.99896227432712825     
          26          57  0.96149425707333114     
          29          58  0.98989326104246811     
          30          59  0.99156066546297228     
          32          60  0.97194301985213338     
          33          61   1.0059985945070620     
          33          62  0.99603546453663527     
          33          63  0.99848240062762073     
          34          64  0.98923662627982201     
          35          65  0.98953970077539377     
          37          66   1.0002334116296727     
          38          67  0.99388284156984985     
          68          69   1.3713089006245756     
          69          70   1.2419090382440963     
          70          71   1.5954848004788924     
          71          72   1.2541766081079526     
          69          73   1.2299359347843815     
          72          73   1.2281549351584335     
          72          74   1.3413300447988152     
          74          75   1.0570388963345918     
          75          76   1.4128306067915817     
          76          77   1.4617145261561968     
          77          78   1.3835408101764399     
          78          79   1.1428687531572208     
          79          80  0.97095231149728167     
          78          81   1.3704620467986792     
          75          82   1.4044597832395938     
          81          82   1.4761235322766619     
          74          83   1.3639733107556384     
          83          84   1.1651793431463051     
          84          85   1.6879364113883240     
          83          86   1.3579081872032330     
          85          87   1.1705966320958789     
          86          87   1.4137251211137218     
          87          88   1.2887680067229244     
          88          89   1.2886129883991291     
          89          90   1.2711175498499605     
          90          91   1.5803672210340314     
          91          92   1.2620607525565863     
          89          93   1.2499901318359228     
          92          93   1.2240568309407940     
          92          94   1.3414001961246294     
          94          95   1.0545923766382941     
          95          96   1.4139105965304131     
          96          97   1.4605783311976650     
          97          98   1.3842137342214025     
          98          99   1.1419322965982854     
          99         100  0.97116697839039356     
          98         101   1.3710548803967693     
          95         102   1.4057193154827861     
         101         102   1.4755153678751967     
          94         103   1.3580302436869263     
         103         104   1.1549499069695206     
         104         105   1.7047589941005787     
          68         106   1.3837204542755284     
         105         106   1.1485727393822522     
         103         107   1.3802940182824244     
         106         107   1.3750506152420605     
          68         108  0.99656296698702851     
          70         109  0.99342171935267198     
          71         110  0.99960464793823567     
          73         111  0.96200966078161110     
          76         112  0.98960859220357278     
          77         113  0.99119818576787266     
          79         114  0.97206367745177547     
          80         115  0.99627780611123939     
          80         116  0.99846887953108698     
          80         117   1.0056242795954027     
          81         118  0.98943428040458037     
          82         119  0.98962960823862811     
          84         120  0.99892060325786558     
          85         121  0.99857454549939528     
          90         122  0.99883972574229407     
          91         123  0.99889294404683682     
          93         124  0.96143093163155213     
          96         125  0.98987677672834584     
          97         126  0.99151910526124010     
          99         127  0.97192272398849044     
         100         128   1.0059972706367428     
         100         129  0.99602966635498902     
         100         130  0.99848010307160562     
         101         131  0.98929434374379510     
         102         132  0.98953779821304677     
         104         133   1.0002738690761717     
         105         134  0.99386311727656196     
          21         135   1.2139923376482813     
         135         136   2.6107141097329336     
         137         138   2.5984283567094382     
         139         140   2.5978288168553925     
         141         142   2.5986191101046110     
         143         144   2.5985772435339931     
          88         146   1.2143024995640144     
         145         146   2.6107451582671239     
         136         147   1.2167514703764011     
         147         148   1.2832811133784428     
         148         149   1.2744305442738921     
         149         150   1.5749498841845937     
         150         151   1.2666971379784087     
         148         152   1.2525326309392646     
         151         152   1.2220409089003290     
         151         153   1.3381268913120552     
         153         154   1.0482222787880049     
         154         155   1.4076300576808085     
         155         156   1.4748807350229023     
         156         157   1.3722965587707658     
         157         158   1.1401013983593034     
         158         159  0.97182509460083033     
         157         160   1.3861700885908166     
         154         161   1.4195452426173287     
         160         161   1.4573710315591086     
         153         162   1.3746117081908624     
         162         163   1.1651469195910895     
         163         164   1.6881222814577428     
         162         165   1.3515276846830235     
         164         166   1.1726511625353808     
         165         166   1.4191850116363935     
         137         167   1.2266528525322780     
         166         167   1.2826565244078902     
         167         168   1.2782547084444271     
         168         169   1.2789724902825836     
         169         170   1.5706111072900426     
         170         171   1.2700361255170776     
         168         172   1.2524032563766312     
         171         172   1.2254336144674427     
         171         173   1.3297804483890201     
         173         174   1.0609716289927413     
         174         175   1.4127125439326351     
         175         176   1.4619181138894539     
         176         177   1.3834470655569500     
         177         178   1.1430781727194566     
         178         179  0.97122371570009125     
         177         180   1.3700077812357523     
         174         181   1.4017559799997090     
         180         181   1.4776705069810165     
         173         182   1.3729111439921602     
         182         183   1.1647256353872057     
         183         184   1.6869606587740100     
         147         185   1.2842730124708484     
         184         185   1.1717553152658471     
         182         186   1.3526572757606348     
         185         186   1.4175186720683304     
         149         187  0.99862152637805957     
         150         188   1.0001021353500432     
         152         189  0.96275486925842002     
         155         190  0.98941484861137774     
         156         191  0.98946071226932675     
         158         192  0.97279833244532798     
         159         193  0.99568044379325460     
         159         194  0.99863814839748144     
         159         195   1.0060948084887105     
         160         196  0.99118116600249961     
         161         197  0.98979329504118718     
         163         198   1.0002427017088944     
         164         199  0.99807976136753518     
         169         200  0.99819874366109596     
         170         201  0.99928859884302812     
         172         202  0.96319200364024293     
         175         203  0.99010929503960676     
         176         204  0.99110215792700840     
         178         205  0.97240453432436047     
         179         206   1.0061301638599718     
         179         207  0.99865087930271690     
         179         208  0.99556639348953668     
         180         209  0.98923558157604430     
         181         210  0.98931689684601265     
         183         211  0.99964769251453389     
         184         212  0.99923872111279599     
         138         213   1.2267186669580474     
         213         214   1.2801486253471781     
         214         215   1.2762723187391130     
         215         216   1.5748870516389837     
         216         217   1.2669038263213361     
         214         218   1.2528509712900788     
         217         218   1.2228886963887884     
         217         219   1.3371070297945775     
         219         220   1.0471516365593869     
         220         221   1.4081045649540573     
         221         222   1.4745098694738321     
         222         223   1.3723911383723948     
         223         224   1.1401180103919033     
         224         225  0.97170789494803622     
         223         226   1.3861992502737379     
         220         227   1.4199654970762634     
         226         227   1.4572619665041548     
         219         228   1.3766515921904710     
         228         229   1.1648341807691598     
         229         230   1.6886708804457273     
         228         231   1.3506171218535421     
         230         232   1.1724880298354676     
         231         232   1.4196881369946552     
         139         233   1.2274457728707731     
         232         233   1.2822854201854395     
         233         234   1.2773426119405771     
         234         235   1.2792809965354319     
         235         236   1.5705503205599949     
         236         237   1.2700557984892786     
         234         238   1.2529236936128239     
         237         238   1.2245392852613535     
         237         239   1.3308613943597813     
         239         240   1.0619155659947697     
         240         241   1.4121247916465856     
         241         242   1.4623949389220281     
         242         243   1.3831071883969797     
         243         244   1.1432119449087341     
         244         245  0.97108656691621653     
         243         246   1.3698965065146469     
         240         247   1.4014837470855583     
         246         247   1.4777730532796818     
         239         248   1.3710356977686202     
         248         249   1.1666259586252867     
         249         250   1.6840227910299961     
         213         251   1.2795830165491675     
         250         251   1.1743631843518203     
         248         252   1.3524692468338506     
         251         252   1.4194000311418198     
         215         253  0.99732342268470764     
         216         254   1.0001092241312040     
         218         255  0.96288599223148308     
         221         256  0.98934291577414657     
         222         257  0.98950080083265257     
         224         258  0.97282429632076461     
         225         259  0.99557101104379753     
         225         260  0.99869243667518770     
         225         261   1.0061483454989748     
         226         262  0.99118290992187186     
         227         263  0.98970185056552862     
         229         264   1.0003818984060624     
         230         265  0.99796945983142726     
         235         266  0.99812937050370198     
         236         267  0.99932247017273945     
         238         268  0.96313022445085072     
         241         269  0.99020751661897877     
         242         270  0.99108198483395393     
         244         271  0.97229301586744721     
         245         272   1.0061261749385859     
         245         273  0.99864981554557397     
         245         274  0.99549326833705987     
         246         275  0.98923678689293471     
         247         276  0.98932079267427619     
         249         277  0.99976893655778720     
         250         278  0.99898034823510717     
         140         279   1.2273433046667748     
         279         280   1.2806315593592976     
         280         281   1.2763323309279877     
         281         282   1.5751444037837556     
         282         283   1.2667527118761484     
         280         284   1.2525092326402800     
         283         284   1.2235668457470583     
         283         285   1.3367801637946135     
         285         286   1.0471997078800255     
         286         287   1.4082533116119635     
         287         288   1.4744022872227187     
         288         289   1.3724788286266987     
         289         290   1.1401948158045010     
         290         291  0.97168068195174295     
         289         292   1.3860561151007886     
         286         293   1.4197142898349888     
         292         293   1.4574395921639505     
         285         294   1.3769812421746135     
         294         295   1.1647629492292275     
         295         296   1.6888880655392453     
         294         297   1.3503618927387635     
         296         298   1.1722828189417200     
         297         298   1.4199493235160758     
         141         299   1.2266472657012164     
         298         299   1.2821038548326726     
         299         300   1.2782195701653343     
         300         301   1.2787689804149007     
         301         302   1.5711362617595148     
         302         303   1.2696879815921527     
         300         304   1.2528203356143743     
         303         304   1.2242308895342522     
         303         305   1.3319531308173991     
         305         306   1.0620932467833228     
         306         307   1.4114507323970429     
         307         308   1.4629437935740472     
         308         309   1.3828307051587172     
         309         310   1.1431445335035564     
         310         311  0.97102570901193763     
         309         312   1.3702631398556944     
         306         313   1.4019900200357089     
         312         313   1.4772891139360789     
         305         314   1.3696768022748449     
         314         315   1.1667221193169823     
         315         316   1.6837089304986790     
         279         317   1.2794278299741593     
         316         317   1.1748038262447116     
         314         318   1.3534468547478431     
         317         318   1.4188446595837498     
         281         319  0.99713289970004804     
         282         320   1.0000515722672718     
         284         321  0.96282845681244211     
         287         322  0.98937235071977869     
         288         323  0.98952761843397541     
         290         324  0.97282772109512128     
         291         325  0.99552030404003211     
         291         326  0.99868931682283379     
         291         327   1.0061527026041770     
         292         328  0.99114652277542603     
         293         329  0.98967519428229578     
         295         330   1.0003896501199423     
         296         331  0.99806756644338313     
         301         332  0.99824215212762102     
         302         333  0.99932890130648466     
         304         334  0.96309552749302274     
         307         335  0.99017555543193070     
         308         336  0.99101858237153251     
         310         337  0.97245256383938417     
         311         338   1.0061162818887659     
         311         339  0.99864608183723425     
         311         340  0.99540595386513986     
         312         341  0.98929134748792857     
         313         342  0.98935979120044892     
         315         343  0.99974428038281105     
         316         344  0.99892457446509675     
         142         345   1.2265722640608892     
         345         346   1.2804235064472431     
         346         347   1.2766480704636713     
         347         348   1.5747682459081569     
         348         349   1.2671507805381552     
         346         350   1.2522942438175746     
         349         350   1.2238546676929478     
         349         351   1.3354367570731673     
         351         352   1.0490713617982452     
         352         353   1.4073769270546010     
         353         354   1.4746921100906127     
         354         355   1.3724649137536933     
         355         356   1.1403044712407653     
         356         357  0.97155143713140479     
         355         358   1.3858399351267634     
         352         359   1.4188537658904623     
         358         359   1.4580821649048155     
         351         360   1.3769713315804708     
         360         361   1.1645611298328629     
         361         362   1.6889189128365825     
         360         363   1.3506877219772959     
         362         364   1.1721369468717040     
         363         364   1.4197075655685596     
         143         365   1.2265511544431436     
         364         365   1.2828571318440305     
         365         366   1.2770293000869952     
         366         367   1.2789123086474177     
         367         368   1.5708544713144825     
         368         369   1.2697240857623939     
         366         370   1.2533059539544742     
         369         370   1.2236423596915420     
         369         371   1.3323642802457032     
         371         372   1.0609026277274007     
         372         373   1.4127236745911367     
         373         374   1.4620886414214340     
         374         375   1.3833890406700724     
         375         376   1.1429890373925033     
         376         377  0.97105385108319209     
         375         378   1.3700070783612490     
         372         379   1.4019006553173650     
         378         379   1.4775002278644571     
         371         380   1.3702939721757257     
         380         381   1.1664369908164238     
         381         382   1.6844041474776423     
         345         383   1.2805322119325147     
         382         383   1.1743207588739959     
         380         384   1.3535364554568592     
         383         384   1.4187201575027755     
         347         385  0.99723473815182884     
         348         386  0.99995565949700149     
         350         387  0.96299890497854146     
         353         388  0.98940606597937331     
         354         389  0.98947092596941122     
         356         390  0.97309844544795099     
         357         391  0.99541870761414686     
         357         392  0.99868076139472550     
         357         393   1.0061968168037632     
         358         394  0.99116666779010254     
         359         395  0.98976553569366765     
         361         396   1.0003241802431366     
         362         397  0.99813493784500662     
         367         398  0.99821244033745704     
         368         399  0.99938718308527186     
         370         400  0.96309948294005698     
         373         401  0.99013646879144712     
         374         402  0.99107515770297150     
         376         403  0.97238302215790839     
         377         404   1.0061375988745522     
         377         405  0.99865457187618722     
         377         406  0.99543949123689268     
         378         407  0.98927869396789714     
         379         408  0.98930393305176667     
         381         409  0.99978686256779403     
         382         410  0.99906303279824937     
         144         411   1.2266943043846563     
         411         412   1.2818894852870730     
         412         413   1.2761368362499994     
         413         414   1.5749556825544904     
         414         415   1.2669519063325165     
         412         416   1.2516996928856086     
         415         416   1.2248247581458054     
         415         417   1.3347766987628633     
         417         418   1.0488359988293590     
         418         419   1.4073400707439956     
         419         420   1.4748462898485277     
         420         421   1.3721115979984810     
         421         422   1.1410052838446541     
         422         423  0.97144693831024376     
         421         424   1.3853711618161677     
         418         425   1.4187666191530635     
         424         425   1.4581159847885712     
         417         426   1.3774885908972250     
         426         427   1.1628957390598296     
         427         428   1.6912585504446132     
         426         429   1.3513816826363432     
         428         430   1.1698930562924434     
         429         430   1.4173724096432718     
         145         431   1.2169907931344566     
         430         431   1.2871650322399040     
         431         432   1.2804992179578385     
         432         433   1.2769379575374942     
         433         434   1.5717025392904329     
         434         435   1.2692345134530050     
         432         436   1.2527987831640861     
         435         436   1.2230303610076292     
         435         437   1.3337765058862687     
         437         438   1.0617730978815638     
         438         439   1.4117035688548523     
         439         440   1.4628860285106460     
         440         441   1.3829334506003521     
         441         442   1.1432330878850123     
         442         443  0.97101489419051568     
         441         444   1.3702955908444312     
         438         445   1.4020613840576761     
         444         445   1.4770740957504771     
         437         446   1.3682220475408291     
         446         447   1.1671875391088209     
         447         448   1.6830692047932185     
         411         449   1.2791859846879454     
         448         449   1.1750244428175749     
         446         450   1.3539154674882103     
         449         450   1.4187460497343900     
         413         451  0.99723608919307782     
         414         452  0.99987224688470200     
         416         453  0.96304751476052031     
         419         454  0.98951398079383879     
         420         455  0.98950188386111237     
         422         456  0.97267473981887231     
         423         457  0.99546150741807715     
         423         458  0.99866537822370149     
         423         459   1.0061199125875084     
         424         460  0.99112990491525077     
         425         461  0.98970765901491498     
         427         462   1.0002302572812625     
         428         463  0.99909751738135177     
         433         464  0.99853984672149687     
         434         465  0.99932890053021417     
         436         466  0.96305555811501953     
         439         467  0.99010679444845839     
         440         468  0.99097075460850137     
         442         469  0.97249446591839228     
         443         470   1.0061061031911069     
         443         471  0.99858864412180426     
         443         472  0.99526045595480028     
         444         473  0.98941546248728340     
         445         474  0.98947858865967264     
         447         475  0.99962588062385271     
         448         476  0.99891811384936824     
