   -0.01992133
    0.06293797
   -0.03281529
   -0.02991945
    0.06555676
   -0.15620484
    0.01645548
    0.00105075
    0.00165377
   -0.05715376
   -0.03152506
   -0.00308477
   -0.06247660
   -0.03157021
    0.00161201
   -0.05718106
    0.06242878
   -0.03493311
   -0.03677181
   -0.28121837
    0.06553181
    0.01834995
    0.06765352
   -0.03150898
   -0.02947640
    0.06475442
   -0.15417179
    0.01624316
    0.00103628
    0.00164032
   -0.05715853
   -0.03155479
   -0.00309209
   -0.06247222
   -0.03155408
    0.00163259
   -0.05716937
    0.06364137
   -0.03533800
   -0.03810868
    0.06006453
   -0.28332643
    0.03194143
    0.04092444
    0.02969290
    0.16271669
    0.01740264
    0.01955053
    0.01849509
    0.03273367
    0.02574098
    0.02232813
    0.02258622
    0.03271237
    0.01749022
    0.01952983
    0.01835877
    0.02081341
    0.02571386
    0.03603556
    0.03026200
    0.16170047
    0.01952283
    0.01855081
    0.01739017
    0.03272664
    0.02222653
    0.02609098
    0.02233272
    0.03271083
    0.01949701
    0.01738799
    0.01850898
    0.02035204
    0.03079585
   -0.02007888
    0.06288987
   -0.03291825
   -0.02998951
    0.06546465
   -0.15626426
    0.01642723
    0.00107815
    0.00161610
   -0.05715982
   -0.03157295
   -0.00311104
   -0.06247632
   -0.03155259
    0.00165777
   -0.05714649
    0.06231699
   -0.03501260
   -0.03686800
   -0.28126376
    0.06548997
    0.01822918
    0.06760191
   -0.03162274
   -0.02957365
    0.06465673
   -0.15418816
    0.01618746
    0.00106265
    0.00163601
   -0.05715259
   -0.03157487
   -0.00311849
   -0.06247131
   -0.03156408
    0.00164339
   -0.05714539
    0.06356223
   -0.03539281
   -0.03818112
    0.06001582
   -0.28342655
    0.03179987
    0.04079876
    0.02958948
    0.16267102
    0.01744823
    0.01947623
    0.01837580
    0.03262399
    0.02570083
    0.02225281
    0.02257911
    0.03272037
    0.01740073
    0.01949843
    0.01845180
    0.02070003
    0.02559421
    0.03591959
    0.03014697
    0.16165219
    0.01945401
    0.01850358
    0.01735968
    0.03268113
    0.02213776
    0.02604443
    0.02234178
    0.03265218
    0.01945855
    0.01737695
    0.01851980
    0.02025522
    0.03067996
   -0.01451317
   -0.01685487
   -0.01249058
   -0.01208088
   -0.01390065
   -0.01050981
   -0.01845096
   -0.01254534
   -0.01439845
   -0.01768561
   -0.01248482
   -0.01322365
   -0.01388030
   -0.01174283
   -0.01828674
   -0.01361720
   -0.01391087
   -0.01799791
   -0.01200426
   -0.01348469
   -0.01343363
   -0.01198618
   -0.01787294
   -0.01382552
   -0.01370271
   -0.01784205
   -0.01178934
   -0.01331822
   -0.01323683
   -0.01183495
   -0.01772317
   -0.01371905
   -0.01367020
   -0.01773228
   -0.01175716
   -0.01321393
   -0.01321405
   -0.01174703
   -0.01771937
   -0.01365474
   -0.01373002
   -0.01773030
   -0.01183589
   -0.01322966
   -0.01331088
   -0.01177277
   -0.01782111
   -0.01368236
   -0.01383851
   -0.01786740
   -0.01199131
   -0.01341459
   -0.01348026
   -0.01197078
   -0.01798571
   -0.01387792
   -0.01367655
   -0.01826400
   -0.01180611
   -0.01385633
   -0.01328167
   -0.01244790
   -0.01773790
   -0.01435359
   -0.01273311
   -0.01852640
   -0.01073289
   -0.01401050
   -0.01229024
   -0.01261248
   -0.01702284
   -0.01461053
    0.01626863
    0.06704812
   -0.03347406
   -0.03030097
    0.06334233
   -0.15363250
    0.01889343
    0.00161106
    0.00192805
   -0.05692218
   -0.03148644
   -0.00314007
   -0.06241885
   -0.03146843
    0.00190933
   -0.05691631
    0.06131677
   -0.03531759
   -0.03771714
   -0.28075201
    0.06528565
    0.01755664
    0.06712199
   -0.03299913
   -0.03029810
    0.06350600
   -0.15330419
    0.01866018
    0.00160123
    0.00191087
   -0.05691449
   -0.03145843
   -0.00313893
   -0.06241594
   -0.03149797
    0.00190529
   -0.05691986
    0.06141920
   -0.03528568
   -0.03799603
    0.06514169
   -0.28128606
    0.03420162
    0.02872892
    0.16183856
    0.01787495
    0.01812306
    0.01929708
    0.03245828
    0.02145602
    0.02201320
    0.02637426
    0.03236380
    0.01789177
    0.01929393
    0.01809180
    0.01993465
    0.02475297
    0.03490948
    0.02912029
    0.16179271
    0.01929572
    0.01782861
    0.01817368
    0.03239210
    0.02163534
    0.02606949
    0.02211703
    0.03242092
    0.01823079
    0.01927538
    0.01771729
    0.01959814
    0.02414170
    0.01681828
    0.06704176
   -0.03336641
   -0.03038107
    0.06328890
   -0.15342178
    0.01888867
    0.00164651
    0.00193825
   -0.05689267
   -0.03149213
   -0.00315466
   -0.06240310
   -0.03146466
    0.00193411
   -0.05688238
    0.06123427
   -0.03533327
   -0.03784087
   -0.28092957
    0.06525343
    0.01708417
    0.06710284
   -0.03319977
   -0.03033073
    0.06333035
   -0.15338629
    0.01886351
    0.00164722
    0.00193278
   -0.05688619
   -0.03146428
   -0.00315041
   -0.06240120
   -0.03148809
    0.00193860
   -0.05689082
    0.06122277
   -0.03536800
   -0.03796667
    0.06519893
   -0.28100032
    0.03436813
    0.02871289
    0.16179297
    0.01799876
    0.01798157
    0.01924822
    0.03241081
    0.02139243
    0.02207595
    0.02619531
    0.03230051
    0.01799843
    0.01924335
    0.01798051
    0.01979843
    0.02452059
    0.03465076
    0.02897320
    0.16178408
    0.01924333
    0.01792424
    0.01806812
    0.03232610
    0.02162575
    0.02591647
    0.02210414
    0.03238308
    0.01810732
    0.01924442
    0.01786389
    0.01955334
    0.02426818
    0.01728996
    0.06713829
   -0.03308652
   -0.03023182
    0.06348066
   -0.15331287
    0.01892847
    0.00160362
    0.00191978
   -0.05691028
   -0.03147152
   -0.00311223
   -0.06239770
   -0.03143584
    0.00194540
   -0.05689427
    0.06137436
   -0.03524366
   -0.03775585
   -0.28084990
    0.06531119
    0.01722590
    0.06716591
   -0.03308273
   -0.03021420
    0.06346173
   -0.15333921
    0.01894943
    0.00160788
    0.00194362
   -0.05689238
   -0.03143145
   -0.00310766
   -0.06239659
   -0.03146792
    0.00192654
   -0.05691508
    0.06137681
   -0.03525498
   -0.03776958
    0.06528949
   -0.28081256
    0.03469174
    0.02893209
    0.16186607
    0.01812983
    0.01792358
    0.01934409
    0.03246534
    0.02153239
    0.02208352
    0.02621944
    0.03239538
    0.01799695
    0.01931020
    0.01803642
    0.01991435
    0.02461268
    0.03476095
    0.02910331
    0.16186814
    0.01931508
    0.01806248
    0.01798239
    0.03238503
    0.02161207
    0.02591366
    0.02228909
    0.03247618
    0.01817195
    0.01934065
    0.01787332
    0.01975236
    0.02453575
    0.01740116
    0.06719677
   -0.03299380
   -0.03015035
    0.06355703
   -0.15327640
    0.01898107
    0.00158184
    0.00193347
   -0.05690711
   -0.03145661
   -0.00308954
   -0.06239723
   -0.03142430
    0.00192686
   -0.05692302
    0.06144024
   -0.03520368
   -0.03770787
   -0.28077762
    0.06534021
    0.01736060
    0.06719231
   -0.03301386
   -0.03016510
    0.06353656
   -0.15329294
    0.01898862
    0.00158523
    0.00193548
   -0.05689703
   -0.03142541
   -0.00308558
   -0.06239597
   -0.03144957
    0.00192804
   -0.05693403
    0.06145429
   -0.03518869
   -0.03769571
    0.06534445
   -0.28075703
    0.03481305
    0.02904391
    0.16190985
    0.01808060
    0.01799256
    0.01938538
    0.03250801
    0.02155503
    0.02214838
    0.02624016
    0.03244516
    0.01807985
    0.01936662
    0.01800751
    0.01998500
    0.02468203
    0.03483640
    0.02917980
    0.16191006
    0.01937457
    0.01805721
    0.01802246
    0.03241968
    0.02166722
    0.02594114
    0.02231386
    0.03253196
    0.01814669
    0.01937625
    0.01793402
    0.01985569
    0.02465095
    0.01737748
    0.06720511
   -0.03299662
   -0.03013956
    0.06355780
   -0.15327701
    0.01898934
    0.00158206
    0.00194928
   -0.05690273
   -0.03145125
   -0.00308900
   -0.06239778
   -0.03142846
    0.00191148
   -0.05692784
    0.06143575
   -0.03520969
   -0.03770473
   -0.28076836
    0.06533448
    0.01739277
    0.06718218
   -0.03300657
   -0.03017171
    0.06354142
   -0.15329084
    0.01898033
    0.00158397
    0.00191694
   -0.05690910
   -0.03143193
   -0.00308485
   -0.06239589
   -0.03144154
    0.00194560
   -0.05692223
    0.06146307
   -0.03518031
   -0.03769359
    0.06535558
   -0.28076043
    0.03481404
    0.02905376
    0.16191327
    0.01798992
    0.01807280
    0.01937213
    0.03252314
    0.02152558
    0.02219465
    0.02622592
    0.03243420
    0.01818912
    0.01938509
    0.01791139
    0.01997751
    0.02467964
    0.03483538
    0.02917419
    0.16190843
    0.01938998
    0.01797177
    0.01812039
    0.03241965
    0.02168573
    0.02593510
    0.02230286
    0.03253252
    0.01803602
    0.01936132
    0.01802925
    0.01986533
    0.02465929
    0.01724855
    0.06718002
   -0.03306048
   -0.03018374
    0.06348829
   -0.15332414
    0.01895274
    0.00160356
    0.00195196
   -0.05690479
   -0.03146174
   -0.00310954
   -0.06239782
   -0.03144083
    0.00191523
   -0.05690487
    0.06136467
   -0.03527376
   -0.03777336
   -0.28082040
    0.06527808
    0.01729678
    0.06712866
   -0.03309037
   -0.03024850
    0.06347230
   -0.15332199
    0.01893161
    0.00160524
    0.00190877
   -0.05690963
   -0.03144514
   -0.00310601
   -0.06239585
   -0.03145325
    0.00195831
   -0.05689511
    0.06140046
   -0.03521819
   -0.03773729
    0.06533232
   -0.28082929
    0.03474137
    0.02898421
    0.16187416
    0.01799077
    0.01804305
    0.01932014
    0.03249839
    0.02145576
    0.02221822
    0.02616958
    0.03237331
    0.01816987
    0.01934659
    0.01789640
    0.01988078
    0.02457126
    0.03472240
    0.02906905
    0.16186711
    0.01934505
    0.01793525
    0.01813421
    0.03238611
    0.02166388
    0.02588901
    0.02226860
    0.03247956
    0.01799528
    0.01931467
    0.01802605
    0.01979986
    0.02459889
    0.01709146
    0.06711403
   -0.03318399
   -0.03029968
    0.06335413
   -0.15337516
    0.01887096
    0.00164534
    0.00194062
   -0.05689582
   -0.03149057
   -0.00315172
   -0.06240211
   -0.03146243
    0.00193090
   -0.05688077
    0.06120856
   -0.03538826
   -0.03796530
   -0.28099834
    0.06519165
    0.01684913
    0.06702744
   -0.03336129
   -0.03039999
    0.06328230
   -0.15343169
    0.01888299
    0.00164792
    0.00192653
   -0.05688833
   -0.03146073
   -0.00314820
   -0.06240047
   -0.03148755
    0.00194776
   -0.05688544
    0.06126038
   -0.03530688
   -0.03782566
    0.06527449
   -0.28091828
    0.03462247
    0.02884948
    0.16179235
    0.01808554
    0.01789643
    0.01924634
    0.03242173
    0.02141411
    0.02219058
    0.02605918
    0.03229527
    0.01809504
    0.01925044
    0.01789530
    0.01968100
    0.02430268
    0.03442105
    0.02885052
    0.16179221
    0.01924632
    0.01800366
    0.01799406
    0.03231188
    0.02158848
    0.02576901
    0.02228172
    0.03239868
    0.01800240
    0.01924545
    0.01796178
    0.01967967
    0.02449872
    0.01748122
    0.06712314
   -0.03303348
   -0.03029601
    0.06347586
   -0.15330745
    0.01868259
    0.00161343
    0.00189692
   -0.05692378
   -0.03151097
   -0.00315057
   -0.06241804
   -0.03145590
    0.00192645
   -0.05690051
    0.06133758
   -0.03534184
   -0.03804363
   -0.28128822
    0.06511669
    0.01626186
    0.06702951
   -0.03352374
   -0.03036355
    0.06327593
   -0.15362193
    0.01890141
    0.00162990
    0.00192134
   -0.05690895
   -0.03146084
   -0.00314220
   -0.06241683
   -0.03148974
    0.00192876
   -0.05691475
    0.06129633
   -0.03531044
   -0.03773867
    0.06528791
   -0.28076985
    0.03483359
    0.02894962
    0.16177967
    0.01824804
    0.01771462
    0.01927245
    0.03242541
    0.02150397
    0.02227178
    0.02599291
    0.03235045
    0.01815773
    0.01926270
    0.01782006
    0.01966869
    0.02412052
    0.03420120
    0.02881024
    0.16181524
    0.01926694
    0.01812713
    0.01785185
    0.03234630
    0.02168118
    0.02570154
    0.02236463
    0.03243340
    0.01792626
    0.01928249
    0.01805587
    0.01977567
    0.02468028
