           2           3   1.3920703104047392     
           3           4   1.1980308127724695     
           4           5   1.6435926090284083     
           5           6   1.2027970611096745     
           1           7  0.71320610207772761     
           3           7   1.2443822360603694     
           6           7   1.2503183432642335     
           6           8   1.3604632823208205     
           8           9   1.0578966404579355     
           9          10   1.4140605387112275     
          10          11   1.4664813692890015     
          11          12   1.4038897816328952     
          12          13   1.0057308515194292     
          13          14   1.5663929628592494     
          13          15   1.5673570123644562     
          14          15  0.38072768621161418     
          12          16   1.4041372552972300     
           9          17   1.4145110990072645     
          16          17   1.4661800220912784     
           8          18   1.3642237211294255     
          18          19   1.2084833528056524     
          19          20   1.6318427496680599     
           1          21  0.70929299766316267     
          18          21   1.2413872612542449     
          20          22   1.2183165061995331     
          21          22   1.2648898879051695     
          22          23   1.3071107083121321     
          23          24   1.3055194965400509     
          24          25   1.2188139515370902     
          25          26   1.6319441718084426     
          26          27   1.2078291477985641     
           1          28  0.70883012287626246     
          24          28   1.2672068614731820     
          27          28   1.2390566326758039     
          27          29   1.3669610640388012     
          29          30   1.0576340814269927     
          30          31   1.4143361911415819     
          31          32   1.4663902584450779     
          32          33   1.4040240931772314     
          33          34   1.0057741550445625     
          34          35   1.5663855910574787     
          34          36   1.5672635095714780     
          35          36  0.38069746802769805     
          33          37   1.4039754736627621     
          30          38   1.4144521654876403     
          37          38   1.4662174723862851     
          29          39   1.3578974125326326     
          39          40   1.2032354283590072     
          40          41   1.6436761802026503     
           2          42   1.3945885572219405     
          41          42   1.1972781348208406     
           1          43  0.71367497373317068     
          39          43   1.2526878066296701     
          42          43   1.2420165762503366     
           2          44  0.99656753223844319     
           4          45  0.99360515934235272     
           5          46  0.99829020549682046     
          10          47  0.98809312082149159     
          11          48  0.98536333659158526     
          16          49  0.98568207218074966     
          17          50  0.98847278196243438     
          19          51  0.99765203642276401     
          20          52  0.99841513506203805     
          25          53  0.99830632304093803     
          26          54  0.99765081275775791     
          31          55  0.98838950519906810     
          32          56  0.98569165368899481     
          37          57  0.98536030288582677     
          38          58  0.98814977748434962     
          40          59  0.99831633357263327     
          41          60  0.99367033789271852     
          62          63   1.3920888322930849     
          63          64   1.1980845001782754     
          64          65   1.6433596626830036     
          65          66   1.2029482064760575     
          61          67  0.71399720169310577     
          63          67   1.2438053612475239     
          66          67   1.2504749786754643     
          66          68   1.3595284078543537     
          68          69   1.0585629799722063     
          69          70   1.4138497567607842     
          70          71   1.4665418760290743     
          71          72   1.4038582308797174     
          72          73   1.0057593009449608     
          73          74   1.5665080343803450     
          73          75   1.5671416091874710     
          74          75  0.38067877889482393     
          72          76   1.4040117913522756     
          69          77   1.4141656476580275     
          76          77   1.4663553958607320     
          68          78   1.3643424499871606     
          78          79   1.2087128051786087     
          79          80   1.6313046533776809     
          61          81  0.70936138927366899     
          78          81   1.2406489717440670     
          80          82   1.2187520977838702     
          81          82   1.2657327155191058     
          82          83   1.3049272215720140     
          83          84   1.3034230649605210     
          84          85   1.2191697934956540     
          85          86   1.6314201851353201     
          86          87   1.2080656276766446     
          61          88  0.70946173712164295     
          84          88   1.2677322391667774     
          87          88   1.2383790134956294     
          87          89   1.3668452073472077     
          89          90   1.0584634358846023     
          90          91   1.4140142178964481     
          91          92   1.4665122882800108     
          92          93   1.4039608874119904     
          93          94   1.0057418782021079     
          94          95   1.5664718746035997     
          94          96   1.5671830687155135     
          95          96  0.38067477531055222     
          93          97   1.4039225480329534     
          90          98   1.4140930892427044     
          97          98   1.4663308443046803     
          89          99   1.3571027085673590     
          99         100   1.2034028827461085     
         100         101   1.6433172170864001     
          62         102   1.3941261782399585     
         101         102   1.1975399558952995     
          61         103  0.71404458432980122     
          99         103   1.2526475507833861     
         102         103   1.2417904776489042     
          62         104  0.99656102983163430     
          64         105  0.99363239462097264     
          65         106  0.99829129814365447     
          70         107  0.98813197551370724     
          71         108  0.98538551902380400     
          76         109  0.98567196675715230     
          77         110  0.98849415683593467     
          79         111  0.99764204573611981     
          80         112  0.99847361261061585     
          85         113  0.99833470780843592     
          86         114  0.99763341274165840     
          91         115  0.98843081300194491     
          92         116  0.98569487071799022     
          97         117  0.98536315852790390     
          98         118  0.98818387707074962     
         100         119  0.99830856837395066     
         101         120  0.99368596895261196     
         121         122   2.3907261614476609     
         122         123   1.3464019938806189     
          23         124   1.2078760215189821     
         121         124  0.17637051982373339     
         123         124   2.4922026425567290     
         121         125   1.3477268728817811     
         122         126  0.17641162954252626     
         125         126   2.4887127637440183     
         127         128   2.3862751778032134     
         128         129   1.3514623668774244     
         127         130  0.17683782724085151     
         129         130   2.4848158713711763     
         127         131   1.3503710093547572     
          83         132   1.2117677179543653     
         128         132  0.17684161962386119     
         131         132   2.4877010911241983     
         126         134   1.2117508162037010     
         134         135   1.3039285650189234     
         135         136   1.2197350051537645     
         136         137   1.6297929510497149     
         137         138   1.2104458008204306     
         133         139  0.70789556288424904     
         135         139   1.2666777466833692     
         138         139   1.2404185813600950     
         138         140   1.3623434123215628     
         140         141   1.0578372717164617     
         141         142   1.4147762873507286     
         142         143   1.4658071799826791     
         143         144   1.4046869938821698     
         144         145   1.0049532707320155     
         145         146   1.5675338792351901     
         145         147   1.5674540030130744     
         146         147  0.38113622063647068     
         144         148   1.4046071967356666     
         141         149   1.4145628586552785     
         148         149   1.4659477588946237     
         140         150   1.3628061652730199     
         150         151   1.2107993600243732     
         151         152   1.6289560272935570     
         133         153  0.70655692068503129     
         150         153   1.2392288880384219     
         152         154   1.2207287880692037     
         153         154   1.2688628776679352     
         130         155   1.2150089369513268     
         154         155   1.3004638313328802     
         155         156   1.3022522391422997     
         156         157   1.2199409259097047     
         157         158   1.6295502325977089     
         158         159   1.2105601338555680     
         133         160  0.70777296760421482     
         156         160   1.2675243126951745     
         159         160   1.2398762521505700     
         159         161   1.3628303464028981     
         161         162   1.0580272481533757     
         162         163   1.4144209211291505     
         163         164   1.4660161431203429     
         164         165   1.4045455289479412     
         165         166   1.0049264438405958     
         166         167   1.5673534992070659     
         166         168   1.5676503827334862     
         167         168  0.38112880807814176     
         165         169   1.4047184804034580     
         162         170   1.4147505420342585     
         169         170   1.4658038968121299     
         161         171   1.3621895190967952     
         171         172   1.2107025899878952     
         172         173   1.6291660849695619     
         134         174   1.3019738099130282     
         173         174   1.2205189072842968     
         133         175  0.70670017789526451     
         171         175   1.2397685655703188     
         174         175   1.2680924572272649     
         136         176  0.99845903478472808     
         137         177  0.99794609679272350     
         142         178  0.98829181869715899     
         143         179  0.98540076009127298     
         148         180  0.98536567479712678     
         149         181  0.98824033370016706     
         151         182  0.99794249907810928     
         152         183  0.99845674596398837     
         157         184  0.99849711774430927     
         158         185  0.99790981401496237     
         163         186  0.98826874441596768     
         164         187  0.98538140599718271     
         169         188  0.98539339422131200     
         170         189  0.98827905371401137     
         172         190  0.99795690272700532     
         173         191  0.99842048528402105     
