   -0.02441375
    0.06131178
   -0.03620216
   -0.03497234
    0.06110869
   -0.15918413
    0.00630189
    0.01835211
   -0.01445346
   -0.00839495
    0.04332104
    0.29613426
   -0.27527836
   -0.27640169
   -0.00932735
   -0.01619852
    0.05821901
   -0.03891944
   -0.03773315
   -0.28586259
    0.06449579
    0.01602144
    0.06511757
   -0.03469295
   -0.03554019
    0.06026804
   -0.15664000
    0.00465847
    0.01776313
   -0.01554533
   -0.00929135
    0.04278399
    0.29466205
   -0.27737639
   -0.27701781
   -0.00936251
   -0.01604764
    0.06000385
   -0.03889158
   -0.03948826
    0.05863173
   -0.28947873
    0.02789546
    0.03916523
    0.03134546
    0.16405355
    0.03645030
    0.05314072
    0.05193697
    0.03589830
    0.02317851
    0.02632650
    0.03495183
    0.03161145
    0.16250519
    0.03495209
    0.05155905
    0.05212011
    0.03621668
    0.02246774
    0.02992605
   -0.02430889
    0.06130037
   -0.03615986
   -0.03496363
    0.06116241
   -0.15914761
    0.00627366
    0.01830650
   -0.01446319
   -0.00838063
    0.04329312
    0.29604348
   -0.27525809
   -0.27654808
   -0.00938507
   -0.01624937
    0.05830437
   -0.03890508
   -0.03767996
   -0.28588538
    0.06449242
    0.01606734
    0.06515131
   -0.03461478
   -0.03550371
    0.06034506
   -0.15664985
    0.00465295
    0.01776002
   -0.01555184
   -0.00930250
    0.04279573
    0.29469770
   -0.27739769
   -0.27689982
   -0.00933007
   -0.01604066
    0.06003484
   -0.03889127
   -0.03946503
    0.05862292
   -0.28943586
    0.02795195
    0.03920439
    0.03138556
    0.16406997
    0.03651966
    0.05322453
    0.05185802
    0.03583498
    0.02320472
    0.02633767
    0.03501590
    0.03166959
    0.16253250
    0.03496242
    0.05154731
    0.05220519
    0.03624638
    0.02249775
    0.02996090
   -0.01913798
   -0.02020660
   -0.01716724
   -0.01589239
   -0.01832698
   -0.01476884
   -0.02270775
   -0.01700584
   -0.01694029
   -0.02273585
   -0.01469131
   -0.01832928
   -0.01581873
   -0.01715021
   -0.02014431
   -0.01910905
    0.01221849
    0.06539369
   -0.03663925
   -0.03566900
    0.05819589
   -0.15633307
    0.00881974
    0.01942872
   -0.01410580
   -0.00823959
    0.04347932
    0.29703984
   -0.27549968
   -0.27495035
   -0.00878859
   -0.01521559
    0.05677811
   -0.03925518
   -0.03923009
   -0.28637397
    0.06429696
    0.01213213
    0.06542930
   -0.03662089
   -0.03565053
    0.05821704
   -0.15636829
    0.00883733
    0.01945811
   -0.01516328
   -0.00870386
    0.04350789
    0.29712053
   -0.27505724
   -0.27525536
   -0.00827876
   -0.01411916
    0.05673516
   -0.03926913
   -0.03924997
    0.06428857
   -0.28631415
    0.03323750
    0.03040180
    0.16267536
    0.03641768
    0.05275524
    0.05229755
    0.03671686
    0.02189046
    0.02445307
    0.03324390
    0.03041126
    0.16268817
    0.03680525
    0.05245754
    0.05263453
    0.03634640
    0.02189588
    0.02447683
