           1           2   1.3659625184927449     
           2           3   1.2435338874135384     
           3           4   1.5906574214101006     
           4           5   1.2539391493773817     
           2           6   1.2295909419107582     
           5           6   1.2296102680348495     
           5           7   1.3332140638932723     
           7           8   1.0597038656720594     
           8           9   1.4113300949294665     
           9          10   1.4678118150565111     
          10          11   1.4030029249459188     
          11          12   1.0072166137460381     
          12          13   1.5647397862611869     
          12          14   1.5637154869397671     
          13          14  0.37923801177835814     
          11          15   1.4031336393747873     
           8          16   1.4114458893963795     
          15          16   1.4674026909156079     
           7          17   1.3652452511875579     
          17          18   1.1606567612545244     
          18          19   1.6912686889769979     
          17          20   1.3540340386603735     
          19          21   1.1661578442563192     
          20          21   1.4122915964202676     
          21          22   1.2850091842797562     
          22          23   1.2753612869716544     
          23          24   1.2744809651891043     
          24          25   1.5705988976837342     
          25          26   1.2644859857601980     
          23          27   1.2486007152407266     
          26          27   1.2241290161178537     
          26          28   1.3284973719369075     
          28          29   1.0620284254220684     
          29          30   1.4098103124468047     
          30          31   1.4686736545921082     
          31          32   1.4019518672581226     
          32          33   1.0083028122634425     
          33          34   1.5620432585955268     
          33          35   1.5621408710937599     
          34          35  0.37754502251161953     
          32          36   1.4012812082335047     
          29          37   1.4093336846622755     
          36          37   1.4689346872367486     
          28          38   1.3581842559648876     
          38          39   1.1505562651240457     
          39          40   1.7088295080357616     
           1          41   1.3883855614699636     
          40          41   1.1452029452300243     
          38          42   1.3798361034449589     
          41          42   1.3715737249786373     
           1          43  0.99563046562535351     
           3          44  0.99242183278305995     
           4          45  0.99827107875956511     
           6          46  0.96080427795153922     
           9          47  0.98716980876123062     
          10          48  0.98544004035582977     
          15          49  0.98559920515066191     
          16          50  0.98722518014423011     
          18          51  0.99764459273231210     
          19          52  0.99883486126235821     
          24          53  0.99787773000382962     
          25          54  0.99751495909866073     
          27          55  0.95995782088201376     
          30          56  0.98747048848572960     
          31          57  0.98583270164527625     
          36          58  0.98554193884706875     
          37          59  0.98715373275925899     
          39          60  0.99859303408766942     
          40          61  0.99294916788173981     
          62          63   1.3659958852890242     
          63          64   1.2435558361573797     
          64          65   1.5906636874610045     
          65          66   1.2538987460228332     
          63          67   1.2295018978858892     
          66          67   1.2297818189521965     
          66          68   1.3331340125628206     
          68          69   1.0595758443208172     
          69          70   1.4114383805820288     
          70          71   1.4677518904294025     
          71          72   1.4030252436410735     
          72          73   1.0072578337897580     
          73          74   1.5646966587399589     
          73          75   1.5634995690955307     
          74          75  0.37914562273940389     
          72          76   1.4030283156024173     
          69          77   1.4113584996673798     
          76          77   1.4674755094641183     
          68          78   1.3652813998888462     
          78          79   1.1605552937311303     
          79          80   1.6915032276456288     
          78          81   1.3542270894763080     
          80          82   1.1659752502188039     
          81          82   1.4120245619627740     
          82          83   1.2855540102157996     
          83          84   1.2757933170054285     
          84          85   1.2741797441901082     
          85          86   1.5709639687755717     
          86          87   1.2642274551941359     
          84          88   1.2484890817163279     
          87          88   1.2241245245794832     
          87          89   1.3288797987373193     
          89          90   1.0618383766124746     
          90          91   1.4098586900159906     
          91          92   1.4686638376716559     
          92          93   1.4019601807145095     
          93          94   1.0082366718572542     
          94          95   1.5620109636057631     
          94          96   1.5622805902246726     
          95          96  0.37758750789667223     
          93          97   1.4013964156417378     
          90          98   1.4094997503408144     
          97          98   1.4688207420166584     
          89          99   1.3579480899232566     
          99         100   1.1505802245241787     
         100         101   1.7087901227714957     
          62         102   1.3885059032072324     
         101         102   1.1452297693894646     
          99         103   1.3800566857692231     
         102         103   1.3714072425573960     
          62         104  0.99563877712022497     
          64         105  0.99241586203975640     
          65         106  0.99826911424749287     
          67         107  0.96080009603361294     
          70         108  0.98715526908910101     
          71         109  0.98543299439411580     
          76         110  0.98560870013336899     
          77         111  0.98722659286049186     
          79         112  0.99764688454652373     
          80         113  0.99882912108436328     
          85         114  0.99787608469545963     
          86         115  0.99751020469483620     
          88         116  0.95994610076854547     
          91         117  0.98746372597979248     
          92         118  0.98583076336372599     
          97         119  0.98552810029887405     
          98         120  0.98714744651778985     
         100         121  0.99859220217854905     
         101         122  0.99294305550831174     
          22         123   1.2290232286162248     
         123         124   2.4514123171152997     
         124         125   1.3712216687682730     
         123         126  0.16438696957156948     
         125         126   2.3319016973684978     
         126         127   1.3998755783981380     
         125         128  0.15848604494935647     
         127         128   2.3301496311782142     
         128         129   1.3739694775339131     
         127         130  0.16371668453728974     
         129         130   2.4455528412269398     
         131         132   2.4464810894880942     
         132         133   1.3731844349369666     
         131         134  0.16381790120998158     
         133         134   2.3311421166877202     
         134         135   1.3990693242523999     
         133         136  0.15862120080501740     
         135         136   2.3329218469394655     
         136         137   1.3703989989686023     
          83         138   1.2281298729216039     
         135         138  0.16451317297153512     
         137         138   2.4524520377473387     
         130         139   1.2344507578894408     
         139         140   1.2699746881263916     
         140         141   1.2772509592827106     
         141         142   1.5668872073279145     
         142         143   1.2689556956252335     
         140         144   1.2523705598428840     
         143         144   1.2202201676216371     
         143         145   1.3260052336029606     
         145         146   1.0568851994920501     
         146         147   1.4134988891729914     
         147         148   1.4666426608437277     
         148         149   1.4042378202639010     
         149         150   1.0063124871807261     
         150         151   1.5656990197640919     
         150         152   1.5663825097607755     
         151         152  0.38034272582237638     
         149         153   1.4037402409190312     
         146         154   1.4129600189147811     
         153         154   1.4668488213931206     
         145         155   1.3758119923658751     
         155         156   1.1602116016578368     
         156         157   1.6911624493674955     
         155         158   1.3463336206364496     
         157         159   1.1670009612595607     
         158         159   1.4181690378692113     
         131         160   1.2336476643038767     
         159         160   1.2791138519095919     
         160         161   1.2703016139901535     
         161         162   1.2769537397288571     
         162         163   1.5672055565620617     
         163         164   1.2687529357192624     
         161         165   1.2523837776721156     
         164         165   1.2200545866308208     
         164         166   1.3264266847645065     
         166         167   1.0567998417027671     
         167         168   1.4131947428130731     
         168         169   1.4666908893235664     
         169         170   1.4039120958838853     
         170         171   1.0062527261326992     
         171         172   1.5662847360592798     
         171         173   1.5660140604949595     
         172         173  0.38042522353169772     
         170         174   1.4042014093689972     
         167         175   1.4134319378906959     
         174         175   1.4666975291265456     
         166         176   1.3755747336953641     
         176         177   1.1603282219229460     
         177         178   1.6909242431598124     
         139         179   1.2787691779880173     
         178         179   1.1671809291411783     
         176         180   1.3463789777890189     
         179         180   1.4182292409929793     
         141         181  0.99809050214960404     
         142         182  0.99817822332667916     
         144         183  0.96128044147972502     
         147         184  0.98718046451257457     
         148         185  0.98551519535612875     
         153         186  0.98545141864894481     
         154         187  0.98706381109000596     
         156         188  0.99830154109698610     
         157         189  0.99908054614144615     
         162         190  0.99809509880630143     
         163         191  0.99818027242964269     
         165         192  0.96127472955635662     
         168         193  0.98705301840859627     
         169         194  0.98542857524285787     
         174         195  0.98552674857240463     
         175         196  0.98718682662995749     
         177         197  0.99830021432818838     
         178         198  0.99908333083081546     
