           2           3   1.3823264759087099     
           3           4   1.1931359786194820     
           4           5   1.6464434325572981     
           5           6   1.1954578691698914     
           1           7  0.61213586231040951     
           3           7   1.2737686945059050     
           6           7   1.2566346033271267     
           6           8   1.3959625253027255     
           8           9   1.3850479088032257     
           9          10   1.2092446295288068     
          10          11   1.6216235746717866     
           1          12  0.60981488930951777     
           9          12   1.2526510248234859     
          11          13   1.2250478764227599     
          12          13   1.2990128867788051     
          13          14   1.2878523622372564     
          14          15   1.2878973489049630     
          15          16   1.2250838163282536     
          16          17   1.6216577086855093     
          17          18   1.2092068811122285     
           1          19  0.60987177546754945     
          15          19   1.2989264267041571     
          18          19   1.2527490537716894     
          18          20   1.3849963506199057     
          20          21   1.3959842566722043     
          21          22   1.1954093817420111     
          22          23   1.6464902755847854     
           2          24   1.3823821316772107     
          23          24   1.1931181630867649     
           1          25  0.61208651571196870     
          21          25   1.2566808503561733     
          24          25   1.2737287183949859     
           2          26  0.99720505358881251     
           4          27  0.99446769307329996     
           5          28  0.99468827824202299     
           8          29  0.99844543137654540     
          10          30  0.99390534822127896     
          11          31  0.99906657442477420     
          16          32  0.99915428358585900     
          17          33  0.99391812331363605     
          20          34  0.99845256133701654     
          22          35  0.99469105335454511     
          23          36  0.99446853206852381     
          38          39   1.3824584011978303     
          39          40   1.1931694583457559     
          40          41   1.6464504931987434     
          41          42   1.1954416083984989     
          37          43  0.61185280725018165     
          39          43   1.2736174934263742     
          42          43   1.2569449667887582     
          42          44   1.3957310699451138     
          44          45   1.3852855643805739     
          45          46   1.2090620741744504     
          46          47   1.6218825238451675     
          37          48  0.60951789004924273     
          45          48   1.2526405961099261     
          47          49   1.2247729683223216     
          48          49   1.2991467756354764     
          49          50   1.2880804041091785     
          50          51   1.2883451440439440     
          51          52   1.2247816754606453     
          52          53   1.6219426255837519     
          53          54   1.2090193543320813     
          37          55  0.60955372166475785     
          51          55   1.2989882452386585     
          54          55   1.2528075206013307     
          54          56   1.3851886274383931     
          56          57   1.3958084524371963     
          57          58   1.1954680772473123     
          58          59   1.6464396603043845     
          38          60   1.3823410156433478     
          59          60   1.1931592530647264     
          37          61  0.61183848753224102     
          57          61   1.2568050498641077     
          60          61   1.2737635510336740     
          38          62  0.99720451929133447     
          40          63  0.99446564687887629     
          41          64  0.99468379695578868     
          44          65  0.99843901278842362     
          46          66  0.99388437957874576     
          47          67  0.99915791071136173     
          52          68  0.99923318762510727     
          53          69  0.99390467710066355     
          56          70  0.99844406921767603     
          58          71  0.99468662246156303     
          59          72  0.99446567096032301     
          14          73   1.2208045865915169     
          73          74   2.6010619221969216     
          75          76   2.5889272293766958     
          50          78   1.2202211090903547     
          77          78   2.6015468292534396     
          74          80   1.2217140668618951     
          80          81   1.2824568947084432     
          81          82   1.2271531646448293     
          82          83   1.6177460450148402     
          83          84   1.2124247480327224     
          79          85  0.63314095219346489     
          81          85   1.2988635238361244     
          84          85   1.2387040344516429     
          84          86   1.3940056205875426     
          86          87   1.3892899828297924     
          87          88   1.2145619742012630     
          88          89   1.6146686876270284     
          79          90  0.63355893901753668     
          87          90   1.2402746120025236     
          89          91   1.2303005485931804     
          90          91   1.2992495337020531     
          75          92   1.2319915274181938     
          91          92   1.2782829583627495     
          92          93   1.2781303684023715     
          93          94   1.2301991350249031     
          94          95   1.6146780436728614     
          95          96   1.2145877013438986     
          79          97  0.63304833901032354     
          93          97   1.2996201796066347     
          96          97   1.2401737285611361     
          96          98   1.3893703135688300     
          98          99   1.3939983132890903     
          99         100   1.2124534894383412     
         100         101   1.6176715240907911     
          80         102   1.2820747432849176     
         101         102   1.2272844120398090     
          79         103  0.63354083147826101     
          99         103   1.2386461998586338     
         102         103   1.2988586882138233     
          82         104  0.99919391352402276     
          83         105  0.99457182591241255     
          86         106  0.99939305270914303     
          88         107  0.99448381980307554     
          89         108  0.99892117974323080     
          94         109  0.99889321439428502     
          95         110  0.99449098158182891     
          98         111  0.99939629675227315     
         100         112  0.99456568632918285     
         101         113  0.99917961066537664     
          76         115   1.2319412427105914     
         115         116   1.2782793750009900     
         116         117   1.2301261417879841     
         117         118   1.6147479598326462     
         118         119   1.2145662712872691     
         114         120  0.63275709886124476     
         116         120   1.2996361568668839     
         119         120   1.2403015656714438     
         119         121   1.3892599389605695     
         121         122   1.3941423298213169     
         122         123   1.2122374967521736     
         123         124   1.6179650645944512     
         114         125  0.63319231964812528     
         122         125   1.2387204303544126     
         124         126   1.2269244008095339     
         125         126   1.2989976581768836     
          77         127   1.2211458626547738     
         126         127   1.2823956211446041     
         127         128   1.2827270178348609     
         128         129   1.2268788412867055     
         129         130   1.6179627504324761     
         130         131   1.2123147256095466     
         114         132  0.63265244718852676     
         128         132   1.2990677351646756     
         131         132   1.2387266639913754     
         131         133   1.3941082005015137     
         133         134   1.3892150931488496     
         134         135   1.2145823082258473     
         135         136   1.6146318116613263     
         115         137   1.2782399197420351     
         136         137   1.2303371769320299     
         114         138  0.63349841257635497     
         134         138   1.2403231271510768     
         137         138   1.2992810656542626     
         117         139  0.99888100438312855     
         118         140  0.99448750858395596     
         121         141  0.99938895676074579     
         123         142  0.99454509305207650     
         124         143  0.99925744330509869     
         129         144  0.99929853542922842     
         130         145  0.99456912127138997     
         133         146  0.99939119912807162     
         135         147  0.99447739720424755     
         136         148  0.99893893717083970     
