           2           3   1.3914231362279272     
           3           4   1.2009482612854394     
           4           5   1.6419043113608556     
           5           6   1.2078266800707187     
           1           7  0.71050252590059182     
           3           7   1.2548560203101744     
           6           7   1.2503254894220519     
           6           8   1.3682705610185735     
           8           9   1.0468217997633782     
           9          10   1.4151507955170546     
          10          11   1.4703748350676200     
          11          12   1.3902297544464053     
          12          13   1.0810251228155130     
          13          14   1.9432058689061862     
          12          15   1.3850678309291280     
           9          16   1.4198758595019998     
          15          16   1.4657827855130539     
           8          17   1.3671915453629855     
          17          18   1.2168751364697581     
          18          19   1.6235421658994189     
           1          20  0.71049964674130439     
          17          20   1.2398869220261022     
          19          21   1.2269356771737721     
          20          21   1.2790863367031893     
          21          22   1.2965064220489149     
          22          23   1.2975725698149416     
          23          24   1.2271559175232354     
          24          25   1.6223636070170011     
          25          26   1.2177623601469902     
           1          27  0.71036294879044903     
          23          27   1.2775559065138569     
          26          27   1.2416737751174685     
          26          28   1.3642669634657203     
          28          29   1.0521285498377058     
          29          30   1.4175550734833995     
          30          31   1.4667510001740158     
          31          32   1.3846014992852282     
          32          33   1.0810868623466814     
          33          34   1.9431372856387934     
          32          35   1.3897915152387652     
          29          36   1.4129508464092955     
          35          36   1.4712276119171104     
          28          37   1.3675448158811143     
          37          38   1.2078788805027860     
          38          39   1.6413067840088598     
           2          40   1.3909830885229895     
          39          40   1.2012322304030696     
           1          41  0.71050913299953689     
          37          41   1.2504914473869302     
          40          41   1.2549070281307280     
           2          42  0.99563147087707193     
           4          43  0.99236095784517664     
           5          44  0.99820504424471834     
          10          45  0.98811596827055181     
          11          46  0.98784930166976603     
          13          47  0.95400908456749289     
          15          48  0.98204869482104751     
          16          49  0.98771848750020863     
          18          50  0.99733852755561481     
          19          51  0.99743305266780891     
          24          52  0.99734642415013386     
          25          53  0.99714138715712586     
          30          54  0.98796857790649117     
          31          55  0.98200851823643565     
          33          56  0.95402188612756589     
          35          57  0.98770484267666236     
          36          58  0.98820196709586317     
          38          59  0.99802428145816935     
          39          60  0.99228608790297124     
          62          63   1.3915902412853278     
          63          64   1.2008550971536354     
          64          65   1.6419475744752099     
          65          66   1.2078373321376061     
          61          67  0.71031519342784943     
          63          67   1.2548312182700088     
          66          67   1.2506650786710380     
          66          68   1.3680327196997935     
          68          69   1.0468331768237167     
          69          70   1.4151578223471162     
          70          71   1.4703493097189690     
          71          72   1.3902622029018437     
          72          73   1.0810228535943323     
          73          74   1.9432508913536604     
          72          75   1.3850635437663608     
          69          76   1.4198525210506199     
          75          76   1.4657900665805781     
          68          77   1.3674301706807350     
          77          78   1.2165101829807554     
          78          79   1.6240488915605940     
          61          80  0.71043214715351710     
          77          80   1.2401354717670603     
          79          81   1.2264894658394399     
          80          81   1.2787851147301579     
          81          82   1.2975576620720239     
          82          83   1.2987840357764215     
          83          84   1.2265883827013351     
          84          85   1.6230383802631891     
          85          86   1.2173793337191618     
          61          87  0.71031669018400556     
          83          87   1.2771127665524458     
          86          87   1.2420456010432803     
          86          88   1.3644708632674705     
          88          89   1.0519073074774270     
          89          90   1.4176401222496393     
          90          91   1.4666794085989665     
          91          92   1.3846695038551287     
          92          93   1.0809661475234162     
          93          94   1.9433781954418983     
          92          95   1.3899150463365941     
          89          96   1.4130807100479355     
          95          96   1.4711228276351167     
          88          97   1.3675514272280394     
          97          98   1.2078184301226329     
          98          99   1.6413675165986297     
          62         100   1.3908648207880023     
          99         100   1.2012197180692541     
          61         101  0.71038291250045371     
          97         101   1.2505975422180913     
         100         101   1.2551163641027938     
          62         102  0.99562092734070162     
          64         103  0.99232457158026177     
          65         104  0.99816350830813505     
          70         105  0.98806862398751083     
          71         106  0.98782777396715460     
          73         107  0.95399083269380691     
          75         108  0.98203053624427128     
          76         109  0.98772979318610699     
          78         110  0.99733782388535830     
          79         111  0.99739293738919221     
          84         112  0.99730768374854850     
          85         113  0.99712952364457341     
          90         114  0.98797124742292575     
          91         115  0.98199223259136770     
          93         116  0.95398223363191970     
          95         117  0.98767167078536522     
          96         118  0.98815749763178706     
          98         119  0.99799071649499371     
          99         120  0.99224177727125107     
          22         121   1.2210523744234798     
         121         122   2.4627909339189986     
         122         123   1.3653758317815616     
         121         124  0.16604878976800147     
         123         124   2.3405172808747969     
         124         125   1.3945514659723777     
         123         126  0.16020751056990923     
         125         126   2.3392708180891937     
         126         127   1.3675647894749254     
         125         128  0.16567142157561099     
         127         128   2.4582159979784262     
         129         130   2.4590548615838461     
         130         131   1.3669590932182909     
         129         132  0.16578449630687331     
         131         132   2.3394861584011237     
         132         133   1.3947532262805760     
         131         134  0.16028843852130700     
         133         134   2.3395452301550468     
         134         135   1.3668317182671019     
         133         136  0.16579906728724345     
         135         136   2.4592764846396187     
         137         138   2.4608707914702475     
         138         139   1.3654103912331343     
         137         140  0.16601006114737632     
         139         140   2.3419894479895604     
         140         141   1.3923387595365286     
         139         142  0.16058052891128019     
         141         142   2.3432397068711763     
         142         143   1.3632324736228798     
          82         144   1.2189231241522696     
         141         144  0.16637722495300525     
         143         144   2.4654051901913152     
         128         146   1.2255030230310358     
         146         147   1.2922952892917636     
         147         148   1.2292976275455456     
         148         149   1.6190139072236764     
         149         150   1.2205020533870430     
         145         151  0.70948516860692445     
         147         151   1.2787199343748683     
         150         151   1.2377909674730494     
         150         152   1.3639642127623977     
         152         153   1.0560250780395197     
         153         154   1.4117150705123991     
         154         155   1.4717093988138956     
         155         156   1.3896293585464250     
         156         157   1.0812771698456494     
         157         158   1.9424950374183350     
         156         159   1.3841062735074872     
         153         160   1.4160007475448795     
         159         160   1.4675805367096955     
         152         161   1.3655173190167149     
         161         162   1.2197996693080664     
         162         163   1.6200938814679993     
         145         164  0.70983531506769104     
         161         164   1.2369826567558131     
         163         165   1.2288136357906243     
         164         165   1.2793521242768497     
         129         166   1.2247841138432116     
         165         166   1.2926269000614585     
         166         167   1.2925375308050293     
         167         168   1.2291726956665761     
         168         169   1.6193375078665415     
         169         170   1.2203907723606020     
         145         171  0.70978444972053067     
         167         171   1.2787951532154367     
         170         171   1.2376595177728056     
         170         172   1.3641706635165631     
         172         173   1.0562752261886879     
         173         174   1.4161706482288923     
         174         175   1.4674164459195489     
         175         176   1.3842705781674571     
         176         177   1.0812020035109673     
         177         178   1.9425030943439543     
         176         179   1.3895207428029208     
         173         180   1.4113362145254946     
         179         180   1.4718873932661007     
         172         181   1.3652327840430269     
         181         182   1.2199764374692057     
         182         183   1.6195993593763676     
         146         184   1.2916335623028097     
         183         184   1.2291315460991952     
         145         185  0.70967754237877345     
         181         185   1.2368190486212371     
         184         185   1.2795331041984743     
         148         186  0.99778737420588448     
         149         187  0.99772405864992675     
         154         188  0.98855276718701113     
         155         189  0.98781842330020797     
         157         190  0.95417291464317644     
         159         191  0.98194433159516947     
         160         192  0.98807160019224061     
         162         193  0.99759302627921764     
         163         194  0.99768453728837048     
         168         195  0.99768604561819674     
         169         196  0.99762547448964389     
         174         197  0.98804709132594848     
         175         198  0.98191246299846879     
         177         199  0.95414532576379341     
         179         200  0.98784569103027642     
         180         201  0.98860222727913416     
         182         202  0.99762102625739524     
         183         203  0.99771640366837533     
         136         205   1.2245974398647788     
         205         206   1.2933484098022863     
         206         207   1.2288762297862639     
         207         208   1.6196623615252563     
         208         209   1.2202744354226955     
         204         210  0.70972421838462063     
         206         210   1.2783964365749996     
         209         210   1.2383377316807787     
         209         211   1.3639185979190509     
         211         212   1.0555081638114896     
         212         213   1.4116877755748845     
         213         214   1.4716897525479389     
         214         215   1.3896430439435472     
         215         216   1.0810542375780630     
         216         217   1.9427336813252578     
         215         218   1.3844200701219938     
         212         219   1.4165047108942754     
         218         219   1.4672616884839851     
         211         220   1.3660777385594953     
         220         221   1.2194869396301662     
         221         222   1.6203736936240118     
         204         223  0.70950387492947031     
         220         223   1.2368682359332288     
         222         224   1.2285528243771178     
         223         224   1.2794435583607857     
         137         225   1.2232232322354577     
         224         225   1.2928124077674774     
         225         226   1.2935324348523705     
         226         227   1.2287748537539054     
         227         228   1.6195531180764982     
         228         229   1.2202461320359572     
         204         230  0.70941246689078263     
         226         230   1.2781514297173859     
         229         230   1.2382936082816673     
         229         231   1.3639123309788275     
         231         232   1.0560529183510636     
         232         233   1.4159983682863597     
         233         234   1.4675771373745061     
         234         235   1.3841236304089359     
         235         236   1.0813055546704875     
         236         237   1.9424896145192909     
         235         238   1.3895906867673653     
         232         239   1.4116590774205884     
         238         239   1.4717400818809039     
         231         240   1.3656316186504440     
         240         241   1.2197024619707300     
         241         242   1.6200730346326349     
         205         243   1.2923196613721892     
         242         243   1.2289485733127128     
         204         244  0.70965307093857555     
         240         244   1.2369138278097098     
         243         244   1.2797567674282933     
         207         245  0.99768643063174645     
         208         246  0.99763668534311145     
         213         247  0.98858230914835754     
         214         248  0.98780928738149754     
         216         249  0.95411755449898905     
         218         250  0.98192018757639332     
         219         251  0.98798835411689745     
         221         252  0.99762562669451837     
         222         253  0.99768368087037729     
         227         254  0.99777309622713051     
         228         255  0.99771265287185817     
         233         256  0.98805296614521287     
         234         257  0.98194627991863848     
         236         258  0.95416724063567104     
         238         259  0.98780327652735367     
         239         260  0.98855519960333149     
         241         261  0.99755795723064100     
         242         262  0.99762551349902195     
