           2           3   1.3938046756501870     
           3           4   1.2038811439280714     
           4           5   1.6371659802493639     
           5           6   1.2087756959718714     
           1           7  0.87146376360968258     
           3           7   1.2226148872146574     
           6           7   1.2284094939165404     
           6           8   1.3618968680923791     
           8           9   1.0525346105248659     
           9          10   1.4162977037358162     
          10          11   1.4647624785215874     
          11          12   1.4053710208011279     
          12          13   1.0052348123749388     
          13          14   1.5672312972042497     
          13          15   1.5678243242482128     
          14          15  0.38152719601571161     
          12          16   1.4049345620237452     
           9          17   1.4154555708006802     
          16          17   1.4654134773835170     
           8          18   1.3678845827954529     
          18          19   1.2150719765866413     
          19          20   1.6242979866785034     
           1          21  0.86328615103036377     
          18          21   1.2179503987247944     
          20          22   1.2260443833911363     
          21          22   1.2457564035362860     
          22          23   1.3038525356907220     
          23          24   1.3028654691200432     
          24          25   1.2260167151236463     
          25          26   1.6246879420172644     
          26          27   1.2145240335176262     
           1          28  0.86305004977923661     
          24          28   1.2473565043865533     
          27          28   1.2164873221052985     
          27          29   1.3698670616597006     
          29          30   1.0521396765280229     
          30          31   1.4155317817529987     
          31          32   1.4654294042520630     
          32          33   1.4049827248886932     
          33          34   1.0051235741608098     
          34          35   1.5671703447229439     
          34          36   1.5680431015647054     
          35          36  0.38154933580261186     
          33          37   1.4054118967047486     
          30          38   1.4165789359774286     
          37          38   1.4646207089516836     
          29          39   1.3601680604816619     
          39          40   1.2090565262212929     
          40          41   1.6370488733803628     
           2          42   1.3952682409400587     
          41          42   1.2036253595586155     
           1          43  0.87171460303890502     
          39          43   1.2299657255456582     
          42          43   1.2210480189600994     
           2          44  0.99526342387418942     
           4          45  0.99202477218287233     
           5          46  0.99754580718256070     
          10          47  0.98709706561773214     
          11          48  0.98519991474714597     
          16          49  0.98539485655124170     
          17          50  0.98737649547010753     
          19          51  0.99679620570284622     
          20          52  0.99723257329739545     
          25          53  0.99720280154260765     
          26          54  0.99677539017798400     
          31          55  0.98728422381760905     
          32          56  0.98540252871528489     
          37          57  0.98519498205934952     
          38          58  0.98713924693189437     
          40          59  0.99760446179499285     
          41          60  0.99205732210744502     
          62          63   1.3936079797438690     
          63          64   1.2039922448381373     
          64          65   1.6368523185997279     
          65          66   1.2089013569409324     
          61          67  0.87343149849316126     
          63          67   1.2216980264827044     
          66          67   1.2279440144144880     
          66          68   1.3611423568453698     
          68          69   1.0537674232032164     
          69          70   1.4157867236174555     
          70          71   1.4649586142985926     
          71          72   1.4052498298065386     
          72          73   1.0051673711341100     
          73          74   1.5671429484105273     
          73          75   1.5679204425464808     
          74          75  0.38148213007704784     
          72          76   1.4048411652436303     
          69          77   1.4149331578064226     
          76          77   1.4656165261569178     
          68          78   1.3671869218216328     
          78          79   1.2154239593285567     
          79          80   1.6235315487648614     
          61          81  0.86445500269021258     
          78          81   1.2174274950327435     
          80          82   1.2265673978231177     
          81          82   1.2454570970728678     
          82          83   1.3022014219533127     
          83          84   1.3009626495311188     
          84          85   1.2267294691501114     
          85          86   1.6236746125602644     
          86          87   1.2150230982465196     
          61          88  0.86456764492684135     
          84          88   1.2469335035884916     
          87          88   1.2158637533596144     
          87          89   1.3689497635430670     
          89          90   1.0536298259747567     
          90          91   1.4149105554870329     
          91          92   1.4656867791919239     
          92          93   1.4047854302177736     
          93          94   1.0054520226033223     
          94          95   1.5672235954372722     
          94          96   1.5674964008036825     
          95          96  0.38142661173977355     
          93          97   1.4051720615747312     
          90          98   1.4158965647406685     
          97          98   1.4649030630561335     
          89          99   1.3594722448009142     
          99         100   1.2091953256214787     
         100         101   1.6367192865333291     
          62         102   1.3948601119421991     
         101         102   1.2037813525324044     
          61         103  0.87337037150954933     
          99         103   1.2294087117300947     
         102         103   1.2203220811561879     
          62         104  0.99519272936210290     
          64         105  0.99206995412082344     
          65         106  0.99753243175360906     
          70         107  0.98714792471753632     
          71         108  0.98520462717675683     
          76         109  0.98539145341719780     
          77         110  0.98742718500119409     
          79         111  0.99678615214184429     
          80         112  0.99728002672045968     
          85         113  0.99724019437390943     
          86         114  0.99676154371538628     
          91         115  0.98737219428591005     
          92         116  0.98540598088422104     
          97         117  0.98518826340964749     
          98         118  0.98718517276961215     
         100         119  0.99756849452201357     
         101         120  0.99209514246431207     
         121         122   2.3802876627789260     
         122         123   1.3539486121654727     
          23         124   1.2124327338878202     
         121         124  0.17745605741922754     
         123         124   2.4825125180849232     
         121         125   1.3551304873047509     
         122         126  0.17743464708003959     
         125         126   2.4792660224635967     
         127         128   2.3770050624805776     
         128         129   1.3578152848880003     
         127         130  0.17766639855297300     
         129         130   2.4763144685208669     
         127         131   1.3567450449962351     
          83         132   1.2153626777355644     
         128         132  0.17765323892000678     
         131         132   2.4790978916440816     
         126         134   1.2160079259837577     
         134         135   1.3002761166365506     
         135         136   1.2283714593760853     
         136         137   1.6210768901940402     
         137         138   1.2178957722160102     
         133         139  0.86499282922364562     
         135         139   1.2460727079112102     
         138         139   1.2173420605639913     
         138         140   1.3637808078118538     
         140         141   1.0529272058952204     
         141         142   1.4162759620754111     
         142         143   1.4645463713627072     
         143         144   1.4058870600866873     
         144         145   1.0042125480476030     
         145         146   1.5684993358615211     
         145         147   1.5680866606282804     
         146         147  0.38195848944339156     
         144         148   1.4057059991769942     
         141         149   1.4158647603911518     
         148         149   1.4648484881683452     
         140         150   1.3654430717635915     
         150         151   1.2177734492978041     
         151         152   1.6210633687704752     
         133         153  0.86440630390726836     
         150         153   1.2160457452271460     
         152         154   1.2285623719890626     
         153         154   1.2476505736032508     
         130         155   1.2184082040200725     
         154         155   1.2987548606609038     
         155         156   1.2991965193246966     
         156         157   1.2283986256603852     
         157         158   1.6210610166132962     
         158         159   1.2179372072328816     
         133         160  0.86459063097156741     
         156         160   1.2466977492101023     
         159         160   1.2169873861007967     
         159         161   1.3646492101610657     
         161         162   1.0517476908013941     
         162         163   1.4166008583712382     
         163         164   1.4644724086134273     
         164         165   1.4059277489450313     
         165         166   1.0041234826360164     
         166         167   1.5682597371418519     
         166         168   1.5684479274528997     
         167         168  0.38200006729474373     
         165         169   1.4059232528671890     
         162         170   1.4166025910485232     
         169         170   1.4644777040697943     
         161         171   1.3654339307542143     
         171         172   1.2174926803142734     
         172         173   1.6215113618014478     
         134         174   1.3001281910134355     
         173         174   1.2281886726652873     
         133         175  0.86446382416507972     
         171         175   1.2164462911393312     
         174         175   1.2471264692699897     
         136         176  0.99726056564062149     
         137         177  0.99716098356413008     
         142         178  0.98726780879895748     
         143         179  0.98519062146545000     
         148         180  0.98514921529413668     
         149         181  0.98723851006881980     
         151         182  0.99713541351025592     
         152         183  0.99724303294430627     
         157         184  0.99734175180006746     
         158         185  0.99718789584481293     
         163         186  0.98717203989285829     
         164         187  0.98517055929704944     
         169         188  0.98515909101606114     
         170         189  0.98720859807920147     
         172         190  0.99720694142530009     
         173         191  0.99724354516584957     
