           2           3   1.3872390062379611     
           3           4   1.2000825302286811     
           4           5   1.6426266810525885     
           5           6   1.2082945199737272     
           1           7  0.56731262511601332     
           3           7   1.2829157712127803     
           6           7   1.2798756553721353     
           6           8   1.3634619131553891     
           8           9   1.0515546273869023     
           9          10   1.4102713654528247     
          10          11   1.4648280908122118     
          11          12   1.3767691712413370     
          12          13   1.1473080653058840     
          12          14   1.3774094497913452     
           9          15   1.4106588588543632     
          14          15   1.4638357108129108     
           8          16   1.3634818107305033     
          16          17   1.2179086631632778     
          17          18   1.6239320102937336     
           1          19  0.56104657712622363     
          16          19   1.2681856460074026     
          18          20   1.2266736832388554     
          19          20   1.3100219074243356     
          20          21   1.2908167212738966     
          21          22   1.2910031224856893     
          22          23   1.2268128283299811     
          23          24   1.6237969768146805     
          24          25   1.2179974808709428     
           1          26  0.56099000633269269     
          22          26   1.3099565847374444     
          25          26   1.2681470114139450     
          25          27   1.3634136329228754     
          27          28   1.0520201140563559     
          28          29   1.4102700720850398     
          29          30   1.4648010794154056     
          30          31   1.3768206140580337     
          31          32   1.1472743505467744     
          31          33   1.3773350709735581     
          28          34   1.4102707854432059     
          33          34   1.4640524752374939     
          27          35   1.3631435212805108     
          35          36   1.2082788122258872     
          36          37   1.6425560619204898     
           2          38   1.3873004814465069     
          37          38   1.2001435334157693     
           1          39  0.56749735667489409     
          35          39   1.2800787939534550     
          38          39   1.2827461650803591     
           2          40  0.99834009236780841     
           4          41  0.99412502937001901     
           5          42  0.99993291549009800     
          10          43  0.99037729120149154     
          11          44  0.98912746608581270     
          13          45  0.97157888078836707     
          13          46  0.97193067567670421     
          14          47  0.98941844646097232     
          15          48  0.99035935078868198     
          17          49  0.99912161432731772     
          18          50  0.99938686044747349     
          23          51  0.99933578253407840     
          24          52  0.99911817630930089     
          29          53  0.99038805035866073     
          30          54  0.98914512319530612     
          32          55  0.97159748500039111     
          32          56  0.97199505989290036     
          33          57  0.98940588859192646     
          34          58  0.99038220021131040     
          36          59  0.99991365806007382     
          37          60  0.99411891196345104     
          62          63   1.3872676834577842     
          63          64   1.2000454902545346     
          64          65   1.6426769023664323     
          65          66   1.2082612898876499     
          61          67  0.56712096416585656     
          63          67   1.2829386535863974     
          66          67   1.2800138568823345     
          66          68   1.3634118658910941     
          68          69   1.0512345320957817     
          69          70   1.4104846975885779     
          70          71   1.4646966305320928     
          71          72   1.3768533331161068     
          72          73   1.1472830551465396     
          72          74   1.3774305674467811     
          69          75   1.4107111618614723     
          74          75   1.4638180062615407     
          68          76   1.3638179492554021     
          76          77   1.2176704786520818     
          77          78   1.6243828123430675     
          61          79  0.56128135695204362     
          76          79   1.2681609652217203     
          78          80   1.2263073940198135     
          79          80   1.3097690938967570     
          80          81   1.2915586083183352     
          81          82   1.2915850321197120     
          82          83   1.2264606552560096     
          83          84   1.6241701215973954     
          84          85   1.2177974364015911     
          61          86  0.56084191160733976     
          82          86   1.3099177704302654     
          85          86   1.2681443502228846     
          85          87   1.3636375520737027     
          87          88   1.0521178097958215     
          88          89   1.4103151954066684     
          89          90   1.4647459541775631     
          90          91   1.3768316261527580     
          91          92   1.1473694136820765     
          91          93   1.3772393145956914     
          88          94   1.4100940599921172     
          93          94   1.4641859965124839     
          87          95   1.3629169252649425     
          95          96   1.2083110224392208     
          96          97   1.6425364200676160     
          62          98   1.3873601137956586     
          97          98   1.2001568336427813     
          61          99  0.56759681171477494     
          95          99   1.2802050393622695     
          98          99   1.2826946162240556     
          62         100  0.99833616623870469     
          64         101  0.99411609738317464     
          65         102  0.99993486716897828     
          70         103  0.99037143260078131     
          71         104  0.98914601674872571     
          73         105  0.97159234906161740     
          73         106  0.97193636300652297     
          74         107  0.98939643807284683     
          75         108  0.99034130109498619     
          77         109  0.99911280110129197     
          78         110  0.99937583981829625     
          83         111  0.99929636128917609     
          84         112  0.99908991241009371     
          89         113  0.99039484454082372     
          90         114  0.98914981240794664     
          92         115  0.97157777245916599     
          92         116  0.97196316664764015     
          93         117  0.98939511732413310     
          94         118  0.99037956012089690     
          96         119  0.99989770656825150     
          97         120  0.99410180665958281     
         121         122   2.3670073408739913     
         122         123   1.3614048931808189     
          21         124   1.2283028062999004     
         121         124  0.16888170799113247     
         123         124   2.4658351996834722     
         121         125   1.3628137869182879     
         122         126  0.16881644698156065     
         125         126   2.4629227216152696     
         127         128   2.3641499903222747     
         128         129   1.3643944631706719     
         127         130  0.16851650430464088     
         129         130   2.4612602934010446     
         127         131   1.3643648188353887     
         128         132  0.16852190210083423     
         131         132   2.4613174714396435     
         133         134   2.3684475337488045     
         134         135   1.3615845314383812     
         133         136  0.16886245756526147     
         135         136   2.4642950409289819     
         133         137   1.3601581577404107     
          81         138   1.2269930142501848     
         134         138  0.16893803638322286     
         137         138   2.4672569402967364     
         126         140   1.2311588429846689     
         140         141   1.2870207815452759     
         141         142   1.2283083193868709     
         142         143   1.6214290558470676     
         143         144   1.2204920133174626     
         139         145  0.56201225300235991     
         141         145   1.3118042114538608     
         144         145   1.2642767407885871     
         144         146   1.3646822455488132     
         146         147   1.0516467750098952     
         147         148   1.4110233050814378     
         148         149   1.4642954243890409     
         149         150   1.3769802867357499     
         150         151   1.1470603903839600     
         150         152   1.3772078424804171     
         147         153   1.4104305626310571     
         152         153   1.4643543981821974     
         146         154   1.3638319238586147     
         154         155   1.2204691566159895     
         155         156   1.6215487977790384     
         139         157  0.56251334761371874     
         154         157   1.2647685566730325     
         156         158   1.2284855107266137     
         157         158   1.3118588499247303     
         130         159   1.2324808924385067     
         158         159   1.2870233305285823     
         159         160   1.2869300625891351     
         160         161   1.2286044678949382     
         161         162   1.6213739707997556     
         162         163   1.2205860186535089     
         139         164  0.56276240319326321     
         160         164   1.3117660132888176     
         163         164   1.2647930085163044     
         163         165   1.3636802475264496     
         165         166   1.0519447773895525     
         166         167   1.4109606849955443     
         167         168   1.4643309591362186     
         168         169   1.3769414536854898     
         169         170   1.1471638310713590     
         169         171   1.3770501068970014     
         166         172   1.4101734196155051     
         171         172   1.4645416732659664     
         165         173   1.3646204244570070     
         173         174   1.2205067166970200     
         174         175   1.6213857638770157     
         140         176   1.2868681026534077     
         175         176   1.2283223271102386     
         139         177  0.56160038864559847     
         173         177   1.2643239970448814     
         176         177   1.3119599191583193     
         142         178  0.99973434971903730     
         143         179  0.99979097884696322     
         148         180  0.99057979391294948     
         149         181  0.98933282799315625     
         151         182  0.97184950809378901     
         151         183  0.97192907457792177     
         152         184  0.98934130829760214     
         153         185  0.99036690273766692     
         155         186  0.99957913644758956     
         156         187  0.99955655760093165     
         161         188  0.99956463203038659     
         162         189  0.99956943559195444     
         167         190  0.99057345570342537     
         168         191  0.98932782031964861     
         170         192  0.97190390315068254     
         170         193  0.97179543898882337     
         171         194  0.98932248807116541     
         172         195  0.99037723028704983     
         174         196  0.99979287220483426     
         175         197  0.99975547651649876     
         132         199   1.2324029086169475     
         199         200   1.2870208952635425     
         200         201   1.2284688470713612     
         201         202   1.6215921477461110     
         202         203   1.2205100344582152     
         198         204  0.56287731094181792     
         200         204   1.3118761405838346     
         203         204   1.2645841106191495     
         203         205   1.3639919769396616     
         205         206   1.0517336895756315     
         206         207   1.4107688398022988     
         207         208   1.4640889419235867     
         208         209   1.3774737082481754     
         209         210   1.1468841447444551     
         209         211   1.3769472965734213     
         206         212   1.4106610784156954     
         211         212   1.4645254401161680     
         205         213   1.3645083612616429     
         213         214   1.2202739126126261     
         214         215   1.6216727728327998     
         198         216  0.56161760208291434     
         213         216   1.2646810820579717     
         215         217   1.2280797474984473     
         216         217   1.3115486882195149     
         136         218   1.2299503122186419     
         217         218   1.2875588425874558     
         218         219   1.2876343607604921     
         219         220   1.2281669473411059     
         220         221   1.6215458711058757     
         221         222   1.2203603005439414     
         198         223  0.56185351235290926     
         219         223   1.3113928918099493     
         222         223   1.2647171242299389     
         222         224   1.3644031323145283     
         224         225   1.0517829681363453     
         225         226   1.4107074274346563     
         226         227   1.4641350850590373     
         227         228   1.3774330825231271     
         228         229   1.1469605695913023     
         228         230   1.3768574849928332     
         225         231   1.4106208716968214     
         230         231   1.4645697369142860     
         224         232   1.3639998465206442     
         232         233   1.2204477069638262     
         233         234   1.6216397155718052     
         199         235   1.2870560887320885     
         234         235   1.2284265209832850     
         198         236  0.56261926769676784     
         232         236   1.2646519478998337     
         235         236   1.3119242457408593     
         201         237  0.99955245623232414     
         202         238  0.99953771450279294     
         207         239  0.99036520729814681     
         208         240  0.98937279330397410     
         210         241  0.97205402142018682     
         210         242  0.97193849010874611     
         211         243  0.98929315895047598     
         212         244  0.99057217794045016     
         214         245  0.99981160396935109     
         215         246  0.99974945324893694     
         220         247  0.99971523244330973     
         221         248  0.99980759900807548     
         226         249  0.99035666310840154     
         227         250  0.98936105825053289     
         229         251  0.97191279804225128     
         229         252  0.97203986998545444     
         230         253  0.98930068756590150     
         231         254  0.99058644184796329     
         233         255  0.99954650475725570     
         234         256  0.99954323039108828     
