           2           3   1.3889317251113558     
           3           4   1.2040342414143697     
           4           5   1.6363240736650146     
           5           6   1.2121834598974399     
           1           7  0.71443736440023298     
           3           7   1.2537965020124588     
           6           7   1.2477397750585464     
           6           8   1.3667644052416614     
           8           9   1.0519100258806269     
           9          10   1.4100346095342704     
          10          11   1.4652029340651513     
          11          12   1.3764360568562453     
          12          13   1.1475041438907159     
          12          14   1.3769127112252824     
           9          15   1.4100764225784077     
          14          15   1.4643479867039917     
           8          16   1.3637246911687411     
          16          17   1.2220218869464852     
          17          18   1.6172360576188538     
           1          19  0.71463776494184694     
          16          19   1.2398670254405368     
          18          20   1.2308377367312955     
          19          20   1.2770385452304605     
          20          21   1.2964782461044257     
          21          22   1.2962259806804093     
          22          23   1.2311370126741341     
          23          24   1.6169687643781803     
          24          25   1.2220442476066349     
           1          26  0.71437228693827004     
          22          26   1.2774159489652961     
          25          26   1.2394865362974665     
          25          27   1.3640062514003637     
          27          28   1.0518872000377157     
          28          29   1.4100938003698469     
          29          30   1.4651133498674427     
          30          31   1.3764499607235832     
          31          32   1.1474877567415009     
          31          33   1.3768494152846369     
          28          34   1.4100370594306144     
          33          34   1.4644191258401864     
          27          35   1.3664322187120097     
          35          36   1.2121292854034689     
          36          37   1.6364049417164162     
           2          38   1.3894286445492388     
          37          38   1.2039048452264538     
           1          39  0.71458128213251826     
          35          39   1.2480876616015582     
          38          39   1.2533686833559516     
           2          40  0.99658142297200958     
           4          41  0.99371369560131151     
           5          42  0.99941250946676718     
          10          43  0.99012206589217766     
          11          44  0.98920995532092348     
          13          45  0.97142515978831767     
          13          46  0.97181448034270379     
          14          47  0.98953613391507977     
          15          48  0.99033643141011440     
          17          49  0.99849892241721461     
          18          50  0.99892610353232492     
          23          51  0.99876125105913405     
          24          52  0.99852538026674276     
          29          53  0.99014107636156434     
          30          54  0.98919945236090734     
          32          55  0.97138907754803938     
          32          56  0.97180299250543534     
          33          57  0.98955787201151613     
          34          58  0.99032972138836994     
          36          59  0.99941299466518396     
          37          60  0.99371746967472618     
          62          63   1.3892697783304810     
          63          64   1.2039067582771761     
          64          65   1.6365101259485952     
          65          66   1.2120767588323464     
          61          67  0.71409902411661774     
          63          67   1.2537850422312840     
          66          67   1.2483621755865875     
          66          68   1.3665166381624847     
          68          69   1.0513867690449157     
          69          70   1.4103103031133206     
          70          71   1.4650058362765559     
          71          72   1.3765631849703657     
          72          73   1.1475344033725252     
          72          74   1.3769239694370385     
          69          75   1.4101540623642876     
          74          75   1.4643494223419717     
          68          76   1.3645751517181675     
          76          77   1.2210562124466990     
          77          78   1.6188240726355967     
          61          79  0.71430418988657396     
          76          79   1.2401785797212665     
          78          80   1.2295872158095227     
          79          80   1.2763545555130789     
          80          81   1.2993932617744186     
          81          82   1.2991852670785291     
          82          83   1.2298536315447448     
          83          84   1.6185697901902851     
          84          85   1.2211365314727634     
          61          86  0.71428792939005803     
          82          86   1.2766311834427511     
          85          86   1.2399278504638591     
          85          87   1.3646503861561190     
          87          88   1.0516482138215224     
          88          89   1.4101613974763174     
          89          90   1.4650791814857789     
          90          91   1.3764362162885042     
          91          92   1.1476739400961082     
          91          93   1.3768201478691706     
          88          94   1.4100541093395300     
          93          94   1.4644320766388872     
          87          95   1.3662165450202148     
          95          96   1.2120305717667332     
          96          97   1.6365549923110156     
          62          98   1.3895682858551117     
          97          98   1.2038378567522507     
          61          99  0.71417708191551976     
          95          99   1.2486008827227921     
          98          99   1.2535129063224251     
          62         100  0.99656516546340135     
          64         101  0.99365208872105637     
          65         102  0.99937199252937425     
          70         103  0.99011279417225773     
          71         104  0.98921808627000185     
          73         105  0.97144320356486336     
          73         106  0.97179883122204225     
          74         107  0.98949800275321254     
          75         108  0.99028527054497451     
          77         109  0.99843157669605687     
          78         110  0.99868621864576868     
          83         111  0.99853717767914119     
          84         112  0.99843954795863277     
          89         113  0.99013899211321754     
          90         114  0.98919580175266753     
          92         115  0.97133531155900499     
          92         116  0.97175819792600604     
          93         117  0.98953008162342504     
          94         118  0.99029495909014920     
          96         119  0.99935038657654829     
          97         120  0.99365137442327700     
          21         122   1.2210027307863338     
         121         122   2.4986882765741392     
         121         123   1.3296591489095198     
         122         124  0.17909780955415017     
         123         124   2.4971671261960076     
         125         126   2.4961822417663071     
         125         127   1.3306628988269897     
         126         128  0.17877038427287295     
         127         128   2.4964513470041263     
         129         130   2.5029785461053438     
         129         131   1.3240180965830335     
          81         132   1.2150022550794024     
         130         132  0.17898995802617515     
         131         132   2.5046230657508302     
         124         134   1.2231806040479603     
         134         135   1.2935062034636238     
         135         136   1.2305018871377025     
         136         137   1.6178755394581357     
         137         138   1.2229394139806065     
         133         139  0.71214698949660249     
         135         139   1.2807518103709365     
         138         139   1.2353143193764329     
         138         140   1.3688811329128578     
         140         141   1.0431720576246666     
         141         142   1.4150873463401452     
         142         143   1.4619902694650539     
         143         144   1.3784254375761100     
         144         145   1.1449866526540027     
         144         146   1.3785590761735720     
         141         147   1.4142405804790179     
         146         147   1.4622832155066416     
         140         148   1.3691180314162417     
         148         149   1.2224250273855850     
         149         150   1.6183277160130509     
         133         151  0.71349303348079052     
         148         151   1.2350348091479721     
         150         152   1.2307327602707436     
         151         152   1.2810968218792218     
         126         153   1.2235209825674223     
         152         153   1.2935419459447977     
         153         154   1.2929623018878695     
         154         155   1.2320393053059737     
         155         156   1.6154474510657937     
         156         157   1.2242932805925564     
         133         158  0.71266192304592346     
         154         158   1.2798815338715910     
         157         158   1.2369071131766916     
         157         159   1.3642930708610450     
         159         160   1.0543500205145067     
         160         161   1.4095384309145240     
         161         162   1.4652686537053072     
         162         163   1.3762975170303375     
         163         164   1.1473451364300906     
         163         165   1.3765787623213588     
         160         166   1.4089858343888007     
         165         166   1.4653931991526685     
         159         167   1.3660592690509987     
         167         168   1.2240795711384824     
         168         169   1.6152693820521131     
         134         170   1.2919167546848824     
         169         170   1.2320455588677002     
         133         171  0.71177143145780741     
         167         171   1.2354656893662357     
         170         171   1.2811236762087905     
         136         172  0.99942177711399260     
         137         173  0.99956040823320180     
         142         174  0.99024808785161222     
         143         175  0.98964809833021350     
         145         176  0.97237748855596218     
         145         177  0.97239138737470954     
         146         178  0.98965399758766492     
         147         179  0.99001991924192745     
         149         180  0.99939216740703063     
         150         181  0.99913518012732616     
         155         182  0.99909902189283573     
         156         183  0.99900131173730944     
         161         184  0.99052324468936115     
         162         185  0.98943931851553901     
         164         186  0.97182836063983236     
         164         187  0.97182095945866853     
         165         188  0.98941917853548245     
         166         189  0.99025195263073418     
         168         190  0.99921747701345898     
         169         191  0.99929629184709667     
         128         193   1.2230766979473213     
         193         194   1.2945808288314431     
         194         195   1.2302963485383367     
         195         196   1.6185205346164011     
         196         197   1.2227948306146648     
         192         198  0.71270366306260780     
         194         198   1.2805533295841769     
         197         198   1.2362233481399993     
         197         199   1.3681208188928171     
         199         200   1.0432929236386992     
         200         201   1.4148480020212688     
         201         202   1.4618149508989706     
         202         203   1.3787852287992766     
         203         204   1.1451597792117731     
         203         205   1.3780925744784138     
         200         206   1.4143072323892296     
         205         206   1.4625650302018289     
         199         207   1.3699731662954073     
         207         208   1.2216713780545612     
         208         209   1.6191110000642643     
         192         210  0.71210230282554332     
         207         210   1.2354588297076747     
         209         211   1.2297354061979620     
         210         211   1.2803466979685496     
         130         212   1.2172747842299112     
         211         212   1.2960550585724588     
         212         213   1.2953397194226304     
         213         214   1.2308712114762657     
         214         215   1.6164425891227339     
         215         216   1.2235788227659123     
         192         217  0.71150965954130407     
         213         217   1.2791700321389166     
         216         217   1.2372044078025854     
         216         218   1.3653202723816387     
         218         219   1.0534148757970425     
         219         220   1.4095092222653542     
         220         221   1.4650450881060122     
         221         222   1.3767825421941102     
         222         223   1.1471624743826239     
         222         224   1.3764740778735733     
         219         225   1.4097982523029997     
         224         225   1.4651570456886389     
         218         226   1.3658400685906966     
         226         227   1.2236691880783412     
         227         228   1.6161258572836577     
         193         229   1.2928014015117724     
         228         229   1.2317965204188104     
         192         230  0.71225371185987807     
         226         230   1.2362592765227864     
         229         230   1.2810484218236211     
         195         231  0.99911694519220406     
         196         232  0.99920816968928328     
         201         233  0.99006691409239422     
         202         234  0.98967795066722497     
         204         235  0.97238831996533803     
         204         236  0.97227326154847848     
         205         237  0.98957176969374183     
         206         238  0.99017926249786892     
         208         239  0.99961887203582067     
         209         240  0.99921569007729116     
         214         241  0.99915260104609371     
         215         242  0.99921862816232321     
         220         243  0.99026014720431232     
         221         244  0.98939883536155948     
         223         245  0.97182533682294303     
         223         246  0.97190052659069037     
         224         247  0.98945568910512149     
         225         248  0.99047077835096875     
         227         249  0.99892618061906535     
         228         250  0.99904248037225085     
