    0.27106042
   -0.02590050
    0.05883130
   -0.03849534
   -0.03554974
    0.05838554
   -0.21117918
    0.00833731
    0.01243647
   -0.00791630
    0.00662760
    0.23375109
   -0.28123361
   -0.32966964
   -0.01724712
   -0.02294825
   -0.01313024
    0.05724322
   -0.03738954
   -0.03682678
   -0.20781608
    0.06239617
    0.01479597
    0.06252829
   -0.03660959
   -0.03718760
    0.05694722
   -0.20802768
    0.00787814
    0.01161909
   -0.01267452
   -0.02176126
   -0.01502571
    0.00637525
    0.23355401
   -0.27881758
   -0.33270440
   -0.01036909
    0.05782570
   -0.03654730
   -0.03917216
    0.05848141
   -0.21128221
    0.02225416
    0.02842485
    0.02130183
    0.03397454
    0.24096335
    0.04435627
    0.03579189
    0.02549855
    0.02038458
    0.02437073
    0.02503951
    0.02097000
    0.02631910
    0.03698152
    0.04335800
    0.24021641
    0.03450457
    0.02158681
    0.02825932
    0.26999603
   -0.02614468
    0.05892879
   -0.03860436
   -0.03566892
    0.05831777
   -0.21148065
    0.00836077
    0.01253461
   -0.00783714
    0.00665929
    0.23375289
   -0.28128657
   -0.32957774
   -0.01735021
   -0.02307251
   -0.01335406
    0.05725930
   -0.03761343
   -0.03705309
   -0.20797321
    0.06227535
    0.01441782
    0.06262794
   -0.03696740
   -0.03750833
    0.05681030
   -0.20821616
    0.00796316
    0.01176994
   -0.01281344
   -0.02184738
   -0.01506961
    0.00643518
    0.23358321
   -0.27865833
   -0.33266421
   -0.01049553
    0.05776475
   -0.03679343
   -0.03937008
    0.05850564
   -0.21148205
    0.02182185
    0.02843215
    0.02141734
    0.03404606
    0.24094231
    0.04423785
    0.03547929
    0.02524942
    0.02045213
    0.02410837
    0.02455098
    0.02080475
    0.02597643
    0.03669444
    0.04343452
    0.24043502
    0.03459196
    0.02166289
    0.02803054
   -0.02471613
   -0.02697016
   -0.02843239
   -0.02292716
   -0.02885580
   -0.02347222
   -0.02527187
   -0.02718189
    0.26853029
    0.01025028
    0.06286760
   -0.03823383
   -0.03656412
    0.05549478
   -0.20909504
    0.01049427
    0.01315845
   -0.00696014
    0.00684942
    0.23393223
   -0.28169279
   -0.32866977
   -0.01761540
   -0.02353878
   -0.01350529
    0.05541908
   -0.03802518
   -0.03937558
   -0.20872690
    0.06194106
    0.00998155
    0.06235350
   -0.03902516
   -0.03760328
    0.05480505
   -0.20937814
    0.00986295
    0.01225500
   -0.01348902
   -0.02268671
   -0.01545303
    0.00669353
    0.23380359
   -0.27764508
   -0.33325451
   -0.00911188
    0.05514527
   -0.03805698
   -0.03925090
    0.06203547
   -0.20892998
    0.02250123
    0.02010449
    0.03464826
    0.24055366
    0.04328765
    0.03406353
    0.02414414
    0.01845772
    0.02097554
    0.02227282
    0.02011712
    0.02408339
    0.03462708
    0.04230683
    0.24048424
    0.03554993
    0.01886379
    0.02122098
