   -0.02419481
    0.06125001
   -0.03657783
   -0.03292102
    0.06278547
   -0.15992575
    0.00986325
    0.00351633
   -0.03820903
    0.03037546
   -0.23847026
    0.03708994
   -0.05922436
    0.05962226
   -0.03676566
   -0.03833549
   -0.28616568
    0.06414361
    0.01670568
    0.06633293
   -0.03358051
   -0.03184052
    0.06219878
   -0.15741872
    0.00962774
    0.00295983
   -0.03669815
    0.03035739
   -0.23892857
    0.03665417
   -0.05987223
    0.06024906
   -0.03791481
   -0.04139653
    0.05817770
   -0.28863224
    0.02580691
    0.03668918
    0.02783657
    0.16280041
    0.02182545
    0.02669502
    0.02015825
    0.16900870
    0.04211987
    0.01434704
    0.01895896
    0.02315119
    0.03311651
    0.02838493
    0.16139656
    0.02167091
    0.02734166
    0.02005504
    0.16878427
    0.04192630
    0.01480334
    0.01828116
    0.02666010
   -0.02413234
    0.06126552
   -0.03654520
   -0.03291779
    0.06281769
   -0.15993276
    0.00984254
    0.00351165
   -0.03825278
    0.03039105
   -0.23848599
    0.03711952
   -0.05929924
    0.05969218
   -0.03671513
   -0.03828509
   -0.28612979
    0.06415200
    0.01674520
    0.06636353
   -0.03357355
   -0.03183113
    0.06220443
   -0.15744261
    0.00965359
    0.00296473
   -0.03661253
    0.03036412
   -0.23890929
    0.03665350
   -0.05986491
    0.06028876
   -0.03789415
   -0.04138397
    0.05818706
   -0.28856662
    0.02585853
    0.03674007
    0.02789352
    0.16282129
    0.02179045
    0.02669665
    0.02012343
    0.16905996
    0.04215842
    0.01439734
    0.01897462
    0.02318155
    0.03315902
    0.02842912
    0.16141225
    0.02170918
    0.02739609
    0.02011488
    0.16881570
    0.04194557
    0.01475838
    0.01828406
    0.02668625
   -0.01596769
   -0.01970292
   -0.02061400
   -0.01898522
   -0.02426609
   -0.01551431
   -0.01874738
   -0.02049464
   -0.02286123
   -0.01975970
   -0.02454681
   -0.01803594
   -0.01981132
   -0.01980566
   -0.02392982
   -0.01900160
   -0.02392596
   -0.01900921
   -0.02052267
   -0.01870555
   -0.02458103
   -0.01800616
   -0.02281232
   -0.01979534
   -0.01963985
   -0.01587988
   -0.02422295
   -0.01544554
   -0.02055012
   -0.01892197
    0.01200653
    0.06555728
   -0.03670939
   -0.03350763
    0.06017556
   -0.15778280
    0.01242443
    0.00506991
   -0.03725507
    0.03063676
   -0.23965501
    0.03681349
   -0.05855384
    0.05756919
   -0.03812507
   -0.04018227
   -0.28568076
    0.06325642
    0.01489364
    0.06566456
   -0.03578343
   -0.03364015
    0.06044849
   -0.15695491
    0.01187846
    0.00494431
   -0.03720062
    0.03071489
   -0.23943513
    0.03672557
   -0.05884225
    0.05793873
   -0.03790146
   -0.04061313
    0.06304797
   -0.28686576
    0.03023373
    0.02588443
    0.16135999
    0.02315611
    0.02677020
    0.02022922
    0.16807671
    0.04101212
    0.01456746
    0.01674201
    0.02133594
    0.03175321
    0.02627243
    0.16122917
    0.02347812
    0.02640052
    0.02082149
    0.16812379
    0.04068011
    0.01405905
    0.01651888
    0.02024429
    0.01271224
    0.06544711
   -0.03690963
   -0.03395991
    0.05962806
   -0.15735370
    0.01249712
    0.00516180
   -0.03726198
    0.03069669
   -0.23965241
    0.03669585
   -0.05848559
    0.05707603
   -0.03832304
   -0.04069709
   -0.28618269
    0.06308106
    0.01350367
    0.06547964
   -0.03654863
   -0.03391080
    0.05976366
   -0.15724242
    0.01237147
    0.00513079
   -0.03724717
    0.03070270
   -0.23960776
    0.03662536
   -0.05851817
    0.05707907
   -0.03834668
   -0.04094439
    0.06299625
   -0.28641894
    0.03040873
    0.02544717
    0.16108127
    0.02313357
    0.02633316
    0.02015528
    0.16775612
    0.04059446
    0.01432476
    0.01613042
    0.02050992
    0.03083991
    0.02561478
    0.16104453
    0.02321221
    0.02618273
    0.02036276
    0.16770853
    0.04049117
    0.01419414
    0.01596666
    0.02008917
    0.01351296
    0.06547557
   -0.03656514
   -0.03391511
    0.05975297
   -0.15720538
    0.01240731
    0.00513283
   -0.03728861
    0.03068696
   -0.23954641
    0.03665999
   -0.05850393
    0.05705354
   -0.03836063
   -0.04095882
   -0.28645356
    0.06301292
    0.01266470
    0.06547843
   -0.03689172
   -0.03395261
    0.05962845
   -0.15740432
    0.01250207
    0.00517819
   -0.03727729
    0.03061462
   -0.23974784
    0.03657692
   -0.05829874
    0.05708788
   -0.03832342
   -0.04069975
    0.06305016
   -0.28616035
    0.03082735
    0.02560661
    0.16106222
    0.02320448
    0.02616299
    0.02034396
    0.16772692
    0.04049828
    0.01424364
    0.01597808
    0.02008612
    0.03041364
    0.02546108
    0.16107556
    0.02314603
    0.02633336
    0.02014053
    0.16753295
    0.04054359
    0.01435809
    0.01611876
    0.02050235
    0.01495009
    0.06567119
   -0.03575098
   -0.03362130
    0.06049257
   -0.15693633
    0.01189479
    0.00494611
   -0.03732467
    0.03066147
   -0.23937860
    0.03671048
   -0.05873634
    0.05796645
   -0.03787187
   -0.04057882
   -0.28687432
    0.06307589
    0.01198939
    0.06557346
   -0.03669618
   -0.03347620
    0.06019829
   -0.15779301
    0.01244885
    0.00508192
   -0.03729128
    0.03059001
   -0.23965349
    0.03676391
   -0.05844023
    0.05759018
   -0.03811584
   -0.04016313
    0.06326135
   -0.28565017
    0.03176740
    0.02631581
    0.16124178
    0.02344686
    0.02633315
    0.02080257
    0.16804535
    0.04071228
    0.01415993
    0.01654321
    0.02028803
    0.03024011
    0.02591332
    0.16136938
    0.02315445
    0.02676383
    0.02022194
    0.16796566
    0.04101083
    0.01463001
    0.01676444
    0.02138518
