    0.36427613
   -0.02478290
    0.05456025
   -0.03949881
   -0.03838991
    0.05774481
   -0.23885345
    0.00256883
    0.05737100
   -0.03756076
   -0.03577782
   -0.23712740
    0.05963921
    0.01652203
    0.05956986
   -0.03595027
   -0.03776767
    0.05731843
    0.00238983
    0.01502106
   -0.01845286
   -0.01365849
    0.00359200
    0.23164025
   -0.28227443
   -0.33434688
   -0.01545375
   -0.01896973
    0.05766042
   -0.03850305
   -0.03957339
    0.05451180
   -0.23882229
   -0.23724613
    0.01506502
   -0.01843222
   -0.01355076
    0.00371561
    0.23176442
   -0.28221189
   -0.33408365
   -0.01534833
   -0.01889641
    0.02411830
    0.02955882
    0.02251492
    0.02378267
    0.02422171
    0.02394140
    0.02345252
    0.02779471
    0.04186053
    0.23994783
    0.04349600
    0.02779360
    0.02233597
    0.02950620
    0.02788674
    0.04198818
    0.24004591
    0.04368399
    0.02790410
    0.36412087
   -0.02561703
    0.05474943
   -0.03978726
   -0.03840528
    0.05725472
   -0.23895611
    0.00300467
    0.05685585
   -0.03777008
   -0.03618088
   -0.23729431
    0.05976359
    0.01566083
    0.05972061
   -0.03610343
   -0.03762096
    0.05688815
    0.00305238
    0.01513325
   -0.01838637
   -0.01357405
    0.00377340
    0.23178531
   -0.28202328
   -0.33422924
   -0.01529353
   -0.01877864
    0.05736446
   -0.03826861
   -0.03970494
    0.05479545
   -0.23899279
   -0.23715160
    0.01521928
   -0.01839250
   -0.01360637
    0.00370411
    0.23171873
   -0.28211874
   -0.33430867
   -0.01533506
   -0.01880374
    0.02378202
    0.02934960
    0.02230058
    0.02330935
    0.02370936
    0.02404978
    0.02364019
    0.02781732
    0.04193822
    0.24010434
    0.04374962
    0.02796948
    0.02239532
    0.02942048
    0.02777338
    0.04187128
    0.24003022
    0.04367810
    0.02810508
   -0.02484374
   -0.02262231
   -0.02337299
   -0.02511581
    0.36483939
    0.01193945
    0.06102416
   -0.03703884
   -0.03656794
    0.05574384
   -0.23689034
    0.00737383
    0.05556208
   -0.03689701
   -0.03717865
   -0.23679754
    0.06090431
    0.01213699
    0.06081208
   -0.03730417
   -0.03702990
    0.05547943
    0.00701953
    0.01608101
   -0.01734832
   -0.01287391
    0.00440187
    0.23223646
   -0.28196596
   -0.33333993
   -0.01504098
   -0.01830181
    0.05551432
   -0.03718010
   -0.03747464
    0.06081984
   -0.23702885
   -0.23693461
    0.01598760
   -0.01728171
   -0.01270222
    0.00459960
    0.23236469
   -0.28175495
   -0.33308130
   -0.01492343
   -0.01824154
    0.02323870
    0.02346412
    0.02318213
    0.02309000
    0.02300360
    0.02299664
    0.02916217
    0.04290182
    0.24011382
    0.04375136
    0.02847135
    0.02271968
    0.02273399
    0.02943921
    0.04322359
    0.24027215
    0.04395855
    0.02845881
