    0.36978962
   -0.02258271
    0.05837593
   -0.03639915
   -0.03454806
    0.05916526
   -0.23596092
    0.00928285
    0.05808713
   -0.03451302
   -0.03483623
   -0.23386636
    0.06353090
    0.01714831
    0.06343811
   -0.03492969
   -0.03462807
    0.05804936
    0.00917162
    0.01498377
   -0.01778965
   -0.01231170
    0.00592230
    0.23308320
   -0.28047808
   -0.33096806
   -0.01420576
   -0.01834451
    0.05915397
   -0.03458652
   -0.03640560
    0.05835953
   -0.23599764
   -0.23391884
    0.01497796
   -0.01779068
   -0.01227168
    0.00598240
    0.23314070
   -0.28037797
   -0.33090167
   -0.01414875
   -0.01834549
    0.02912741
    0.03491729
    0.02730597
    0.02793745
    0.03150751
    0.03132515
    0.02774510
    0.03027887
    0.04534603
    0.24291718
    0.04670936
    0.03010092
    0.02723884
    0.03490620
    0.03030656
    0.04540333
    0.24301417
    0.04679906
    0.03013467
    0.36977712
   -0.02259924
    0.05836382
   -0.03641716
   -0.03458933
    0.05912432
   -0.23599607
    0.00921552
    0.05803335
   -0.03461793
   -0.03490724
   -0.23389432
    0.06349595
    0.01716747
    0.06345548
   -0.03486735
   -0.03455156
    0.05807797
    0.00924285
    0.01495658
   -0.01781061
   -0.01230882
    0.00596677
    0.23311816
   -0.28037353
   -0.33095157
   -0.01415377
   -0.01831490
    0.05917789
   -0.03453709
   -0.03639678
    0.05836825
   -0.23598511
   -0.23387300
    0.01500586
   -0.01780957
   -0.01231496
    0.00593033
    0.23308032
   -0.28042064
   -0.33100761
   -0.01416634
   -0.01833000
    0.02911325
    0.03488880
    0.02724678
    0.02777174
    0.03137814
    0.03144316
    0.02787008
    0.03022800
    0.04534653
    0.24300046
    0.04682295
    0.03017574
    0.02729405
    0.03491501
    0.03026124
    0.04532342
    0.24294309
    0.04676412
    0.03016747
   -0.01760466
   -0.01839316
   -0.01530601
   -0.01344882
   -0.01666990
   -0.01185546
   -0.02147857
   -0.01413994
   -0.01779906
   -0.02100004
   -0.01563037
   -0.01677189
   -0.01681339
   -0.01559039
   -0.02104573
   -0.01776155
   -0.01418406
   -0.02151715
   -0.01190094
   -0.01672619
   -0.01348258
   -0.01537418
   -0.01840735
   -0.01766925
    0.36978399
    0.01295305
    0.06305384
   -0.03694668
   -0.03493454
    0.05611056
   -0.23481349
    0.01099722
    0.05598096
   -0.03546062
   -0.03663608
   -0.23407296
    0.06294288
    0.01478969
    0.06293794
   -0.03656975
   -0.03536761
    0.05599945
    0.01088714
    0.01570056
   -0.01707722
   -0.01209255
    0.00572097
    0.23299560
   -0.28097721
   -0.33112815
   -0.01444746
   -0.01821997
    0.05598993
   -0.03526598
   -0.03715893
    0.06300528
   -0.23482624
   -0.23413962
    0.01566480
   -0.01721061
   -0.01215292
    0.00580686
    0.23306377
   -0.28069449
   -0.33122376
   -0.01427361
   -0.01807697
    0.02880940
    0.02616830
    0.02603485
    0.02941002
    0.02942642
    0.02610041
    0.03067943
    0.04520669
    0.24205718
    0.04561048
    0.02945174
    0.02573890
    0.02853933
    0.03043560
    0.04503797
    0.24226167
    0.04595268
    0.02970556
    0.36977571
    0.01471989
    0.06295535
   -0.03657338
   -0.03532115
    0.05600182
   -0.23412725
    0.01094894
    0.05598485
   -0.03519869
   -0.03712111
   -0.23481770
    0.06298144
    0.01294719
    0.06303615
   -0.03704179
   -0.03505425
    0.05603401
    0.01091669
    0.01568977
   -0.01720727
   -0.01220414
    0.00574941
    0.23301976
   -0.28074411
   -0.33134614
   -0.01430656
   -0.01807342
    0.05592976
   -0.03552431
   -0.03668673
    0.06291834
   -0.23414457
   -0.23481682
    0.01568632
   -0.01708116
   -0.01206409
    0.00576883
    0.23303651
   -0.28089670
   -0.33107364
   -0.01440896
   -0.01821492
    0.02943142
    0.02616425
    0.02585730
    0.02862060
    0.02867100
    0.02597711
    0.03037730
    0.04493071
    0.24218256
    0.04590223
    0.02970904
    0.02593059
    0.02934299
    0.03066870
    0.04523872
    0.24213493
    0.04568356
    0.02949201
