           2           3   1.3816213952917686     
           3           4   1.1931713978301732     
           4           5   1.6455080214698374     
           5           6   1.1958815466768613     
           1           7  0.60575727843759353     
           3           7   1.2748202709516825     
           6           7   1.2578296128448407     
           6           8   1.3935077748477793     
           8           9   1.3861334977105229     
           9          10   1.2082005016697968     
          10          11   1.6220030057713668     
           1          12  0.60227644384446544     
           9          12   1.2498482304095171     
          11          13   1.2230426389396698     
          12          13   1.3019016894893627     
          13          14   1.2810841657082508     
          14          15   1.2813250862422869     
          15          16   1.2231060236288518     
          16          17   1.6219455675923820     
          17          18   1.2082040810531156     
           1          19  0.60202632486970886     
          15          19   1.3017833892948771     
          18          19   1.2499993426516025     
          18          20   1.3860057728091071     
          20          21   1.3935881461394737     
          21          22   1.1958480393391340     
          22          23   1.6455465353874286     
           2          24   1.3816909481681556     
          23          24   1.1931585813931742     
           1          25  0.60599615368987492     
          21          25   1.2577806166344210     
          24          25   1.2747599336066562     
           2          26  0.99730563656541205     
           4          27  0.99452223914264015     
           5          28  0.99473538910818537     
           8          29  0.99809788492625151     
          10          30  0.99403202890615172     
          11          31  0.99976066533051156     
          16          32  0.99975599429352224     
          17          33  0.99405644109210312     
          20          34  0.99810825791942248     
          22          35  0.99473815814100508     
          23          36  0.99452081192415343     
          38          39   1.3824864244028681     
          39          40   1.1924851767060503     
          40          41   1.6470405722809203     
          41          42   1.1949708684604317     
          37          43  0.59922721960076553     
          39          43   1.2758688493991246     
          42          43   1.2613384228575804     
          42          44   1.3922288255746869     
          44          45   1.3877577405648995     
          45          46   1.2054472072464075     
          46          47   1.6266128375533020     
          37          48  0.59597326208527590     
          45          48   1.2528621181898658     
          47          49   1.2198364321325355     
          48          49   1.3014567200230127     
          49          50   1.2868750148627663     
          50          51   1.2871216995578023     
          51          52   1.2198178946309368     
          52          53   1.6266288886456870     
          53          54   1.2054265534440824     
          37          55  0.59596230330360078     
          51          55   1.3013999041559940     
          54          55   1.2528959610650054     
          54          56   1.3877485193784254     
          56          57   1.3922229907372925     
          57          58   1.1949650772968048     
          58          59   1.6470378498236322     
          38          60   1.3824969177132653     
          59          60   1.1924889506386986     
          37          61  0.59924283128792810     
          57          61   1.2613476541865005     
          60          61   1.2758525576639386     
          38          62  0.99733711466797603     
          40          63  0.99446530040859038     
          41          64  0.99464982314996087     
          44          65  0.99799230064292688     
          46          66  0.99395177066863960     
          47          67  0.99964757346424948     
          52          68  0.99962384213894406     
          53          69  0.99397035408680590     
          56          70  0.99800044514488284     
          58          71  0.99465307037699602     
          59          72  0.99446626502070101     
          73          74   2.3558543557265952     
          74          75   1.3673559688941508     
          14          76   1.2345953529962617     
          73          76  0.16409036593244872     
          75          76   2.4542320114108911     
          73          77   1.3689761347779303     
          74          78  0.16387566968083092     
          77          78   2.4502689799996804     
          79          80   2.3664134967000172     
          80          81   1.3606215733276528     
          79          82  0.16519021427876590     
          81          82   2.4599473626479713     
          79          83   1.3585401299930033     
          50          84   1.2251679635742188     
          80          84  0.16555909029160643     
          83          84   2.4653077873334670     
          78          86   1.2384415492926706     
          86          87   1.2756165576927494     
          87          88   1.2258868869859425     
          88          89   1.6175350221534424     
          89          90   1.2118780357446031     
          85          91  0.61873429234437982     
          87          91   1.3016934293773630     
          90          91   1.2401959218547947     
          90          92   1.3892662814057173     
          92          93   1.3915667990236107     
          93          94   1.2104103687107433     
          94          95   1.6200316078882067     
          85          96  0.61906899460701614     
          93          96   1.2398260367405576     
          95          97   1.2238258244591855     
          96          97   1.3003894260293560     
          82          98   1.2298981991150570     
          97          98   1.2795147689869444     
          98          99   1.2797280935074500     
          99         100   1.2238457254856243     
         100         101   1.6200122148265270     
         101         102   1.2104050079268698     
          85         103  0.61899794581671541     
          99         103   1.3003222372427821     
         102         103   1.2398921854319660     
         102         104   1.3915160011671301     
         104         105   1.3892960734850508     
         105         106   1.2118788581648146     
         106         107   1.6175378863228724     
          86         108   1.2755823410831979     
         107         108   1.2258737430364504     
          85         109  0.61884198095009746     
         105         109   1.2401505585489829     
         108         109   1.3016822531557870     
          88         110  0.99996576874844900     
          89         111  0.99450088193818464     
          92         112  0.99848464833497241     
          94         113  0.99450458226679850     
          95         114  0.99990089982531194     
         100         115  0.99988369679891786     
         101         116  0.99451918134795914     
         104         117  0.99848737881870142     
         106         118  0.99449273344671518     
         107         119  0.99995180794262151     
