           2           3   1.3930647575139625     
           3           4   1.2025532993950341     
           4           5   1.6368805195747473     
           5           6   1.2145890177444782     
           1           7  0.56233636058400116     
           3           7   1.2669966105013886     
           6           7   1.3095596073637550     
           6           8   1.3052426695100228     
           8           9   1.1881168515287199     
           9          10   2.6576976528689817     
          10          11   1.1555241691817630     
          11          12   1.3722098791029389     
          12          13   1.4638771163751676     
          13          14   1.4682735409817520     
          14          15   1.4680759910023382     
          11          16   1.3716459743459337     
          15          16   1.4643272114487542     
           8          17   1.3106758251940689     
          17          18   1.2202656152739000     
          18          19   1.6264118500485838     
           1          20  0.55737963726680773     
          17          20   1.2969588744108851     
          19          21   1.2223075802211574     
          20          21   1.2875378535771154     
          21          22   1.3145590703117469     
          22          23   1.3134834148163004     
          23          24   1.2224240449360426     
          24          25   1.6262646754750301     
          25          26   1.2204839203459743     
           1          27  0.55840805203891120     
          23          27   1.2877978687560852     
          26          27   1.2965863683995387     
          26          28   1.3105273977374676     
          28          29   1.1880709809139682     
          29          30   2.6577316249804874     
          30          31   1.1555146719712095     
          31          32   1.3719008644812221     
          32          33   1.4640912921128810     
          33          34   1.4680258991589965     
          34          35   1.4683793256748598     
          31          36   1.3719993682151010     
          35          36   1.4640639766805503     
          28          37   1.3055696699032902     
          37          38   1.2145651582800832     
          38          39   1.6369241048728116     
           2          40   1.3929649660820014     
          39          40   1.2024941158376030     
           1          41  0.56160114508486048     
          37          41   1.3095679750743121     
          40          41   1.2671658720360326     
           2          42  0.99772313309603189     
           4          43  0.99323759078442075     
           5          44   1.0002275191636669     
          12          45  0.98804180997977142     
          13          46  0.98207122773205369     
          15          47  0.98229080459234108     
          16          48  0.98849107017694426     
          18          49  0.99940762526431592     
          19          50  0.99846887065338585     
          24          51  0.99855138467627669     
          25          52  0.99945121025465244     
          32          53  0.98813154159740690     
          33          54  0.98202039534564811     
          35          55  0.98232184288519753     
          36          56  0.98839427839996752     
          38          57   1.0001280395442882     
          39          58  0.99326051195846288     
          60          61   1.3923873676680669     
          61          62   1.2022347782900484     
          62          63   1.6372050417400383     
          63          64   1.2144681235564607     
          59          65  0.56132171453177382     
          61          65   1.2682244271780017     
          64          65   1.3082879646794141     
          64          66   1.3068081336747071     
          66          67   1.1876532781767819     
          67          68   2.6585418545903847     
          68          69   1.1551932067193686     
          69          70   1.3721394617074665     
          70          71   1.4639588005605366     
          71          72   1.4681677401527828     
          72          73   1.4686220937397818     
          69          74   1.3723899462592282     
          73          74   1.4638411482084643     
          66          75   1.3107794765755416     
          75          76   1.2211682670567929     
          76          77   1.6251544712638084     
          59          78  0.55823538604941247     
          75          78   1.2951552830479152     
          77          79   1.2231732126588246     
          78          79   1.2896881217138816     
          79          80   1.3105106617206288     
          80          81   1.3117671705758944     
          81          82   1.2230718143455501     
          82          83   1.6251990244587076     
          83          84   1.2210572019019681     
          59          85  0.55757110092826268     
          81          85   1.2894580367097006     
          84          85   1.2953207838074849     
          84          86   1.3111736793501942     
          86          87   1.1877467976096103     
          87          88   2.6584222204869183     
          88          89   1.1552434284282911     
          89          90   1.3725832609820487     
          90          91   1.4637199869285733     
          91          92   1.4684475435150652     
          92          93   1.4682249851719074     
          89          94   1.3718460339756751     
          93          94   1.4641778618691903     
          86          95   1.3061809097294284     
          95          96   1.2144944470721630     
          96          97   1.6371584923575362     
          60          98   1.3926754026718275     
          97          98   1.2023189315099694     
          59          99  0.56249361654578700     
          95          99   1.3083731227738922     
          98          99   1.2678554617349116     
          60         100  0.99768888375075804     
          62         101  0.99327518432161899     
          63         102   1.0001222584373233     
          70         103  0.98813836886116091     
          71         104  0.98197519833380931     
          73         105  0.98231360131785150     
          74         106  0.98834959097668851     
          76         107  0.99948779016719425     
          77         108  0.99862732847814517     
          82         109  0.99848950044962526     
          83         110  0.99937032423081085     
          90         111  0.98796029778593342     
          91         112  0.98208169614941998     
          93         113  0.98224832716912358     
          94         114  0.98854269417879082     
          96         115   1.0003160374723299     
          97         116  0.99323609128591062     
          22         118   1.1948992394601636     
         117         118   2.5289819289195887     
         117         119   1.3042601579617754     
         118         120  0.18111122760556331     
         119         120   2.5251447421427033     
         121         122   2.4951054736888025     
         121         123   1.3318251321303849     
         122         124  0.17945512021136925     
         123         124   2.4949366822963048     
         125         126   2.5205200424849248     
         125         127   1.3082198716604527     
          80         128   1.1991987825108457     
         126         128  0.18079632385050501     
         127         128   2.5240208601001326     
         120         130   1.1981402659177285     
         130         131   1.3065329714775413     
         131         132   1.2227074014219892     
         132         133   1.6252606573024146     
         133         134   1.2221114854714756     
         129         135  0.55833156958624430     
         131         135   1.2959856036514876     
         134         135   1.2878386775456836     
         134         136   1.3163334371200475     
         136         137   1.1841661464085682     
         137         138   2.6654177744904159     
         138         139   1.1526990918159219     
         139         140   1.3750381848465789     
         140         141   1.4621799063685053     
         141         142   1.4701877066788018     
         142         143   1.4698575879627898     
         139         144   1.3745819161757538     
         143         144   1.4625171554843177     
         136         145   1.3140044328459024     
         145         146   1.2260293220279745     
         146         147   1.6183436419254629     
         129         148  0.55866941344305532     
         145         148   1.2857988785673771     
         147         149   1.2279644245587782     
         148         149   1.3015445821787930     
         122         150   1.2260328007082208     
         149         150   1.2933415002548860     
         150         151   1.2930302339244857     
         151         152   1.2281824005130424     
         152         153   1.6181457029776851     
         153         154   1.2262132836491586     
         129         155  0.55969463751555382     
         151         155   1.3014243683421096     
         154         155   1.2856628327916990     
         154         156   1.3135918967941669     
         156         157   1.1841933035616330     
         157         158   2.6653889344925710     
         158         159   1.1527097281556458     
         159         160   1.3750176200335837     
         160         161   1.4622330841104216     
         161         162   1.4701680434062556     
         162         163   1.4698699080098050     
         159         164   1.3745903052975159     
         163         164   1.4624730362163938     
         156         165   1.3167383983903564     
         165         166   1.2219353151542438     
         166         167   1.6254694116363613     
         130         168   1.3066322754398545     
         167         168   1.2225102764203524     
         129         169  0.55714427501683184     
         165         169   1.2879363112985511     
         168         169   1.2962214641589556     
         132         170  0.99858893869790832     
         133         171  0.99997957045968922     
         140         172  0.98790297670279525     
         141         173  0.98188813790357155     
         143         174  0.98194791958872052     
         144         175  0.98820209756215693     
         146         176  0.99971317576859020     
         147         177  0.99908107894587928     
         152         178  0.99913367213768634     
         153         179  0.99981217874167316     
         160         180  0.98807173532912096     
         161         181  0.98200527845952779     
         163         182  0.98183225201453284     
         164         183  0.98803366931761949     
         166         184  0.99987172813312675     
         167         185  0.99862127419026803     
         124         187   1.2261994142720576     
         187         188   1.2926088161064135     
         188         189   1.2279618922285251     
         189         190   1.6183184442150955     
         190         191   1.2260950143300196     
         186         192  0.55892674370081075     
         188         192   1.3021864698504670     
         191         192   1.2850285535241450     
         191         193   1.3144307248473177     
         193         194   1.1840473658903143     
         194         195   2.6657205801452828     
         195         196   1.1525725508281250     
         196         197   1.3748806474965416     
         197         198   1.4623671477139457     
         198         199   1.4700057154590456     
         199         200   1.4701621350599716     
         196         201   1.3749915335707641     
         200         201   1.4622073430995894     
         193         202   1.3164909882034312     
         202         203   1.2226708465504266     
         203         204   1.6243047954159766     
         186         205  0.55792420079562732     
         202         205   1.2870333598960104     
         204         206   1.2233869277880012     
         205         206   1.2972355761384045     
         126         207   1.2022475916276665     
         206         207   1.3044651689344400     
         207         208   1.3041492358915159     
         208         209   1.2235178327861367     
         209         210   1.6241520388699155     
         210         211   1.2227793174587089     
         186         212  0.55831318242409322     
         208         212   1.2973010852416280     
         211         212   1.2869360804332275     
         211         213   1.3163688671304414     
         213         214   1.1839879561559743     
         214         215   2.6658076210166883     
         215         216   1.1525644950346867     
         216         217   1.3751976653129483     
         217         218   1.4621004056280171     
         218         219   1.4702910319198317     
         219         220   1.4698922934793162     
         216         221   1.3746949117631160     
         220         221   1.4624815149248589     
         213         222   1.3146560943050751     
         222         223   1.2259915241414368     
         223         224   1.6184356003105000     
         187         225   1.2928521072228789     
         224         225   1.2279015893482161     
         186         226  0.55847429390978653     
         222         226   1.2851162494766433     
         225         226   1.3021254850389568     
         189         227  0.99914657661699557     
         190         228  0.99978553833237738     
         197         229  0.98813099046282205     
         198         230  0.98197490155744815     
         200         231  0.98185934426802257     
         201         232  0.98796909703861779     
         203         233  0.99994267886427657     
         204         234  0.99865993829823951     
         209         235  0.99864834981806072     
         210         236  0.99999923951537539     
         217         237  0.98791147771962373     
         218         238  0.98188892731571886     
         220         239  0.98194098571965416     
         221         240  0.98820205519713311     
         223         241  0.99975376507597580     
         224         242  0.99911286644587294     
