           2           3   1.3831259794217363     
           3           4   1.2048803907302448     
           4           5   1.6303336272694438     
           5           6   1.2139932710211836     
           1           7  0.71403201584971876     
           3           7   1.2578051541357729     
           6           7   1.2382864753225118     
           6           8   1.3717663722456628     
           8           9   1.3628447159174737     
           9          10   1.2258045899098371     
          10          11   1.6083020201242277     
           1          12  0.71504140256726190     
           9          12   1.2322337825341887     
          11          13   1.2340704972482162     
          12          13   1.2806969697997193     
          13          14   1.2864725127328882     
          14          15   1.2854208749539948     
          15          16   1.2342945667458127     
          16          17   1.6085071058489380     
          17          18   1.2252455455868221     
          18          19   1.3648219467672262     
          19          20   1.0421935525912882     
          20          21   1.4343841277562144     
          21          22   1.4305417979256316     
          22          23   1.0086234631023718     
          22          24   1.4363399643086925     
          24          25   1.4260007138862683     
          25          26   1.0087821129882810     
          20          27   1.4253932421526647     
          25          27   1.4401021400490048     
          19          28   1.3723185454814402     
          28          29   1.2136783382210392     
          29          30   1.6314845616918709     
           2          31   1.3849826539245709     
          30          31   1.2040850811001087     
           1          32  0.71427729060465728     
          28          32   1.2386426048979793     
          31          32   1.2567988399276653     
           1          33  0.71476033043355935     
          15          33   1.2823341082894184     
          18          33   1.2307757998562749     
           8          34   1.0463603070949969     
          34          35   1.4270292285232722     
          35          36   1.4366985109281043     
          36          37   1.0086232707233269     
          36          38   1.4298204571687469     
          38          39   1.4315923880360855     
          39          40   1.0088574421233338     
          34          41   1.4290997406531094     
          39          41   1.4351793902702514     
           2          42  0.99750613564018498     
           4          43  0.99465587201650274     
           5          44   1.0002034078013979     
          10          45  0.99932462016003409     
          11          46  0.99964451730543502     
          16          47  0.99960673842209113     
          17          48  0.99952050212121635     
          21          49  0.99612051503942889     
          23          50  0.99950485346666296     
          23          51  0.98803140630377706     
          23          52  0.99648864086031708     
          24          53  0.99516921443274309     
          26          54  0.99940502868784165     
          26          55  0.99575324580919611     
          26          56  0.98860460995454924     
          27          57  0.99537429986660286     
          29          58   1.0003811779706009     
          30          59  0.99476288852661676     
          35          60  0.99614143949937939     
          37          61  0.99810878275923620     
          37          62  0.99798107584545603     
          37          63  0.98808225454576770     
          38          64  0.99509315885265659     
          40          65  0.98841151800207938     
          40          66  0.99829814332012590     
          40          67  0.99692131391017680     
          41          68  0.99585485257090267     
          70          71   1.3831404995123029     
          71          72   1.2048769355162168     
          72          73   1.6303504160071214     
          73          74   1.2139699734498095     
          69          75  0.71413513680852558     
          71          75   1.2577683224514518     
          74          75   1.2382586000156679     
          74          76   1.3717789887719345     
          76          77   1.3627609034449026     
          77          78   1.2258118140264678     
          78          79   1.6082680430246301     
          69          80  0.71489816720914134     
          77          80   1.2323355685272903     
          79          81   1.2340816116648832     
          80          81   1.2806396505749520     
          81          82   1.2865048427018284     
          82          83   1.2853532008411508     
          83          84   1.2342653209554924     
          84          85   1.6085430837000279     
          85          86   1.2252444846806172     
          86          87   1.3648502064950232     
          87          88   1.0423634950032123     
          88          89   1.4342874984195593     
          89          90   1.4305709058717322     
          90          91   1.0086224176806879     
          90          92   1.4363237692955817     
          92          93   1.4259829613316115     
          93          94   1.0087805088142825     
          88          95   1.4253402672208881     
          93          95   1.4401216604787306     
          87          96   1.3721597021306358     
          96          97   1.2137219924893423     
          97          98   1.6314179451283033     
          70          99   1.3849388221667471     
          98          99   1.2041291321806422     
          69         100  0.71424630991370242     
          96         100   1.2387186007749338     
          99         100   1.2567688905830288     
          69         101  0.71495907471707831     
          83         101   1.2823994966272385     
          86         101   1.2306267607442296     
          76         102   1.0463874064820780     
         102         103   1.4269924295913912     
         103         104   1.4367169829291453     
         104         105   1.0086228963084658     
         104         106   1.4298094475679166     
         106         107   1.4315968880166976     
         107         108   1.0088562826029652     
         102         109   1.4291077155831866     
         107         109   1.4351759478807793     
          70         110  0.99750831248003857     
          72         111  0.99465383013741659     
          73         112   1.0002012128268700     
          78         113  0.99932755954655694     
          79         114  0.99964273168492224     
          84         115  0.99960783364764283     
          85         116  0.99951163728324788     
          89         117  0.99613753889795909     
          91         118  0.99952465187926209     
          91         119  0.98803614019289265     
          91         120  0.99645561319939768     
          92         121  0.99516909051076341     
          94         122  0.99940690071065874     
          94         123  0.99575094297054068     
          94         124  0.98860890372668686     
          95         125  0.99537621693186062     
          97         126   1.0003710935790424     
          98         127  0.99476346803136928     
         103         128  0.99614963520100508     
         105         129  0.99811249734437002     
         105         130  0.99797687208602315     
         105         131  0.98807935578931205     
         106         132  0.99509417224411845     
         108         133  0.98841497351589425     
         108         134  0.99828608730910995     
         108         135  0.99693465619907362     
         109         136  0.99584719899846208     
         137         138   2.3639517868580766     
         138         139   1.3602228913114465     
          14         140   1.2275171123893125     
         137         140  0.16315720082019697     
         139         140   2.4607353201290216     
         137         141   1.3602272581225854     
          82         142   1.2275248994539576     
         138         142  0.16315717956582548     
         141         142   2.4607262205610527     
