           2           3   1.3872170459559467     
           3           4   1.1985539078267149     
           4           5   1.6451616032982579     
           5           6   1.2060024063943000     
           1           7  0.56617136606271301     
           3           7   1.2838846503334931     
           6           7   1.2784904031714373     
           6           8   1.3683844004168626     
           8           9   1.3629220503684032     
           9          10   1.2181750423025814     
          10          11   1.6235567817992498     
           1          12  0.56265140919055157     
           9          12   1.2709118543124451     
          11          13   1.2291211634107868     
          12          13   1.3098543490597778     
          13          14   1.2941984793904602     
          14          15   1.2952158073169657     
          15          16   1.2282656464526920     
          16          17   1.6251964970822308     
          17          18   1.2173301707446840     
          18          19   1.3651014677822622     
          19          20   1.0450115404024367     
          20          21   1.4262748535006939     
          21          22   1.4464694584937201     
          22          23   1.4416314037759126     
          23          24   1.4416890164721949     
          20          25   1.4270361902638231     
          24          25   1.4465101168812029     
          19          26   1.3690589411205059     
          26          27   1.2056935781863125     
          27          28   1.6454305460462324     
           2          29   1.3876409170774877     
          28          29   1.1983893168602078     
           1          30  0.56701697178875954     
          26          30   1.2784273887228457     
          29          30   1.2835743988005233     
           1          31  0.56244688487353289     
          15          31   1.3101119378366930     
          18          31   1.2701727591275453     
           8          32   1.0488875536697073     
          32          33   1.4253196173899938     
          33          34   1.4467267632115346     
          34          35   1.4416253283953318     
          35          36   1.4409380739912321     
          32          37   1.4244710726238374     
          36          37   1.4476503213685059     
           2          38  0.99823060427039667     
           4          39  0.99412682388733098     
           5          40   1.0002046554983381     
          10          41  0.99924263400593449     
          11          42  0.99753012667110486     
          16          43  0.99730442943134590     
          17          44  0.99948868140033131     
          21          45  0.98924700084409589     
          22          46  0.98192135495581889     
          23          47  0.98397640951349052     
          24          48  0.98174576385238366     
          25          49  0.98925163939916660     
          27          50   1.0003358584544626     
          28          51  0.99414195157116836     
          33          52  0.98942189848974982     
          34          53  0.98199322839613423     
          35          54  0.98398210647743034     
          36          55  0.98157482070777846     
          37          56  0.98907891653666469     
          58          59   1.3872540516354930     
          59          60   1.1985588937379981     
          60          61   1.6451583304402906     
          61          62   1.2059974821808255     
          57          63  0.56624076947442081     
          59          63   1.2838245106237878     
          62          63   1.2785492502782743     
          62          64   1.3683592170242724     
          64          65   1.3632310717756577     
          65          66   1.2181037889013522     
          66          67   1.6237010486382377     
          57          68  0.56263019115629620     
          65          68   1.2707903888017076     
          67          69   1.2290167176720432     
          68          69   1.3099056906950552     
          69          70   1.2942820834197937     
          70          71   1.2951255547805336     
          71          72   1.2283750687018209     
          72          73   1.6251128850549803     
          73          74   1.2173960600622487     
          74          75   1.3650624531171394     
          75          76   1.0450078973213865     
          76          77   1.4262850515533125     
          77          78   1.4464585326098722     
          78          79   1.4416393159515755     
          79          80   1.4416782210626315     
          76          81   1.4270315433471781     
          80          81   1.4465233193631502     
          75          82   1.3690734122295078     
          82          83   1.2056696718108884     
          83          84   1.6454278456288687     
          58          85   1.3876363799863449     
          84          85   1.1984021714096205     
          57          86  0.56692025818179137     
          82          86   1.2784942480340493     
          85          86   1.2835506250060578     
          57          87  0.56252065700720111     
          71          87   1.3100678282078155     
          74          87   1.2701512409153517     
          64          88   1.0485246532346959     
          88          89   1.4253951463352532     
          89          90   1.4467349806042440     
          90          91   1.4415971343406564     
          91          92   1.4410303665933852     
          88          93   1.4247259502734679     
          92          93   1.4475126136172154     
          58          94  0.99823164155359601     
          60          95  0.99412808712700240     
          61          96   1.0002268696321845     
          66          97  0.99925742899488601     
          67          98  0.99752261613385462     
          72          99  0.99723427362985728     
          73         100  0.99949005014009407     
          77         101  0.98923849796260499     
          78         102  0.98192063807742480     
          79         103  0.98397684450762846     
          80         104  0.98174570602373634     
          81         105  0.98925814669132794     
          83         106   1.0003406042072340     
          84         107  0.99414381896647874     
          89         108  0.98940064118614490     
          90         109  0.98199217610314182     
          91         110  0.98398043017595282     
          92         111  0.98158094843943677     
          93         112  0.98907121802625853     
          14         113   1.2199280894939666     
         113         114   2.6090299203206380     
         115         116   2.6005971198462321     
          70         118   1.2198836678950080     
         117         118   2.6091094334609499     
         114         120   1.2212300940523062     
         120         121   1.2897522854917272     
         121         122   1.2304361658229759     
         122         123   1.6212913888071183     
         123         124   1.2202088694023963     
         119         125  0.56187865836186901     
         121         125   1.3123360283793548     
         124         125   1.2662337529535470     
         124         126   1.3666214327403574     
         126         127   1.3637825799237304     
         127         128   1.2215723290351201     
         128         129   1.6195559154828802     
         119         130  0.56302580020804582     
         127         130   1.2668830799942710     
         129         131   1.2318091595835547     
         130         131   1.3126876142415247     
         115         132   1.2271252727335997     
         131         132   1.2880690170418176     
         132         133   1.2879723219073191     
         133         134   1.2316698097288856     
         134         135   1.6198235761522191     
         135         136   1.2213532124747364     
         136         137   1.3644203505445387     
         137         138   1.0518151286441506     
         138         139   1.4240416405065306     
         139         140   1.4476698398103294     
         140         141   1.4410192158784139     
         141         142   1.4411304156592262     
         138         143   1.4243375391821622     
         142         143   1.4476016762937134     
         137         144   1.3668835312785732     
         144         145   1.2201942461414628     
         145         146   1.6215778246036761     
         120         147   1.2901798527144308     
         146         147   1.2303325313671400     
         119         148  0.56237639750977653     
         144         148   1.2662086915448854     
         147         148   1.3120785302842186     
         119         149  0.56282741781677970     
         133         149   1.3129025784175432     
         136         149   1.2667280550885212     
         126         150   1.0529337651744903     
         150         151   1.4236323703197213     
         151         152   1.4477595864513588     
         152         153   1.4410534277339828     
         153         154   1.4408789224323550     
         150         155   1.4237038618933309     
         154         155   1.4479432213864127     
         122         156  0.99778358192367944     
         123         157   1.0001635250169885     
         128         158   1.0000147519786722     
         129         159  0.99830237561621860     
         134         160  0.99831336811527249     
         135         161   1.0000673765330683     
         139         162  0.98948359785715345     
         140         163  0.98191450781584022     
         141         164  0.98420065288905134     
         142         165  0.98184734672982843     
         143         166  0.98938174723152228     
         145         167   1.0002399313884551     
         146         168  0.99739835862057435     
         151         169  0.98950951712665314     
         152         170  0.98188972216797443     
         153         171  0.98421304649553587     
         154         172  0.98185684304103993     
         155         173  0.98941563713731551     
         116         175   1.2270947233342331     
         175         176   1.2881728989227137     
         176         177   1.2315838711219198     
         177         178   1.6198913496220033     
         178         179   1.2212997350702184     
         174         180  0.56272005344321196     
         176         180   1.3128238477517578     
         179         180   1.2669028400381146     
         179         181   1.3642041373269764     
         181         182   1.3668968071107417     
         182         183   1.2201469443378554     
         183         184   1.6216631932062426     
         174         185  0.56276127973501977     
         182         185   1.2661941793488816     
         184         186   1.2303202933956503     
         185         186   1.3119126038638322     
         117         187   1.2211701600354949     
         186         187   1.2903986717309133     
         187         188   1.2895765165459367     
         188         189   1.2305081482501510     
         189         190   1.6211888450110863     
         190         191   1.2203322672773753     
         191         192   1.3668348176469067     
         192         193   1.0520233651360464     
         193         194   1.4241797836523316     
         194         195   1.4476856349691367     
         195         196   1.4410688334605937     
         196         197   1.4410399147759669     
         193         198   1.4240030472968102     
         197         198   1.4476667800741174     
         192         199   1.3642642219052346     
         199         200   1.2213941675947819     
         200         201   1.6197432241493968     
         175         202   1.2879521610182738     
         201         202   1.2317357606691470     
         174         203  0.56284296732869821     
         199         203   1.2668090523688147     
         202         203   1.3128496940544601     
         174         204  0.56183764418805882     
         188         204   1.3124361783484628     
         191         204   1.2660683895012093     
         181         205   1.0521222280311051     
         205         206   1.4241228348419730     
         206         207   1.4477414949983167     
         207         208   1.4410034254535906     
         208         209   1.4411339975158941     
         205         210   1.4240123025607045     
         209         210   1.4475964435519544     
         177         211  0.99835019342279041     
         178         212   1.0000526086384569     
         183         213   1.0002182734301126     
         184         214  0.99734447873123144     
         189         215  0.99775551655005790     
         190         216   1.0002170215025137     
         194         217  0.98938418295092578     
         195         218  0.98184641170014597     
         196         219  0.98420273844244843     
         197         220  0.98189997313564537     
         198         221  0.98946086045737169     
         200         222   1.0000600217250504     
         201         223  0.99827445234476531     
         206         224  0.98940599449206590     
         207         225  0.98186537120951323     
         208         226  0.98420003735518280     
         209         227  0.98191203525681237     
         210         228  0.98952019803883540     
