   -0.08401989
   -0.02316266
    0.05789248
   -0.04557763
   -0.04155920
    0.06000791
   -0.17640932
    0.00860902
   -0.00337450
   -0.02579361
   -0.04193955
    0.05973434
   -0.25228839
    0.00233613
   -0.03693866
   -0.02412411
    0.06011721
   -0.03827811
   -0.03775230
   -0.17395459
    0.06504036
    0.01935294
    0.06527202
   -0.03765165
   -0.03812065
    0.06009680
   -0.17364373
    0.00868392
   -0.00345670
   -0.02391428
   -0.03693802
    0.05980501
   -0.25217881
    0.00238357
   -0.04207183
   -0.02595708
    0.05995174
   -0.04154650
   -0.04566026
    0.05782755
   -0.17648791
    0.01729425
    0.01892008
    0.01135082
    0.01531665
    0.01862089
    0.16340692
    0.02564547
    0.02753368
    0.03043818
    0.02283434
    0.01732992
    0.01374799
    0.01687289
    0.01681475
    0.01362829
    0.01767665
    0.02301501
    0.16350890
    0.02767085
    0.03040082
    0.02587881
    0.01848790
    0.01495179
    0.01146768
    0.01891316
   -0.08402185
   -0.02316234
    0.05789588
   -0.04557591
   -0.04155505
    0.06000784
   -0.17640086
    0.00861306
   -0.00337697
   -0.02579079
   -0.04194043
    0.05973705
   -0.25228484
    0.00234117
   -0.03694710
   -0.02413005
    0.06011431
   -0.03827802
   -0.03775348
   -0.17395613
    0.06504309
    0.01935208
    0.06527011
   -0.03764729
   -0.03811858
    0.06010333
   -0.17364301
    0.00868016
   -0.00345607
   -0.02390861
   -0.03693039
    0.05980340
   -0.25218054
    0.00238109
   -0.04207161
   -0.02596017
    0.05995517
   -0.04154840
   -0.04565867
    0.05782479
   -0.17649930
    0.01729400
    0.01892049
    0.01134816
    0.01531992
    0.01861994
    0.16341718
    0.02565040
    0.02753614
    0.03044323
    0.02282880
    0.01733125
    0.01374996
    0.01686959
    0.01681991
    0.01362827
    0.01767600
    0.02302111
    0.16350026
    0.02766951
    0.03039687
    0.02587508
    0.01848931
    0.01494889
    0.01147176
    0.01891547
   -0.02605201
   -0.02605262
