           2           3   1.3922374195547871     
           3           4   1.2062539008394504     
           4           5   1.6309000106992280     
           5           6   1.2127720257071217     
           1           7  0.87249439158793352     
           3           7   1.2210345354197136     
           6           7   1.2268285585970748     
           6           8   1.3603050359242597     
           8           9   1.0582828362806704     
           9          10   1.4053419656574213     
          10          11   1.4758102063814154     
          11          12   1.3708734009424028     
          12          13   1.1371813313068049     
          13          14  0.97217051757555550     
          12          15   1.3849383414670056     
           9          16   1.4147253135067925     
          15          16   1.4599046296438301     
           8          17   1.3627072825678186     
          17          18   1.2201012462116756     
          18          19   1.6168393262977239     
           1          20  0.86306743787739937     
          17          20   1.2198267595944960     
          19          21   1.2309989051209427     
          20          21   1.2450074127308344     
          21          22   1.3055738821267229     
          22          23   1.3055689597679785     
          23          24   1.2298171459992913     
          24          25   1.6186118483651906     
          25          26   1.2183136717622587     
           1          27  0.86632727705344348     
          23          27   1.2463041576042533     
          26          27   1.2170917392921308     
          26          28   1.3667314884238628     
          28          29   1.0590334502016259     
          29          30   1.4144313869762073     
          30          31   1.4599512418538225     
          31          32   1.3847091732641312     
          32          33   1.1376667044148505     
          33          34  0.97216327385552215     
          32          35   1.3703903205216350     
          29          36   1.4047845141909643     
          35          36   1.4763450478217461     
          28          37   1.3559560512012816     
          37          38   1.2146598567414557     
          38          39   1.6284957504381221     
           2          40   1.3901792317684871     
          39          40   1.2078435087712371     
           1          41  0.86959744353767943     
          37          41   1.2286954939912405     
          40          41   1.2206034894979831     
           2          42  0.99771023161876471     
           4          43  0.99506291558657378     
           5          44   1.0000604839669447     
          10          45  0.99110529337553566     
          11          46  0.99026124474820343     
          13          47  0.97305019356184563     
          14          48   1.0061665771131949     
          14          49  0.99686857758506098     
          14          50  0.99944859154238874     
          15          51  0.99178647531964426     
          16          52  0.99052264981006166     
          18          53  0.99901652158962995     
          19          54  0.99941980207542225     
          24          55  0.99925630517434505     
          25          56  0.99888259539677537     
          30          57  0.99042299088999153     
          31          58  0.99169231571860705     
          33          59  0.97279790779125952     
          34          60  0.99667150451414710     
          34          61  0.99943250929367411     
          34          62   1.0061747116531854     
          35          63  0.99029408307554168     
          36          64  0.99122584072888498     
          38          65   1.0000147472674967     
          39          66  0.99508088907135595     
          68          69   1.3922263827115118     
          69          70   1.2062544147474326     
          70          71   1.6309034462022993     
          71          72   1.2127622923546506     
          67          73  0.87258016360856738     
          69          73   1.2210390646791347     
          72          73   1.2267767252320094     
          72          74   1.3603492793623295     
          74          75   1.0582106645933176     
          75          76   1.4053149437244061     
          76          77   1.4758554692894701     
          77          78   1.3708230376594401     
          78          79   1.1372014660642167     
          79          80  0.97216509975882115     
          78          81   1.3849610218669859     
          75          82   1.4148064694877580     
          81          82   1.4598427057813208     
          74          83   1.3627166580567533     
          83          84   1.2201387779402455     
          84          85   1.6167992144000829     
          67          86  0.86301308940662524     
          83          86   1.2197971014092617     
          85          87   1.2310117651001342     
          86          87   1.2450564069478816     
          87          88   1.3054900798571942     
          88          89   1.3056457442376164     
          89          90   1.2298079296087281     
          90          91   1.6186462438501703     
          91          92   1.2182828150921035     
          67          93  0.86636179500128530     
          89          93   1.2462549244176504     
          92          93   1.2171317287437557     
          92          94   1.3667115612758891     
          94          95   1.0591271876135284     
          95          96   1.4143391274224610     
          96          97   1.4600210234314763     
          97          98   1.3846777310030165     
          98          99   1.1376568750367986     
          99         100  0.97216524794186432     
          98         101   1.3704321946537559     
          95         102   1.4047989073449296     
         101         102   1.4763091132717048     
          94         103   1.3559007126490490     
         103         104   1.2146783544731556     
         104         105   1.6284781818737903     
          68         106   1.3901846327008058     
         105         106   1.2078541420253519     
          67         107  0.86949542965143656     
         103         107   1.2287562543512569     
         106         107   1.2205873227794484     
          68         108  0.99770988699067842     
          70         109  0.99506202926035259     
          71         110   1.0000629562255405     
          76         111  0.99110472430487173     
          77         112  0.99025641030134992     
          79         113  0.97302665076224226     
          80         114   1.0061636977789112     
          80         115  0.99686724064229948     
          80         116  0.99944807532287305     
          81         117  0.99179073064460632     
          82         118  0.99051830142859176     
          84         119  0.99902088828457647     
          85         120  0.99942494716717045     
          90         121  0.99925265552046927     
          91         122  0.99887705734594745     
          96         123  0.99042656883840385     
          97         124  0.99168809143191106     
          99         125  0.97281771848798504     
         100         126  0.99667150413049410     
         100         127  0.99943224773279571     
         100         128   1.0061764526331252     
         101         129  0.99029814006277272     
         102         130  0.99122660095002535     
         104         131   1.0000116407006721     
         105         132  0.99508185375621361     
          22         133   1.2011324968606278     
          88         134   1.2011300190269749     
         133         134   2.6326363407745155     
