    0.27546887
   -0.02353897
    0.05913937
   -0.03797051
   -0.03586977
    0.05922195
   -0.21038008
    0.00985047
    0.01735751
   -0.01743498
   -0.01061615
   -0.00874779
    0.14472809
   -0.30001868
   -0.01633291
   -0.01859585
    0.05859884
   -0.03506561
   -0.03355002
   -0.20680364
    0.06346032
    0.01739007
    0.06330571
   -0.03321755
   -0.03463158
    0.05891694
   -0.20666022
    0.00931495
    0.01687055
   -0.01850873
   -0.01650811
   -0.00834132
    0.14487660
   -0.29933588
   -0.01027045
   -0.01677113
    0.05938482
   -0.03550955
   -0.03787140
    0.05925250
   -0.21040907
    0.02462308
    0.03017772
    0.02227033
    0.02659349
    0.03941100
    0.03851421
    0.04152785
    0.02577526
    0.02407885
    0.02179727
    0.02180314
    0.02373751
    0.02558150
    0.04122054
    0.03833013
    0.04023973
    0.02749651
    0.02172984
    0.03025858
    0.27442962
   -0.02326606
    0.05942911
   -0.03782338
   -0.03576918
    0.05955486
   -0.21064203
    0.00952940
    0.01722664
   -0.01719326
   -0.01054957
   -0.00868650
    0.14465963
   -0.29997163
   -0.01642723
   -0.01854876
    0.05899043
   -0.03499755
   -0.03344711
   -0.20700833
    0.06375222
    0.01767624
    0.06379207
   -0.03323394
   -0.03456529
    0.05922854
   -0.20708530
    0.00978848
    0.01713009
   -0.01853309
   -0.01636297
   -0.00833336
    0.14504085
   -0.29896363
   -0.01015906
   -0.01699906
    0.05962611
   -0.03560445
   -0.03783028
    0.05946287
   -0.21046524
    0.02455525
    0.03048240
    0.02223760
    0.02691943
    0.03962205
    0.03840362
    0.04143493
    0.02588055
    0.02378839
    0.02207873
    0.02236116
    0.02430835
    0.02556222
    0.04132347
    0.03852838
    0.04032368
    0.02758842
    0.02229657
    0.03046207
   -0.02973748
   -0.02580104
   -0.02765197
   -0.02780807
   -0.02509768
   -0.02917407
    0.27473411
    0.01275734
    0.06271695
   -0.03600072
   -0.03544271
    0.05683000
   -0.20797427
    0.01103607
    0.01723157
   -0.01654132
   -0.01067373
   -0.00858690
    0.14462926
   -0.30039783
   -0.01634580
   -0.01779900
    0.05715538
   -0.03505222
   -0.03505246
   -0.20756077
    0.06309736
    0.01434619
    0.06307638
   -0.03504031
   -0.03512628
    0.05716099
   -0.20764394
    0.01126214
    0.01724689
   -0.01750026
   -0.01590622
   -0.00827990
    0.14495947
   -0.30033232
   -0.01069614
   -0.01672081
    0.05703527
   -0.03486453
   -0.03571033
    0.06276834
   -0.20785471
    0.01805755
    0.02050998
    0.02718491
    0.03934128
    0.03824748
    0.04149473
    0.02573122
    0.02076767
    0.01936566
    0.01973590
    0.02103819
    0.02639020
    0.04206254
    0.03872413
    0.03889840
    0.02636358
    0.02141125
    0.01895847
    0.27410174
    0.01460102
    0.06319295
   -0.03491778
   -0.03509289
    0.05734757
   -0.20757669
    0.01128090
    0.01726736
   -0.01673968
   -0.01060068
   -0.00825630
    0.14503645
   -0.29996925
   -0.01591939
   -0.01755759
    0.05722430
   -0.03484828
   -0.03576449
   -0.20814123
    0.06290155
    0.01277263
    0.06287306
   -0.03600907
   -0.03545072
    0.05701253
   -0.20818724
    0.01100756
    0.01736505
   -0.01780602
   -0.01629698
   -0.00863862
    0.14459072
   -0.30048105
   -0.01066791
   -0.01657641
    0.05730498
   -0.03512987
   -0.03497964
    0.06317466
   -0.20758215
    0.01984194
    0.02129061
    0.02655456
    0.03913100
    0.03875061
    0.04201975
    0.02629351
    0.02147915
    0.01912091
    0.01801258
    0.02050016
    0.02598880
    0.04158033
    0.03819203
    0.03930187
    0.02721683
    0.02097996
    0.01955806
