           2           3   1.3913010061749118     
           3           4   1.2008227975723162     
           4           5   1.6418516419720408     
           5           6   1.2079214605569577     
           1           7  0.71344790836706262     
           3           7   1.2539365057118481     
           6           7   1.2488733300934436     
           6           8   1.3693987425788656     
           8           9   1.0479676413807548     
           9          10   1.4150965003789961     
          10          11   1.4709661213617162     
          11          12   1.3897013578825457     
          12          13   1.0816779112212427     
          13          14   1.9417091641303594     
          12          15   1.3845216588114651     
           9          16   1.4194752261860728     
          15          16   1.4661803532996400     
           8          17   1.3650909884241462     
          17          18   1.2185844178007565     
          18          19   1.6211844949887804     
           1          20  0.71466165729368281     
          17          20   1.2409422252398348     
          19          21   1.2298876518689676     
          20          21   1.2785571742520025     
          21          22   1.2997438397801651     
          22          23   1.3019088694172745     
          23          24   1.2298188091100413     
          24          25   1.6198074574864181     
          25          26   1.2199705146587267     
           1          27  0.71489952248411959     
          23          27   1.2750071702724910     
          26          27   1.2446773157999695     
          26          28   1.3599810567765314     
          28          29   1.0560213960478455     
          29          30   1.4166107311015066     
          30          31   1.4671788187847519     
          31          32   1.3842808159933815     
          32          33   1.0813274091483769     
          33          34   1.9421355593984810     
          32          35   1.3889791146380657     
          29          36   1.4113029455882953     
          35          36   1.4723157839681877     
          28          37   1.3692282224780747     
          37          38   1.2079654907869153     
          38          39   1.6408192809064914     
           2          40   1.3892872999547812     
          39          40   1.2016202046066660     
           1          41  0.71279666258224350     
          37          41   1.2481598605405599     
          40          41   1.2552668617900111     
           2          42  0.99587089217368729     
           4          43  0.99289373440139495     
           5          44  0.99862900414332390     
          10          45  0.98863392371148284     
          11          46  0.98817598942178875     
          13          47  0.95431961560390921     
          15          48  0.98224194837364676     
          16          49  0.98795486429777124     
          18          50  0.99800983569838853     
          19          51  0.99784575366109474     
          24          52  0.99769993442704674     
          25          53  0.99745789822409014     
          30          54  0.98833537389295956     
          31          55  0.98227115219398942     
          33          56  0.95433958364051752     
          35          57  0.98778881354795123     
          36          58  0.98830442520517103     
          38          59  0.99844635452390074     
          39          60  0.99278363760736221     
          62          63   1.3910922080459582     
          63          64   1.2009631669197529     
          64          65   1.6416314236219824     
          65          66   1.2078468532083086     
          61          67  0.71010160369582498     
          63          67   1.2559012971848929     
          66          67   1.2501490078314221     
          66          68   1.3697804571521663     
          68          69   1.0498032157939543     
          69          70   1.4139686793959756     
          70          71   1.4714942742070558     
          71          72   1.3893446901408122     
          72          73   1.0817868729854483     
          73          74   1.9416322071674794     
          72          75   1.3844637399355197     
          69          76   1.4189046939142511     
          75          76   1.4663971065009689     
          68          77   1.3642213066616373     
          77          78   1.2181923537378168     
          78          79   1.6219138733507916     
          61          80  0.71210317359730835     
          77          80   1.2440307293166863     
          79          81   1.2281680153914099     
          80          81   1.2782982959695737     
          81          82   1.3038058555806231     
          82          83   1.3051429597543052     
          83          84   1.2276805245256539     
          84          85   1.6228940207897335     
          85          86   1.2177730886821567     
          61          87  0.71181756952994235     
          83          87   1.2779126089780930     
          86          87   1.2441773573172186     
          86          88   1.3649621074659670     
          88          89   1.0498051832245485     
          89          90   1.4187364411869849     
          90          91   1.4663375971378807     
          91          92   1.3846981255634840     
          92          93   1.0808511166306454     
          93          94   1.9429708677472850     
          92          95   1.3900211656830033     
          89          96   1.4144476756135425     
          95          96   1.4707999066919841     
          88          97   1.3694687662715472     
          97          98   1.2079467330065716     
          98          99   1.6414069445713593     
          62         100   1.3906048889556795     
          99         100   1.2011739483010762     
          61         101  0.71059724774193456     
          97         101   1.2501160697988676     
         100         101   1.2560099230416690     
          62         102  0.99595805638500678     
          64         103  0.99268596513318774     
          65         104  0.99851351171449421     
          70         105  0.98852507618888197     
          71         106  0.98803565497471202     
          73         107  0.95434777281983174     
          75         108  0.98221962163055443     
          76         109  0.98803335525569957     
          78         110  0.99769099741921607     
          79         111  0.99818287709767028     
          84         112  0.99806676574383035     
          85         113  0.99747272813558641     
          90         114  0.98806739184252268     
          91         115  0.98222962372442135     
          93         116  0.95425019125562260     
          95         117  0.98788505614633670     
          96         118  0.98815198449909170     
          98         119  0.99857786837799523     
          99         120  0.99267486410340056     
          22         121   1.2107488965388236     
         121         122   2.6183024923680338     
         123         124   2.6146785125629357     
          82         126   1.2040477820982278     
         125         126   2.6237456336220659     
         122         128   1.2125234381075713     
         128         129   1.2955166906468265     
         129         130   1.2317955988688050     
         130         131   1.6166586891624912     
         131         132   1.2223860612747424     
         127         133  0.71307477307741296     
         129         133   1.2783017356886897     
         132         133   1.2384051490110544     
         132         134   1.3632441734971190     
         134         135   1.0621694277398008     
         135         136   1.4093818810494962     
         136         137   1.4732068714109967     
         137         138   1.3886190533470197     
         138         139   1.0818959092763580     
         139         140   1.9410696192570973     
         138         141   1.3834739912539147     
         135         142   1.4143271242236648     
         141         142   1.4685193164080439     
         134         143   1.3632542694675287     
         143         144   1.2217637426065888     
         144         145   1.6171774805302355     
         127         146  0.71338661192570496     
         143         146   1.2385338181997225     
         145         147   1.2310839390914377     
         146         147   1.2792038411132542     
         123         148   1.2127690867178595     
         147         148   1.2962016046266152     
         148         149   1.2965129329522731     
         149         150   1.2309863541689037     
         150         151   1.6173041006547932     
         151         152   1.2217672339371835     
         127         153  0.71315147220150499     
         149         153   1.2793080422656360     
         152         153   1.2384646856398902     
         152         154   1.3638475850761675     
         154         155   1.0610934983217499     
         155         156   1.4149682169131039     
         156         157   1.4681143689524421     
         157         158   1.3839328563359359     
         158         159   1.0813270424775663     
         159         160   1.9415756205444465     
         158         161   1.3888826259642801     
         155         162   1.4098081229076176     
         161         162   1.4728073810159721     
         154         163   1.3634707599840157     
         163         164   1.2220007113858515     
         164         165   1.6173870631401392     
         128         166   1.2963421170413623     
         165         166   1.2313243509058993     
         127         167  0.71380725510873611     
         163         167   1.2385676725484898     
         166         167   1.2778633162572106     
         130         168  0.99816981866836230     
         131         169  0.99816564965095866     
         136         170  0.98879001306772585     
         137         171  0.98808799571978179     
         139         172  0.95451643137384790     
         141         173  0.98214082244851064     
         142         174  0.98839237861426732     
         144         175  0.99799974886885245     
         145         176  0.99844187647555560     
         150         177  0.99838909358310479     
         151         178  0.99801519124896754     
         156         179  0.98826910025175030     
         157         180  0.98208430044327832     
         159         181  0.95442330996757174     
         161         182  0.98811830733713779     
         162         183  0.98889325293139774     
         164         184  0.99814941753897279     
         165         185  0.99783018085571940     
         124         187   1.2123050939239843     
         187         188   1.2970281134000832     
         188         189   1.2308087734939308     
         189         190   1.6175683531270015     
         190         191   1.2216458956388907     
         186         192  0.71259377943824431     
         188         192   1.2796249045258261     
         191         192   1.2392715748677217     
         191         193   1.3638158495187889     
         193         194   1.0592863337055036     
         194         195   1.4107475867092323     
         195         196   1.4722791856777837     
         196         197   1.3892904525945149     
         197         198   1.0810496265612544     
         198         199   1.9420848763109937     
         197         200   1.3840661375132903     
         194         201   1.4155193557620007     
         200         201   1.4678928564423463     
         193         202   1.3653371936974612     
         202         203   1.2208044877208573     
         203         204   1.6190386683260161     
         186         205  0.71240433941518333     
         202         205   1.2389353475309690     
         204         206   1.2295751195984532     
         205         206   1.2783753570632912     
         125         207   1.2058823848995617     
         206         207   1.2997584427218429     
         207         208   1.2987865350356183     
         208         209   1.2300822874448401     
         209         210   1.6182450949887486     
         210         211   1.2211834191670563     
         186         212  0.71204456870328625     
         208         212   1.2787038760430440     
         211         212   1.2387430049085641     
         211         213   1.3650864153016535     
         213         214   1.0595863894490418     
         214         215   1.4152992671557703     
         215         216   1.4681170507349950     
         216         217   1.3836815411635699     
         217         218   1.0819401591890256     
         218         219   1.9411079334678769     
         217         220   1.3887998577281604     
         214         221   1.4105395710660282     
         220         221   1.4727195653376177     
         213         222   1.3637152910630053     
         222         223   1.2216216356562872     
         223         224   1.6176061680961971     
         187         225   1.2970627706570279     
         224         225   1.2307973791841245     
         186         226  0.71248956898613836     
         222         226   1.2393369525824796     
         225         226   1.2795522975925882     
         189         227  0.99840951586408200     
         190         228  0.99798985498224824     
         195         229  0.98882267229400267     
         196         230  0.98811309749214371     
         198         231  0.95436033184076596     
         200         232  0.98206656237970957     
         201         233  0.98822887443053353     
         203         234  0.99804933893703607     
         204         235  0.99808959982811574     
         209         236  0.99827049074323493     
         210         237  0.99810397361741965     
         215         238  0.98828004341648867     
         216         239  0.98216681256152039     
         218         240  0.95453195758753207     
         220         241  0.98808234448924104     
         221         242  0.98873268804969983     
         223         243  0.99803307952078468     
         224         244  0.99850549930674470     
