    0.36740545
   -0.02624639
    0.05731378
   -0.03830814
   -0.03594799
    0.05709354
   -0.23788113
    0.00802595
    0.01577319
   -0.01699415
   -0.01209819
    0.01532609
    0.11199367
   -0.26889450
   -0.01164550
   -0.01641256
    0.05586999
   -0.03633223
   -0.03649190
   -0.23492404
    0.06232551
    0.01471696
    0.06227809
   -0.03651999
   -0.03635898
    0.05585613
   -0.23496451
    0.00799296
    0.01576743
   -0.01701933
   -0.01212368
    0.01530197
    0.11198911
   -0.26892918
   -0.01165090
   -0.01639449
    0.05709081
   -0.03594748
   -0.03830581
    0.05730625
   -0.23784297
    0.02609071
    0.03248370
    0.02501058
    0.03018853
    0.04073300
    0.04163399
    0.03119051
    0.02574070
    0.02966914
    0.02958900
    0.02570517
    0.03014604
    0.04069129
    0.04164313
    0.03122210
    0.02500669
    0.03248190
    0.36766379
   -0.02580733
    0.05736424
   -0.03811787
   -0.03587244
    0.05732788
   -0.23768711
    0.00803044
    0.01571456
   -0.01702218
   -0.01209183
    0.01536712
    0.11201677
   -0.26875756
   -0.01160434
   -0.01642071
    0.05618171
   -0.03612670
   -0.03622013
   -0.23486674
    0.06245365
    0.01502707
    0.06241774
   -0.03623860
   -0.03614960
    0.05618082
   -0.23491256
    0.00799959
    0.01571260
   -0.01703180
   -0.01209170
    0.01535107
    0.11200982
   -0.26879002
   -0.01162731
   -0.01641639
    0.05732546
   -0.03587254
   -0.03811506
    0.05735529
   -0.23764290
    0.02642701
    0.03274285
    0.02522208
    0.03024369
    0.04080819
    0.04180065
    0.03131060
    0.02599068
    0.02993959
    0.02987761
    0.02596652
    0.03022747
    0.04079049
    0.04178930
    0.03131670
    0.02521347
    0.03274010
   -0.02097943
   -0.02167313
   -0.01885477
   -0.01748329
   -0.01990907
   -0.01616763
   -0.02398520
   -0.01815407
   -0.01749861
   -0.02395068
   -0.01546941
   -0.01969018
   -0.01685368
   -0.01853693
   -0.02119081
   -0.02065154
    0.36803676
    0.01142343
    0.06212575
   -0.03823145
   -0.03658200
    0.05415818
   -0.23554862
    0.01009566
    0.01643023
   -0.01628240
   -0.01182121
    0.01519932
    0.11193777
   -0.26983841
   -0.01181000
   -0.01629607
    0.05422582
   -0.03647593
   -0.03821605
   -0.23571458
    0.06218871
    0.01113305
    0.06217390
   -0.03822494
   -0.03648048
    0.05421910
   -0.23570732
    0.01009411
    0.01643359
   -0.01629354
   -0.01181397
    0.01520405
    0.11193783
   -0.26983265
   -0.01180910
   -0.01628760
    0.05416521
   -0.03657364
   -0.03822349
    0.06211755
   -0.23557170
    0.02747224
    0.02422610
    0.03067190
    0.04070753
    0.04076906
    0.03069899
    0.02426015
    0.02744565
    0.02741191
    0.02424952
    0.03068221
    0.04071743
    0.04076141
    0.03069987
    0.02424747
    0.02748747
