   -0.08447368
   -0.02033602
    0.05984223
   -0.04255655
   -0.03893106
    0.06345866
   -0.17208878
    0.01701337
    0.00452628
    0.00208627
   -0.05596150
   -0.03305838
   -0.00561710
   -0.06224973
   -0.03298947
    0.00217521
   -0.05581765
    0.06310582
   -0.03706092
   -0.03908978
   -0.16963927
    0.06661387
    0.01997318
    0.06651435
   -0.03913779
   -0.03710199
    0.06308286
   -0.16969127
    0.01696519
    0.00453966
    0.00222532
   -0.05588561
   -0.03300813
   -0.00562148
   -0.06226363
   -0.03301863
    0.00202981
   -0.05590434
    0.06347918
   -0.03891389
   -0.04252622
    0.05985387
   -0.17199632
    0.02165373
    0.02276838
    0.01506086
    0.01481861
    0.01585918
    0.01239622
    0.02746241
    0.01759654
    0.02274263
    0.01748913
    0.02757615
    0.01694435
    0.01259124
    0.01410027
    0.01755422
    0.02238903
    0.02232420
    0.01742980
    0.01403604
    0.01257935
    0.01681742
    0.02785554
    0.02038538
    0.01694249
    0.02037242
    0.02717783
    0.01495952
    0.01595976
    0.01239060
    0.01518559
    0.02278395
   -0.08444662
   -0.02033814
    0.05983853
   -0.04255615
   -0.03893065
    0.06345430
   -0.17208112
    0.01700740
    0.00452430
    0.00208230
   -0.05596320
   -0.03306228
   -0.00561702
   -0.06224989
   -0.03298660
    0.00218008
   -0.05581217
    0.06310172
   -0.03705938
   -0.03908614
   -0.16964136
    0.06661550
    0.01996900
    0.06650876
   -0.03913862
   -0.03709986
    0.06307732
   -0.16968342
    0.01695739
    0.00453676
    0.00222600
   -0.05588361
   -0.03300699
   -0.00562147
   -0.06226345
   -0.03302145
    0.00202917
   -0.05590247
    0.06347678
   -0.03891199
   -0.04252429
    0.05985068
   -0.17199054
    0.02165752
    0.02276491
    0.01505285
    0.01483494
    0.01583458
    0.01239283
    0.02745558
    0.01760224
    0.02273990
    0.01748432
    0.02758196
    0.01696266
    0.01259503
    0.01408893
    0.01754611
    0.02238908
    0.02231961
    0.01742294
    0.01401723
    0.01258525
    0.01683752
    0.02785948
    0.02037923
    0.01694156
    0.02037839
    0.02717268
    0.01498223
    0.01593466
    0.01238603
    0.01517818
    0.02277956
   -0.01882140
   -0.01882305
   -0.02332026
   -0.01658805
   -0.02332222
   -0.01658743
