           2           3   1.3834492943637506     
           3           4   1.2010747905926173     
           4           5   1.6381411648743331     
           5           6   1.2072639905433042     
           1           7  0.71065687557919188     
           3           7   1.2505568809305427     
           6           7   1.2483285446794699     
           6           8   1.3621285983520208     
           8           9   1.0479831321141528     
           9          10   1.8014295494445722     
          10          11   1.0084207680152215     
          11          12  0.96572826910913445     
          12          13   1.1812919508451321     
           9          14   1.1193549341912870     
          13          14   1.7067156188789272     
           8          15   1.3644127655367180     
          15          16   1.2118105983277971     
          16          17   1.6274757437499032     
           1          18  0.71183352781905729     
          15          18   1.2429793277135814     
          17          19   1.2208156485746433     
          18          19   1.2710868818646499     
          19          20   1.3026952178954097     
          20          21   1.2932430591821629     
          21          22   1.2225765949985534     
          22          23   1.6270583979602729     
          23          24   1.2119966784766365     
           1          25  0.70949377849433171     
          21          25   1.2803727840487780     
          24          25   1.2329882106842778     
          24          26   1.3742398116132897     
          26          27   1.0482327770824511     
          27          28   1.8003028507637777     
          28          29   1.0103713222825581     
          29          30  0.96552081685633695     
          30          31   1.1802653377251862     
          27          32   1.1206818802372318     
          31          32   1.7067343372175814     
          26          33   1.3520041825275577     
          33          34   1.2072113088925216     
          34          35   1.6380187498341441     
           2          36   1.3920484209598332     
          35          36   1.1991524090771948     
           1          37  0.71391253486504513     
          33          37   1.2566989313712886     
          36          37   1.2420004131053848     
           2          38  0.99936343212080292     
           4          39  0.99508028243273239     
           5          40   1.0004288291885286     
          10          41  0.98792013760566644     
          11          42  0.98723644444372327     
          11          43  0.98073771548355071     
          12          44  0.95593318441363473     
          13          45  0.98000203522047391     
          14          46  0.98808368753612763     
          16          47   1.0009965948979986     
          17          48  0.99927206990359130     
          22          49  0.99891885924954893     
          23          50  0.99963315482878479     
          28          51  0.98743371588053985     
          29          52  0.98735009804200258     
          29          53  0.98002967738487479     
          30          54  0.95687294988066030     
          31          55  0.98005900021779735     
          32          56  0.98834864363051234     
          34          57   1.0009715349095281     
          35          58  0.99535299620559625     
          60          61   1.3952027843583625     
          61          62   1.1983095480200174     
          62          63   1.6385215869046872     
          63          64   1.2076529278858217     
          59          65  0.71432653349787767     
          61          65   1.2393533826362759     
          64          65   1.2587501548067361     
          64          66   1.3499769365177661     
          66          67   1.0498969825838140     
          67          68   1.7989455735758306     
          68          69   1.0105115027567781     
          69          70  0.96598599995880363     
          70          71   1.1788630867965741     
          67          72   1.1202385780318282     
          71          72   1.7086457317621615     
          66          73   1.3761639411666091     
          73          74   1.2109584412570389     
          74          75   1.6280072041963820     
          59          76  0.70981138675991406     
          73          76   1.2314828160853428     
          75          77   1.2233588145420906     
          76          77   1.2807912285562009     
          77          78   1.2937160363733213     
          78          79   1.3050829489615359     
          79          80   1.2194466418528034     
          80          81   1.6274659991583236     
          81          82   1.2130587229709189     
          59          83  0.71326982524004101     
          79          83   1.2675291287038415     
          82          83   1.2449486428310195     
          82          84   1.3617755329448231     
          84          85   1.0493926778744600     
          85          86   1.8002255316577949     
          86          87   1.0085362241553104     
          87          88  0.96645871619813639     
          88          89   1.1802141251555556     
          85          90   1.1189543960023596     
          89          90   1.7082609965412034     
          84          91   1.3647896384352560     
          91          92   1.2063957697591239     
          92          93   1.6382764936323695     
          60          94   1.3816414294563621     
          93          94   1.2017241804489609     
          59          95  0.71120954822027316     
          91          95   1.2457766835074666     
          94          95   1.2523464343210797     
          60          96  0.99911837882507315     
          62          97  0.99539505274631324     
          63          98   1.0009040172267660     
          68          99  0.98765675258325103     
          69         100  0.98749311469305157     
          69         101  0.98000105341997357     
          70         102  0.95730306957635292     
          71         103  0.98012918416629147     
          72         104  0.98833916285242396     
          74         105  0.99990914276412979     
          75         106  0.99935478046163218     
          80         107  0.99988762325980518     
          81         108   1.0006350700291604     
          86         109  0.98807587520587281     
          87         110  0.98758245854959414     
          87         111  0.98063286877828404     
          88         112  0.95633024682887169     
          89         113  0.97989031514988878     
          90         114  0.98811522841856059     
          92         115   1.0004477729917753     
          93         116  0.99502006789834807     
          20         117   1.2132770611495729     
         117         118   2.6222945143249237     
         119         120   2.6111830899330544     
          78         122   1.2123739474218389     
         121         122   2.6201427474347345     
         118         124   1.2128120702872833     
         124         125   1.3037581423642919     
         125         126   1.2231967020349419     
         126         127   1.6232266268874804     
         127         128   1.2171980761094856     
         123         129  0.71071357788147349     
         125         129   1.2640807317377389     
         128         129   1.2483541675724104     
         128         130   1.3536893097527114     
         130         131   1.0507516586907564     
         131         132   1.7947581383602211     
         132         133   1.0102365635283077     
         133         134  0.96506359752979576     
         134         135   1.1838276731851707     
         131         136   1.1225426964105052     
         135         136   1.6996896460526829     
         130         137   1.3744839600667194     
         137         138   1.2143538711634236     
         138         139   1.6236299277526938     
         123         140  0.70889905640265383     
         137         140   1.2284022761302691     
         139         141   1.2267577972894528     
         140         141   1.2843577884123833     
         119         142   1.2205530205263162     
         141         142   1.2854295729690333     
         142         143   1.3021676791502113     
         143         144   1.2238628998071512     
         144         145   1.6229800539007713     
         145         146   1.2172666232166203     
         123         147  0.71011767954202865     
         143         147   1.2660590612090934     
         146         147   1.2474923978969266     
         146         148   1.3551201753227455     
         148         149   1.0532804982203010     
         149         150   1.7963304838743042     
         150         151   1.0111357231754232     
         151         152  0.96547894667752887     
         152         153   1.1806153167690048     
         149         154   1.1202646851800533     
         153         154   1.7070835952491084     
         148         155   1.3706652413386651     
         155         156   1.2142296397849468     
         156         157   1.6245688466697379     
         124         158   1.2920531545121177     
         157         158   1.2263041984955669     
         123         159  0.71013318276944548     
         155         159   1.2319259081000744     
         158         159   1.2795556208169676     
         126         160   1.0001531219961011     
         127         161   1.0011620107110037     
         132         162  0.98684281948167563     
         133         163  0.97826502762914225     
         133         164  0.98671750917435597     
         134         165  0.95506501626808649     
         135         166  0.97984553852598322     
         136         167  0.98857430622245612     
         138         168  0.99985976031275592     
         139         169  0.99959347049797898     
         144         170  0.99996409256700980     
         145         171   1.0004235941901085     
         150         172  0.98781306031301241     
         151         173  0.97946258082313542     
         151         174  0.98734853974541381     
         152         175  0.95703714677247764     
         153         176  0.98020665630497261     
         154         177  0.98837263403785103     
         156         178   1.0005084745200536     
         157         179  0.99951461378397877     
         120         181   1.2231476624382247     
         181         182   1.2842880756779163     
         182         183   1.2256878818566841     
         183         184   1.6221895955527190     
         184         185   1.2152467810948917     
         180         186  0.70694963907062391     
         182         186   1.2835297131694621     
         185         186   1.2330106697404595     
         185         187   1.3707718277436682     
         187         188   1.0517999490868477     
         188         189   1.7972822287825552     
         189         190   1.0098805499418952     
         190         191  0.96732759200601826     
         191         192   1.1786753508772825     
         188         193   1.1196026128319385     
         192         193   1.7071980020398316     
         187         194   1.3530181313961580     
         194         195   1.2170906141678197     
         195         196   1.6214166639119387     
         180         197  0.71027346896053356     
         194         197   1.2468217945920634     
         196         198   1.2252241362307361     
         197         198   1.2691957212544605     
         121         199   1.2166866184257392     
         198         199   1.2986214271206493     
         199         200   1.2875247923612034     
         200         201   1.2266220350000248     
         201         202   1.6207154841526659     
         202         203   1.2166589021327960     
         180         204  0.70669856785906160     
         200         204   1.2801538657620490     
         203         204   1.2360436124033793     
         203         205   1.3660149043681389     
         205         206   1.0516403804513665     
         206         207   1.7996260216284319     
         207         208   1.0086253948785060     
         208         209  0.96582443997014311     
         209         210   1.1821865692343425     
         206         211   1.1186240381158521     
         210         211   1.7066228556457406     
         205         212   1.3573205698807431     
         212         213   1.2156327734749992     
         213         214   1.6228666120735711     
         181         215   1.2953930721517364     
         214         215   1.2239587777644201     
         180         216  0.71050492953340971     
         212         216   1.2440532079906288     
         215         216   1.2724681562620861     
         183         217  0.99955595205864034     
         184         218  0.99988490417377573     
         189         219  0.98669132607644827     
         190         220  0.97737020023980603     
         190         221  0.98725773425935837     
         191         222  0.95696057676302337     
         192         223  0.98034343164700288     
         193         224  0.98891817939749571     
         195         225   1.0005026718815979     
         196         226  0.99973233908033854     
         201         227  0.99963373613012374     
         202         228  0.99954210238265162     
         207         229  0.98781956629356016     
         208         230  0.98035340088190293     
         208         231  0.98738690590515321     
         209         232  0.95597591227815348     
         210         233  0.98010986381814835     
         211         234  0.98827523788542193     
         213         235   1.0014004755396255     
         214         236  0.99954537161216606     
