           1           2   1.3723546466177892     
           2           3   1.2413471658846180     
           3           4   1.5970388713615087     
           4           5   1.2533718499450448     
           2           6   1.2296946545829053     
           5           6   1.2295652204771268     
           5           7   1.3413535258505764     
           7           8   1.0572712314331216     
           8           9   1.4127665220654551     
           9          10   1.4616306721581569     
          10          11   1.3834661369049659     
          11          12   1.1439106042679901     
          12          13  0.97104304355839088     
          11          14   1.3699594319061850     
           8          15   1.4037206352302243     
          14          15   1.4767551466267488     
           7          16   1.3639598921199816     
          16          17   1.1641971055005556     
          17          18   1.6896157503925811     
          16          19   1.3593666786027754     
          18          20   1.1688947571408823     
          19          20   1.4122530642531141     
          20          21   1.2922356987785735     
          21          22   1.2922145976656378     
          22          23   1.2690199719485469     
          23          24   1.5830525779468716     
          24          25   1.2605827548739694     
          22          26   1.2494618626615412     
          25          26   1.2246824365126459     
          25          27   1.3430710224548825     
          27          28   1.0553184289709996     
          28          29   1.4138650780291513     
          29          30   1.4607337219671395     
          30          31   1.3839414853216210     
          31          32   1.1432813988527193     
          32          33  0.97092944406268300     
          31          34   1.3702681543546011     
          28          35   1.4044850383248144     
          34          35   1.4763846023920164     
          27          36   1.3565522234977645     
          36          37   1.1548897474904540     
          37          38   1.7053991426859094     
           1          39   1.3843941862114040     
          38          39   1.1482015411332502     
          36          40   1.3817514658942822     
          39          40   1.3748743673783947     
           1          41  0.99635354648780172     
           3          42  0.99309902263431749     
           4          43  0.99934944266264247     
           6          44  0.96183512783324854     
           9          45  0.98949279717429428     
          10          46  0.99117103943224139     
          12          47  0.97169143057926100     
          13          48  0.99617617995537522     
          13          49  0.99832305800483034     
          13          50   1.0055653661982922     
          14          51  0.98928804348339350     
          15          52  0.98955264941467269     
          17          53  0.99866713226031367     
          18          54  0.99920754435700732     
          23          55  0.99889067209345628     
          24          56  0.99872763648928142     
          26          57  0.96120507145791967     
          29          58  0.98978789783954513     
          30          59  0.99144413377875396     
          32          60  0.97161612832239974     
          33          61   1.0058557921275810     
          33          62  0.99601525226324406     
          33          63  0.99833607380430611     
          34          64  0.98908223087423564     
          35          65  0.98941391250394828     
          37          66  0.99998004033122145     
          38          67  0.99353271974544899     
          68          69   1.3722022618189236     
          69          70   1.2414574412992885     
          70          71   1.5968516714869763     
          71          72   1.2536893392489843     
          69          73   1.2297769677624628     
          72          73   1.2295532178894011     
          72          74   1.3411008664156658     
          74          75   1.0569516762838860     
          75          76   1.4127011680434292     
          76          77   1.4617782763288678     
          77          78   1.3834341757183271     
          78          79   1.1437491368405857     
          79          80  0.97090276487317972     
          78          81   1.3701167802452903     
          75          82   1.4041193697561956     
          81          82   1.4764722649759752     
          74          83   1.3646438840551507     
          83          84   1.1642198521554188     
          84          85   1.6897312023354329     
          83          86   1.3586709368002658     
          85          87   1.1688895416117346     
          86          87   1.4134772259370021     
          87          88   1.2909824025286993     
          88          89   1.2907719773952075     
          89          90   1.2693474157201772     
          90          91   1.5827891461549357     
          91          92   1.2608150847407795     
          89          93   1.2501921769946733     
          92          93   1.2245056146076674     
          92          94   1.3430697799872156     
          94          95   1.0559505398603874     
          95          96   1.4136814542796656     
          96          97   1.4607633949323815     
          97          98   1.3838302835519862     
          98          99   1.1436718797107972     
          99         100  0.97094252599920294     
          98         101   1.3697274801802788     
          95         102   1.4039167777694861     
         101         102   1.4768434118503424     
          94         103   1.3560483940210857     
         103         104   1.1550920974701055     
         104         105   1.7052513158615488     
          68         106   1.3844925162989163     
         105         106   1.1482459565199274     
         103         107   1.3819814800152381     
         106         107   1.3747716396174685     
          68         108  0.99637035501390259     
          70         109  0.99312571365984648     
          71         110  0.99937457243545835     
          73         111  0.96175253611152167     
          76         112  0.98945394300853617     
          77         113  0.99107874740496826     
          79         114  0.97175207487899329     
          80         115  0.99615032518060742     
          80         116  0.99834164391514257     
          80         117   1.0055489171342977     
          81         118  0.98932084960241329     
          82         119  0.98951660476237324     
          84         120  0.99876154514833926     
          85         121  0.99918614788355586     
          90         122  0.99898155724267623     
          91         123  0.99868177770654931     
          93         124  0.96110641506523953     
          96         125  0.98979686790529731     
          97         126  0.99143105159090161     
          99         127  0.97134206260819189     
         100         128   1.0058932776390250     
         100         129  0.99586706937435554     
         100         130  0.99833484100497971     
         101         131  0.98908063638113630     
         102         132  0.98943578784073072     
         104         133  0.99998035131495788     
         105         134  0.99354610499245022     
          21         135   1.2078551729365266     
         135         136   2.6175098714657290     
         137         138   2.6103978897372833     
         139         140   2.6082561681200525     
         141         142   2.6055445712054199     
         143         144   2.6085073081129573     
         145         146   2.6049405690934626     
         147         148   2.6053723310673611     
         149         150   2.6037299144019626     
          88         152   1.2112301864420427     
         151         152   2.6142071488765506     
         136         153   1.2100764060581781     
         153         154   1.2876329966761133     
         154         155   1.2721464499932453     
         155         156   1.5779348910364126     
         156         157   1.2649530742758357     
         154         158   1.2513588524452979     
         157         158   1.2235209761287034     
         157         159   1.3388973117063923     
         159         160   1.0516144010485629     
         160         161   1.4056314866316411     
         161         162   1.4761437248093605     
         162         163   1.3712445692907858     
         163         164   1.1422826662853045     
         164         165  0.97135609792448196     
         163         166   1.3848898756347947     
         160         167   1.4173570365300838     
         166         167   1.4587764858556331     
         159         168   1.3709265347215889     
         168         169   1.1639863992113240     
         169         170   1.6899478922864206     
         168         171   1.3562474076751285     
         170         172   1.1703410723317551     
         171         172   1.4152329819493432     
         137         173   1.2140640581110385     
         172         173   1.2899504391968695     
         173         174   1.2847347941827028     
         174         175   1.2742257053654500     
         175         176   1.5757431638306980     
         176         177   1.2667591975384913     
         174         178   1.2512752482206984     
         177         178   1.2255716197344682     
         177         179   1.3337897431677026     
         179         180   1.0581998016112684     
         180         181   1.4132672080073605     
         181         182   1.4617590411750410     
         182         183   1.3832079706315834     
         183         184   1.1441305988566108     
         184         185  0.97105795493473934     
         183         186   1.3701716127780854     
         180         187   1.4029644541093402     
         186         187   1.4769162006419767     
         179         188   1.3716490914602424     
         188         189   1.1637303643571759     
         189         190   1.6894282386110959     
         153         191   1.2886824916593860     
         190         191   1.1697328157140410     
         188         192   1.3552538154036133     
         191         192   1.4154436640829817     
         155         193  0.99898668586685269     
         156         194  0.99964474016069205     
         158         195  0.96261578214325272     
         161         196  0.98945727642431180     
         162         197  0.98925969542821157     
         164         198  0.97224193923048763     
         165         199  0.99552211105843202     
         165         200  0.99845093333155477     
         165         201   1.0059849542890535     
         166         202  0.99103588540630438     
         167         203  0.98978157910037179     
         169         204  0.99978299893593725     
         170         205  0.99942441590808406     
         175         206  0.99879319067491634     
         176         207  0.99880675958815490     
         178         208  0.96276285849632603     
         181         209  0.98989463755982754     
         182         210  0.99098989191891718     
         184         211  0.97211396812179796     
         185         212   1.0059977650264516     
         185         213  0.99846012815777563     
         185         214  0.99546735701963784     
         186         215  0.98923703182389788     
         187         216  0.98914415791848431     
         189         217  0.99941789984575491     
         190         218  0.99940328133890788     
         138         219   1.2140866518024858     
         219         220   1.2860828017156944     
         220         221   1.2730286911990687     
         221         222   1.5778415243106336     
         222         223   1.2652147121886592     
         220         224   1.2517014659573655     
         223         224   1.2241163976046188     
         223         225   1.3375457066282286     
         225         226   1.0549876123167030     
         226         227   1.4036156275075555     
         227         228   1.4770867441861468     
         228         229   1.3704925376589863     
         229         230   1.1431904991792075     
         230         231  0.97095478896799836     
         229         232   1.3841791014824107     
         226         233   1.4159122769495376     
         232         233   1.4598474467950129     
         225         234   1.3700805971091339     
         234         235   1.1646941257035870     
         235         236   1.6879632333600885     
         234         237   1.3560458554240744     
         236         238   1.1714223697110924     
         237         238   1.4160053028146649     
         139         239   1.2170064646820331     
         238         239   1.2868761173865859     
         239         240   1.2850128662609548     
         240         241   1.2740413648712379     
         241         242   1.5774222151708150     
         242         243   1.2657207579885184     
         240         244   1.2517253078294857     
         243         244   1.2249750617036381     
         243         245   1.3360835141019038     
         245         246   1.0541860297857035     
         246         247   1.4153056581733674     
         247         248   1.4605289502601948     
         248         249   1.3841099446143137     
         249         250   1.1427770351290467     
         250         251  0.97134577385622412     
         249         252   1.3712180904102556     
         246         253   1.4051234413264035     
         252         253   1.4757968515146636     
         245         254   1.3723688606173217     
         254         255   1.1642128860752861     
         255         256   1.6885700823871408     
         219         257   1.2871376750524814     
         256         257   1.1703514592957589     
         254         258   1.3546980533756148     
         257         258   1.4166591205459478     
         221         259  0.99887580842118961     
         222         260  0.99949869939287017     
         224         261  0.96289408905842411     
         227         262  0.98928469830360055     
         228         263  0.98922346856679622     
         230         264  0.97216520176703181     
         231         265  0.99552806671124561     
         231         266  0.99848672238559866     
         231         267   1.0060130146005180     
         232         268  0.99105195195734108     
         233         269  0.98985008678301611     
         235         270  0.99952623076055880     
         236         271  0.99945045456994286     
         241         272  0.99852253942459657     
         242         273  0.99948339038312850     
         244         274  0.96295084417192855     
         247         275  0.98981844011678422     
         248         276  0.99098264640071532     
         250         277  0.97241200015942431     
         251         278   1.0060628859477130     
         251         279  0.99848137638928447     
         251         280  0.99532147491121903     
         252         281  0.98926309731502915     
         253         282  0.98926775698479763     
         255         283  0.99950356971706278     
         256         284  0.99971717309499419     
         140         285   1.2172877109798510     
         285         286   1.2828314528388849     
         286         287   1.2754634471837991     
         287         288   1.5747508977302900     
         288         289   1.2673088574824822     
         286         290   1.2518134070924420     
         289         290   1.2249767931961297     
         289         291   1.3342303316783708     
         291         292   1.0593195765324983     
         292         293   1.4018204079342864     
         293         294   1.4782591635226434     
         294         295   1.3696419932728696     
         295         296   1.1442182544198825     
         296         297  0.97088018998885872     
         295         298   1.3832903420509204     
         292         299   1.4135048688406020     
         298         299   1.4610759115388052     
         291         300   1.3703375210461388     
         300         301   1.1656786725267214     
         301         302   1.6861438194900520     
         300         303   1.3545294176281577     
         302         304   1.1727509062475032     
         303         304   1.4183776602837781     
         141         305   1.2207014241430136     
         304         305   1.2824688654568186     
         305         306   1.2856009399071813     
         306         307   1.2737735199091691     
         307         308   1.5783705692132046     
         308         309   1.2649156141098508     
         306         310   1.2515314298513938     
         309         310   1.2247600974834740     
         309         311   1.3378719805063446     
         311         312   1.0504762532577641     
         312         313   1.4171922588509309     
         313         314   1.4597244776925049     
         314         315   1.3848346811474082     
         315         316   1.1418489201112418     
         316         317  0.97126330190832033     
         315         318   1.3720288404881307     
         312         319   1.4068199921156794     
         318         319   1.4746063935326255     
         311         320   1.3731236741683006     
         320         321   1.1635719807808313     
         321         322   1.6901960972598977     
         285         323   1.2882034745908024     
         322         323   1.1706170508055702     
         320         324   1.3551580695793233     
         323         324   1.4160453694093393     
         287         325  0.99857214677982320     
         288         326  0.99911934949355097     
         290         327  0.96266199817449194     
         293         328  0.98944011420164080     
         294         329  0.98921731085645426     
         296         330  0.97190978715262888     
         297         331  0.99558608776386637     
         297         332  0.99847806229225311     
         297         333   1.0059791569201084     
         298         334  0.99097969849253109     
         299         335  0.98963997366171796     
         301         336  0.99942105478383148     
         302         337  0.99911024902925683     
         307         338  0.99786651565245665     
         308         339  0.99957663226410276     
         310         340  0.96287912465004843     
         313         341  0.98994155035582387     
         314         342  0.99103261922814589     
         316         343  0.97267144800295258     
         317         344   1.0060955617041614     
         317         345  0.99850629984563921     
         317         346  0.99528399028221781     
         318         347  0.98924967690965548     
         319         348  0.98910182773669231     
         321         349   1.0000120523924940     
         322         350  0.99912324135697361     
         142         351   1.2205334835180690     
         351         352   1.2804621868101291     
         352         353   1.2764903646559393     
         353         354   1.5740947314079428     
         354         355   1.2676652659494489     
         352         356   1.2524110565564497     
         355         356   1.2248388877452743     
         355         357   1.3340386888558560     
         357         358   1.0601792351273147     
         358         359   1.4018028450562565     
         359         360   1.4781098667767525     
         360         361   1.3698532095101990     
         361         362   1.1442846308560672     
         362         363  0.97090026293664788     
         361         364   1.3830378138893133     
         358         365   1.4126785218691749     
         364         365   1.4616260872911668     
         357         366   1.3697088101396655     
         366         367   1.1654277761029435     
         367         368   1.6867474266471449     
         366         369   1.3555843055237204     
         368         370   1.1721874898431304     
         369         370   1.4169165155881267     
         143         371   1.2171275206378254     
         370         371   1.2848303381188455     
         371         372   1.2868894651384553     
         372         373   1.2731699731609813     
         373         374   1.5787308192747340     
         374         375   1.2645786552682137     
         372         376   1.2510281035058852     
         375         376   1.2250452015108499     
         375         377   1.3376959450976493     
         377         378   1.0506347724629468     
         378         379   1.4173280526617362     
         379         380   1.4596031583110185     
         380         381   1.3848758174239482     
         381         382   1.1418933210357458     
         382         383  0.97124832129804439     
         381         384   1.3719599415578523     
         378         385   1.4064816959053892     
         384         385   1.4748064298732650     
         377         386   1.3731707507024962     
         386         387   1.1636949633096372     
         387         388   1.6903449406267210     
         351         389   1.2878852617700449     
         388         389   1.1708806426202298     
         386         390   1.3551284071934673     
         389         390   1.4162811482928588     
         353         391  0.99835845734846351     
         354         392  0.99905917331084582     
         356         393  0.96266613233139353     
         359         394  0.98949091696247660     
         360         395  0.98926110873093198     
         362         396  0.97213850094043985     
         363         397  0.99545596149616722     
         363         398  0.99846010102562510     
         363         399   1.0059741395877160     
         364         400  0.99088778972987179     
         365         401  0.98961034449111573     
         367         402  0.99934326689373387     
         368         403  0.99919244578622590     
         373         404  0.99848677925733353     
         374         405  0.99955292013292640     
         376         406  0.96284023758993798     
         379         407  0.98989190881412970     
         380         408  0.99104432455288760     
         382         409  0.97269904521181816     
         383         410   1.0060894940936347     
         383         411  0.99850045117486697     
         383         412  0.99527960277934524     
         384         413  0.98923117956135986     
         385         414  0.98912392804036053     
         387         415  0.99997946947606764     
         388         416  0.99856052130956707     
         144         417   1.2169670148380689     
         417         418   1.2845021253783344     
         418         419   1.2744039942071488     
         419         420   1.5764788375356213     
         420         421   1.2658488543455473     
         418         422   1.2510273080142857     
         421         422   1.2254061967193255     
         421         423   1.3355517948705122     
         423         424   1.0535735007516600     
         424         425   1.4054838309012514     
         425         426   1.4761438956851336     
         426         427   1.3710609397178775     
         427         428   1.1430026622265261     
         428         429  0.97124252246355791     
         427         430   1.3840981698983783     
         424         431   1.4154358944290699     
         430         431   1.4599527748333270     
         423         432   1.3735145191497542     
         432         433   1.1641577442718056     
         433         434   1.6898946371267740     
         432         435   1.3544272745630177     
         434         436   1.1713559842578769     
         435         436   1.4179241555126714     
         145         437   1.2209721980063823     
         436         437   1.2860779533717293     
         437         438   1.2820863754991987     
         438         439   1.2754563286122798     
         439         440   1.5757150070488088     
         440         441   1.2664580991449863     
         438         442   1.2520802318147948     
         441         442   1.2246528362948264     
         441         443   1.3359020498071164     
         443         444   1.0547504027071546     
         444         445   1.4153417326630884     
         445         446   1.4609188830519841     
         446         447   1.3839675789723791     
         447         448   1.1430502251549211     
         448         449  0.97087883694226695     
         447         450   1.3709325446905174     
         444         451   1.4043772128252336     
         450         451   1.4759558673644007     
         443         452   1.3720544177580269     
         452         453   1.1639569210294951     
         453         454   1.6895837055781184     
         417         455   1.2877833490964912     
         454         455   1.1710725593266076     
         452         456   1.3557225956053049     
         455         456   1.4161543151300868     
         419         457  0.99866439079321523     
         420         458  0.99929560002628159     
         422         459  0.96256508176255806     
         425         460  0.98945464302000097     
         426         461  0.98935905925035050     
         428         462  0.97224395540608155     
         429         463  0.99538505708341918     
         429         464  0.99846756185345509     
         429         465   1.0059890142969077     
         430         466  0.99090030712640897     
         431         467  0.98944164201032891     
         433         468  0.99992407646009818     
         434         469  0.99840461184559293     
         439         470  0.99838553452360412     
         440         471  0.99912382125374788     
         442         472  0.96274977166582754     
         445         473  0.99007903184222412     
         446         474  0.99105166860512717     
         448         475  0.97237572525244342     
         449         476   1.0060702457073623     
         449         477  0.99848878168855182     
         449         478  0.99541530343469631     
         450         479  0.98915327015368115     
         451         480  0.98896944627847039     
         453         481  0.99992349166506067     
         454         482  0.99929520400806693     
         146         483   1.2214074152548180     
         483         484   1.2855330436418726     
         484         485   1.2737738203131472     
         485         486   1.5782532125377589     
         486         487   1.2649162331926436     
         484         488   1.2513345740445865     
         487         488   1.2245525709405627     
         487         489   1.3382062392167962     
         489         490   1.0492964326676479     
         490         491   1.4066506503294716     
         491         492   1.4754167265817404     
         492         493   1.3717399767397465     
         493         494   1.1417945472759838     
         494         495  0.97131081161505484     
         493         496   1.3853226266810397     
         490         497   1.4185271081472279     
         496         497   1.4582243512303106     
         489         498   1.3738095908006478     
         498         499   1.1637596980577942     
         499         500   1.6900723687561117     
         498         501   1.3543526423255903     
         500         502   1.1710592138307094     
         501         502   1.4170123177940428     
         147         503   1.2203192537469185     
         502         503   1.2867470694166327     
         503         504   1.2817631086071919     
         504         505   1.2763851110102165     
         505         506   1.5740227982127761     
         506         507   1.2679364146411924     
         504         508   1.2521155746557080     
         507         508   1.2254550884703332     
         507         509   1.3329963015650377     
         509         510   1.0603925750968917     
         510         511   1.4123980687408184     
         511         512   1.4623259695293289     
         512         513   1.3828571842084916     
         513         514   1.1444054462600817     
         514         515  0.97089450874717687     
         513         516   1.3697533629861387     
         510         517   1.4018561025440817     
         516         517   1.4776222709044984     
         509         518   1.3706935522537922     
         518         519   1.1658932874904611     
         519         520   1.6855578861251743     
         483         521   1.2812245853582949     
         520         521   1.1730862305133503     
         518         522   1.3537894747096493     
         521         522   1.4189500442895460     
         485         523  0.99752324980421425     
         486         524  0.99967664311754145     
         488         525  0.96275363199020003     
         491         526  0.98934215412131743     
         492         527  0.98934263121542021     
         494         528  0.97252415711170448     
         495         529  0.99541858891338642     
         495         530  0.99851311918434149     
         495         531   1.0060418005353560     
         496         532  0.99101923617253518     
         497         533  0.98961360644524532     
         499         534   1.0001041601303173     
         500         535  0.99894970909567815     
         505         536  0.99850344493218457     
         506         537  0.99908307544677744     
         508         538  0.96275855622649942     
         511         539  0.98996994453909515     
         512         540  0.99094988530963068     
         514         541  0.97201260569336734     
         515         542   1.0059764867550431     
         515         543  0.99846414209771073     
         515         544  0.99543604345393411     
         516         545  0.98920021373843414     
         517         546  0.98917836905679124     
         519         547  0.99941474354202287     
         520         548  0.99903607057284671     
         148         549   1.2202766577104915     
         549         550   1.2843548935275049     
         550         551   1.2740735135533994     
         551         552   1.5774161001477913     
         552         553   1.2654834076388088     
         550         554   1.2517719298562302     
         553         554   1.2245794972533990     
         553         555   1.3369626076099559     
         555         556   1.0496888618690268     
         556         557   1.4067872584373238     
         557         558   1.4752339156639127     
         558         559   1.3716936628453265     
         559         560   1.1420865952913426     
         560         561  0.97118824677449944     
         559         562   1.3849962290998237     
         556         563   1.4179721966327909     
         562         563   1.4586544671017094     
         555         564   1.3748853387350297     
         564         565   1.1639159012784468     
         565         566   1.6901344847539086     
         564         567   1.3531878297810889     
         566         568   1.1705706912702447     
         567         568   1.4181806380746336     
         149         569   1.2214647922779978     
         568         569   1.2861951085517369     
         569         570   1.2804229373684826     
         570         571   1.2762545830486209     
         571         572   1.5738773603917509     
         572         573   1.2679011376464175     
         570         574   1.2530517482011836     
         573         574   1.2243044929649121     
         573         575   1.3341963991147565     
         575         576   1.0599446632832716     
         576         577   1.4127042263117315     
         577         578   1.4622105389916529     
         578         579   1.3831246373752286     
         579         580   1.1439007705569222     
         580         581  0.97096247566101224     
         579         582   1.3700620410901003     
         576         583   1.4021936056788029     
         582         583   1.4773125108721370     
         575         584   1.3696813999732433     
         584         585   1.1656924559626873     
         585         586   1.6862657997245205     
         549         587   1.2838967160240151     
         586         587   1.1725029415507351     
         584         588   1.3550522464097983     
         587         588   1.4174871009494745     
         551         589  0.99820634724502033     
         552         590  0.99966411947429734     
         554         591  0.96279444576324791     
         557         592  0.98936134473747928     
         558         593  0.98936065830207964     
         560         594  0.97242163549937621     
         561         595  0.99538670292386600     
         561         596  0.99850347193491029     
         561         597   1.0060348372464658     
         562         598  0.99103173189218441     
         563         599  0.98968943952544186     
         565         600   1.0000389816504167     
         566         601  0.99927978270913864     
         571         602  0.99865092870826322     
         572         603  0.99907603700945447     
         574         604  0.96285944906372734     
         577         605  0.98998135361911854     
         578         606  0.99097196904196316     
         580         607  0.97216659313550235     
         581         608   1.0060437031667329     
         581         609  0.99847870395540750     
         581         610  0.99537588311618286     
         582         611  0.98920091332939841     
         583         612  0.98915195753520402     
         585         613  0.99952192140357521     
         586         614  0.99926547122646625     
         150         615   1.2220763067058495     
         615         616   1.2826248912504001     
         616         617   1.2762061090921777     
         617         618   1.5740612631899538     
         618         619   1.2681441860115081     
         616         620   1.2512348217311062     
         619         620   1.2264848252702698     
         619         621   1.3315320919151148     
         621         622   1.0619358245321053     
         622         623   1.4015283143731470     
         623         624   1.4783905693323758     
         624         625   1.3688060003459421     
         625         626   1.1448696994790610     
         626         627  0.97085963640057082     
         625         628   1.3827408138917305     
         622         629   1.4110558206614687     
         628         629   1.4626187602722094     
         621         630   1.3704809911023423     
         630         631   1.1641769520783318     
         631         632   1.6882182793207259     
         630         633   1.3551538399304563     
         632         634   1.1708438882956786     
         633         634   1.4154693348728924     
         151         635   1.2142919610832394     
         634         635   1.2870662909655706     
         635         636   1.2846384954396661     
         636         637   1.2747442366766071     
         637         638   1.5747052855743924     
         638         639   1.2674194037723225     
         636         640   1.2515436814678289     
         639         640   1.2245765450747850     
         639         641   1.3345233173489555     
         641         642   1.0609357993539665     
         642         643   1.4124267992168287     
         643         644   1.4623521398495620     
         644         645   1.3828659563995414     
         645         646   1.1445182919295445     
         646         647  0.97085786652792927     
         645         648   1.3695258513155473     
         642         649   1.4014172259298565     
         648         649   1.4777404354010637     
         641         650   1.3680567073308412     
         650         651   1.1662355252595371     
         651         652   1.6852402380756604     
         615         653   1.2834757255642733     
         652         653   1.1729707384465500     
         650         654   1.3553975279624131     
         653         654   1.4169293007414683     
         617         655  0.99817805400474846     
         618         656  0.99899093939593209     
         620         657  0.96295361902732224     
         623         658  0.98947860051007308     
         624         659  0.98911176147533797     
         626         660  0.97123211684195698     
         627         661  0.99599231610063332     
         627         662  0.99845894945220226     
         627         663   1.0058251357975270     
         628         664  0.99130147489030751     
         629         665  0.98982270216513124     
         631         666  0.99937517142969368     
         632         667  0.99921837298577820     
         637         668  0.99869037409116557     
         638         669  0.99912627894076167     
         640         670  0.96278497443581967     
         643         671  0.98999582798009511     
         644         672  0.99094701825971576     
         646         673  0.97192496615182833     
         647         674   1.0059859934987376     
         647         675  0.99842761557089121     
         647         676  0.99527646249483948     
         648         677  0.98927048428936926     
         649         678  0.98929972268552624     
         651         679  0.99938521142891268     
         652         680  0.99934644902631165     
