   -0.03410864
    0.05775369
   -0.04320008
   -0.03774547
    0.05690724
   -0.16418366
    0.00566654
   -0.00428988
   -0.02365345
   -0.03593881
    0.06025730
   -0.25166747
    0.00199827
   -0.04104879
   -0.02645424
    0.05386610
   -0.04031523
   -0.03935932
   -0.28983355
    0.06115267
    0.01113522
    0.06245958
   -0.03701258
   -0.03737331
    0.05677037
   -0.16057524
    0.00357743
   -0.00452621
   -0.02525848
   -0.03707069
    0.05982078
   -0.25238500
    0.00200803
   -0.04052997
   -0.02587539
    0.05531700
   -0.04165520
   -0.04611404
    0.05460070
   -0.29512827
    0.01623143
    0.02760875
    0.01934785
    0.15914824
    0.01835560
    0.02429215
    0.16394537
    0.02793432
    0.03171410
    0.02624350
    0.02067515
    0.01713954
    0.01121026
    0.01387901
    0.02324852
    0.02113806
    0.15653521
    0.01638859
    0.02240699
    0.16470261
    0.02415965
    0.02938054
    0.03163000
    0.02171219
    0.01814933
    0.00990131
    0.01823262
   -0.03400138
    0.05775699
   -0.04314859
   -0.03766872
    0.05699192
   -0.16409586
    0.00573744
   -0.00432656
   -0.02367397
   -0.03585537
    0.06034799
   -0.25154835
    0.00205530
   -0.04100420
   -0.02645217
    0.05388388
   -0.04024326
   -0.03933713
   -0.28990009
    0.06108027
    0.01125306
    0.06261266
   -0.03678536
   -0.03712820
    0.05689502
   -0.16049837
    0.00371134
   -0.00450637
   -0.02519736
   -0.03700098
    0.05990347
   -0.25233214
    0.00205056
   -0.04051572
   -0.02586892
    0.05540853
   -0.04161022
   -0.04610032
    0.05459155
   -0.29502059
    0.01631983
    0.02762306
    0.01937421
    0.15918772
    0.01829584
    0.02439004
    0.16387478
    0.02793306
    0.03167059
    0.02633283
    0.02065748
    0.01715308
    0.01172301
    0.01414536
    0.02332119
    0.02135422
    0.15655616
    0.01646662
    0.02246106
    0.16476668
    0.02413577
    0.02954599
    0.03164258
    0.02164737
    0.01802610
    0.00989832
    0.01822698
   -0.03369464
   -0.02981260
   -0.02968692
   -0.03361174
    0.00591431
    0.06190986
   -0.04004645
   -0.03779527
    0.05481550
   -0.16055773
    0.00792978
   -0.00326323
   -0.02452647
   -0.04008753
    0.05976223
   -0.25259173
    0.00202912
   -0.03658833
   -0.02504712
    0.05270333
   -0.04066954
   -0.04137358
   -0.29084222
    0.06046760
    0.00600642
    0.06208057
   -0.03993128
   -0.03746532
    0.05470946
   -0.16001395
    0.00790170
   -0.00355254
   -0.02325758
   -0.03609828
    0.06032794
   -0.25195973
    0.00227460
   -0.04068431
   -0.02528613
    0.05253291
   -0.04067546
   -0.04147243
    0.06053292
   -0.29026289
    0.02035362
    0.01911423
    0.15643896
    0.01799148
    0.02111028
    0.16328605
    0.02878906
    0.03059193
    0.02424818
    0.02241290
    0.01721255
    0.01046065
    0.01189778
    0.02001778
    0.01823495
    0.15640991
    0.01751300
    0.02304455
    0.16379250
    0.02473143
    0.03078141
    0.02988640
    0.02085596
    0.01831942
    0.00966595
    0.01126947
