    0.26990813
   -0.02678927
    0.05820320
   -0.03958164
   -0.03687528
    0.05754138
   -0.21202397
    0.00779997
    0.01649115
   -0.01677928
   -0.01254283
    0.01489283
    0.11180592
   -0.27036468
   -0.01160012
   -0.01577002
    0.05682743
   -0.03677762
   -0.03500618
   -0.20804813
    0.06219282
    0.01446890
    0.06231807
   -0.03496807
   -0.03674104
    0.05675777
   -0.20810828
    0.00782419
    0.01651815
   -0.01683360
   -0.01252412
    0.01489949
    0.11180317
   -0.27037632
   -0.01158610
   -0.01570945
    0.05758869
   -0.03689718
   -0.03958344
    0.05816921
   -0.21195414
    0.02190472
    0.02790662
    0.02015471
    0.02692877
    0.03922221
    0.04110109
    0.02853053
    0.02108089
    0.01954331
    0.01964922
    0.02108880
    0.02685934
    0.03918757
    0.04115742
    0.02863207
    0.02021770
    0.02786017
    0.26914365
   -0.02623252
    0.05849448
   -0.03939637
   -0.03695105
    0.05795855
   -0.21195043
    0.00824143
    0.01678189
   -0.01666476
   -0.01226967
    0.01487637
    0.11183283
   -0.27027495
   -0.01165271
   -0.01617050
    0.05748041
   -0.03662375
   -0.03483755
   -0.20831818
    0.06282163
    0.01533535
    0.06292259
   -0.03478296
   -0.03663818
    0.05744682
   -0.20842726
    0.00828646
    0.01681037
   -0.01693477
   -0.01233753
    0.01486335
    0.11182867
   -0.27030571
   -0.01156432
   -0.01590775
    0.05801695
   -0.03693237
   -0.03940901
    0.05848834
   -0.21183742
    0.02189993
    0.02837721
    0.02094527
    0.02716043
    0.03951811
    0.04099023
    0.02851742
    0.02185451
    0.02047173
    0.02069968
    0.02172988
    0.02697123
    0.03943149
    0.04110872
    0.02882511
    0.02111704
    0.02833216
   -0.03233359
   -0.02867428
   -0.02692414
   -0.03130791
    0.26734471
    0.00986212
    0.06191628
   -0.03737781
   -0.03707738
    0.05507478
   -0.20925662
    0.00983267
    0.01707002
   -0.01586045
   -0.01205729
    0.01477863
    0.11175918
   -0.27114777
   -0.01199819
   -0.01581583
    0.05513227
   -0.03698133
   -0.03758552
   -0.20983376
    0.06208824
    0.00958466
    0.06206648
   -0.03763329
   -0.03701424
    0.05515952
   -0.20983636
    0.00985363
    0.01711365
   -0.01579849
   -0.01202756
    0.01478074
    0.11176190
   -0.27115910
   -0.01199684
   -0.01587111
    0.05502151
   -0.03707318
   -0.03737154
    0.06197720
   -0.20926320
    0.01685701
    0.01924773
    0.02746119
    0.03974077
    0.03992097
    0.02787809
    0.01898870
    0.01715016
    0.01685330
    0.01893055
    0.02751250
    0.03976449
    0.03988165
    0.02790245
    0.01925775
    0.01698816
