           1           2   1.3706253185962061     
           2           3   1.2403292899705738     
           3           4   1.5964032190432711     
           4           5   1.2509873390249868     
           2           6   1.2302452787547211     
           5           6   1.2270397699360769     
           5           7   1.3423990156520336     
           7           8   1.0537839625428014     
           8           9   1.4145590036464399     
           9          10   1.4642753438829237     
          10          11   1.3821816667140676     
          11          12   1.1246179337895095     
          12          13   2.9615048537426469     
          11          14   1.3829044489301818     
           8          15   1.4149915715667036     
          14          15   1.4632357415637940     
           7          16   1.3640888883656943     
          16          17   1.1623659303079594     
          17          18   1.6898067992118588     
          16          19   1.3578142310830019     
          18          20   1.1679902689115551     
          19          20   1.4119811484833449     
          20          21   1.2929923958666489     
          21          22   1.2894684315591800     
          22          23   1.2701576934084788     
          23          24   1.5783295055239133     
          24          25   1.2609480131525728     
          22          26   1.2486811147542765     
          25          26   1.2254274519014443     
          25          27   1.3363444051240907     
          27          28   1.0550719348206343     
          28          29   1.4137859282722867     
          29          30   1.4642358018073811     
          30          31   1.3821748973624719     
          31          32   1.1248259123792279     
          32          33   2.9610389468807066     
          31          34   1.3819779404318699     
          28          35   1.4139792021186484     
          34          35   1.4641394284537903     
          27          36   1.3615265534360188     
          36          37   1.1516091969205153     
          37          38   1.7078499572067987     
           1          39   1.3837841896979142     
          38          39   1.1461226062908838     
          36          40   1.3772335946165597     
          39          40   1.3755736207505505     
           1          41  0.99575606078462253     
           3          42  0.99265935517713300     
           4          43  0.99866179151373213     
           6          44  0.96123488431291992     
           9          45  0.98632684626478917     
          10          46  0.98511414207991321     
          14          47  0.98532208370661623     
          15          48  0.98617904341646234     
          17          49  0.99793771739385528     
          18          50  0.99957410393596535     
          23          51  0.99868875798650802     
          24          52  0.99770707662941638     
          26          53  0.96080493486203045     
          29          54  0.98631332124958182     
          30          55  0.98539963599804292     
          34          56  0.98514969809962205     
          35          57  0.98626232236173550     
          37          58  0.99902481312264590     
          38          59  0.99321181769946276     
          60          61   1.3702650201734792     
          61          62   1.2406280471846927     
          62          63   1.5959365745666396     
          63          64   1.2515069829250394     
          61          65   1.2303235930382479     
          64          65   1.2270368706903205     
          64          66   1.3416840780004018     
          66          67   1.0540583899226492     
          67          68   1.4148913601858659     
          68          69   1.4639336336825979     
          69          70   1.3824858308077406     
          70          71   1.1246029302030058     
          71          72   2.9615072038490684     
          70          73   1.3825460593583618     
          67          74   1.4145336792329273     
          73          74   1.4635880409648068     
          66          75   1.3650316370543953     
          75          76   1.1631227025154125     
          76          77   1.6883944481612370     
          75          78   1.3557572854176740     
          77          79   1.1685960098227952     
          78          79   1.4149792492036575     
          79          80   1.2889410327933701     
          80          81   1.2869332070249939     
          81          82   1.2711043060181073     
          82          83   1.5770192128179146     
          83          84   1.2616965167289977     
          81          85   1.2496898755548618     
          84          85   1.2248414806123458     
          84          86   1.3359894063049631     
          86          87   1.0560369507848453     
          87          88   1.4131700166190433     
          88          89   1.4645876054148135     
          89          90   1.3818445570577491     
          90          91   1.1248543373448803     
          91          92   2.9609858605583339     
          90          93   1.3820592787389456     
          87          94   1.4138044331413235     
          93          94   1.4640719560286939     
          86          95   1.3610706921100959     
          95          96   1.1517911574218358     
          96          97   1.7075728227347831     
          60          98   1.3838313914025397     
          97          98   1.1463315023985141     
          95          99   1.3774093656966355     
          98          99   1.3753360032172748     
          60         100  0.99581000353731108     
          62         101  0.99273238644092132     
          63         102  0.99874833289891507     
          65         103  0.96130556703510472     
          68         104  0.98599367677521910     
          69         105  0.98508547623391196     
          73         106  0.98539985741735592     
          74         107  0.98618044639198210     
          76         108  0.99785085009128549     
          77         109  0.99965067725590329     
          82         110  0.99875397620459316     
          83         111  0.99755955755205716     
          85         112  0.96078759204777797     
          88         113  0.98640084444605036     
          89         114  0.98553445346015522     
          93         115  0.98507565472166692     
          94         116  0.98593280477994250     
          96         117  0.99907875429550752     
          97         118  0.99327006457327383     
          21         119   1.2058081307081456     
         119         120   2.6131665645392905     
         121         122   2.5925827020417422     
          80         124   1.2121725653785087     
         123         124   2.6084468054220595     
         120         125   1.2080149048310163     
         125         126   1.2830907003414409     
         126         127   1.2735461623523943     
         127         128   1.5728053996158742     
         128         129   1.2660292917464053     
         126         130   1.2519138791086193     
         129         130   1.2216403612058802     
         129         131   1.3338276611656723     
         131         132   1.0560049069963720     
         132         133   1.4144233686766554     
         133         134   1.4639107630789376     
         134         135   1.3823239958800499     
         135         136   1.1247981336768733     
         136         137   2.9611453761662099     
         135         138   1.3822674235537586     
         132         139   1.4142049852229523     
         138         139   1.4642928692812298     
         131         140   1.3726554855584114     
         140         141   1.1640235684791684     
         141         142   1.6854562269752780     
         140         143   1.3496749008551199     
         142         144   1.1724964576114596     
         143         144   1.4210127410196682     
         121         145   1.2300210930095299     
         144         145   1.2783108088633321     
         145         146   1.2752960734786598     
         146         147   1.2788962749129986     
         147         148   1.5684852567014476     
         148         149   1.2686852532396866     
         146         150   1.2530266886353769     
         149         150   1.2236347034154520     
         149         151   1.3291488583019777     
         151         152   1.0558241932118693     
         152         153   1.4144418178296359     
         153         154   1.4638923995453335     
         154         155   1.3823150940604563     
         155         156   1.1248129892004737     
         156         157   2.9610902809296205     
         155         158   1.3821437936054399     
         152         159   1.4141312376097845     
         158         159   1.4643418409808824     
         151         160   1.3760934413352752     
         160         161   1.1613485422288847     
         161         162   1.6901538630939124     
         125         163   1.2885432460617396     
         162         163   1.1685408478245018     
         160         164   1.3506326409688869     
         163         164   1.4160641738181390     
         127         165  0.99912180127308103     
         128         166  0.99865524245872284     
         130         167  0.96248313345248904     
         133         168  0.98658025843679231     
         134         169  0.98544752232388655     
         138         170  0.98518815163445184     
         139         171  0.98626376116319314     
         141         172  0.99878842406923396     
         142         173  0.99904916516453668     
         147         174  0.99820509678715141     
         148         175  0.99862144568061495     
         150         176  0.96270954774590223     
         153         177  0.98612376452074879     
         154         178  0.98516996700242432     
         158         179  0.98550701222987314     
         159         180  0.98673474790052329     
         161         181  0.99882438687713815     
         162         182  0.99990424650105680     
         122         183   1.2299177049501755     
         183         184   1.2745787064094691     
         184         185   1.2791989556040857     
         185         186   1.5680260247720232     
         186         187   1.2692120641877516     
         184         188   1.2534145792118054     
         187         188   1.2235531222021996     
         187         189   1.3284993441602351     
         189         190   1.0561592633074666     
         190         191   1.4138466403763952     
         191         192   1.4643057397517825     
         192         193   1.3818670282719301     
         193         194   1.1247773207125571     
         194         195   2.9611259551193632     
         193         196   1.3825259802917360     
         190         197   1.4144864059359354     
         196         197   1.4639869819419049     
         189         198   1.3769671146512525     
         198         199   1.1618584521589725     
         199         200   1.6890456205748421     
         198         201   1.3490953932471943     
         200         202   1.1690369355818397     
         201         202   1.4188472189441284     
         123         203   1.2143473241273337     
         202         203   1.2853099105978423     
         203         204   1.2801076161048979     
         204         205   1.2748199381650769     
         205         206   1.5713370403468723     
         206         207   1.2668843603949591     
         204         208   1.2531354873982463     
         207         208   1.2209807551518159     
         207         209   1.3335611512760328     
         209         210   1.0562268362516796     
         210         211   1.4146036367559385     
         211         212   1.4637151502311208     
         212         213   1.3824948106244399     
         213         214   1.1247842555314276     
         214         215   2.9611459501743806     
         213         216   1.3820198532959407     
         210         217   1.4138549230131405     
         216         217   1.4645317130578468     
         209         218   1.3726891330969764     
         218         219   1.1639979921549082     
         219         220   1.6857354968169336     
         183         221   1.2789378396757700     
         220         221   1.1723681084705697     
         218         222   1.3499079958048072     
         221         222   1.4207083681265509     
         185         223  0.99834616695081912     
         186         224  0.99862802957484076     
         188         225  0.96277760053444117     
         191         226  0.98612234740287330     
         192         227  0.98524764581758317     
         196         228  0.98546341318160402     
         197         229  0.98641684912475269     
         199         230  0.99874779829364113     
         200         231  0.99978154873534231     
         205         232  0.99899092648882259     
         206         233  0.99852797843712038     
         208         234  0.96251691722813004     
         211         235  0.98622488553126331     
         212         236  0.98536781598729983     
         216         237  0.98530590449339217     
         217         238  0.98631100835140206     
         219         239  0.99884788220759735     
         220         240  0.99908614977413435     
