           2           3   1.3809426087068308     
           3           4   1.1935289515774843     
           4           5   1.6445292146437605     
           5           6   1.1964377006049980     
           1           7  0.60710767318094172     
           3           7   1.2749506045887264     
           6           7   1.2562733305771905     
           6           8   1.3942798164538548     
           8           9   1.3852993243381098     
           9          10   1.2095570103895810     
          10          11   1.6199122597845330     
           1          12  0.60340142321476209     
           9          12   1.2497789939870965     
          11          13   1.2243315324446871     
          12          13   1.3024752206721213     
          13          14   1.2808785012172732     
          14          15   1.2812224259000129     
          15          16   1.2244372313997409     
          16          17   1.6198553713290071     
          17          18   1.2095530976028119     
           1          19  0.60341362742253812     
          15          19   1.3022194788824002     
          18          19   1.2498934942153443     
          18          20   1.3851605862572229     
          20          21   1.3943423550949658     
          21          22   1.1964068359008533     
          22          23   1.6445597494361537     
           2          24   1.3810416164811894     
          23          24   1.1935167890304093     
           1          25  0.60720680065795318     
          21          25   1.2562608806561268     
          24          25   1.2748640935060853     
           2          26  0.99745543361450972     
           4          27  0.99476824237728501     
           5          28  0.99501059182599050     
           8          29  0.99839070980082945     
          10          30  0.99427604450542839     
          11          31   1.0002611610035379     
          16          32   1.0002115681112516     
          17          33  0.99430464817315956     
          20          34  0.99839654819559454     
          22          35  0.99501383871949056     
          23          36  0.99476860539761314     
          38          39   1.3819583856191078     
          39          40   1.1927271409847398     
          40          41   1.6462779108252448     
          41          42   1.1953503601682556     
          37          43  0.59965351016524215     
          39          43   1.2760779420480286     
          42          43   1.2602387583200017     
          42          44   1.3929023638958324     
          44          45   1.3869792793829843     
          45          46   1.2061343113764547     
          46          47   1.6256626675586197     
          37          48  0.59679799089414909     
          45          48   1.2532258915043901     
          47          49   1.2203312848509080     
          48          49   1.3010426158870976     
          49          50   1.2889922379393310     
          50          51   1.2891587850344108     
          51          52   1.2203452065950555     
          52          53   1.6257034930937300     
          53          54   1.2061008694230431     
          37          55  0.59662462762090718     
          51          55   1.3010173135225036     
          54          55   1.2532625233638068     
          54          56   1.3869764849876016     
          56          57   1.3928938943997877     
          57          58   1.1953759831700816     
          58          59   1.6462415137548372     
          38          60   1.3819897238098429     
          59          60   1.1927517235836365     
          37          61  0.59992311917293240     
          57          61   1.2602064587573771     
          60          61   1.2759997553645108     
          38          62  0.99748657395370643     
          40          63  0.99469932165340458     
          41          64  0.99490097853726212     
          44          65  0.99823538933518474     
          46          66  0.99414802699275795     
          47          67  0.99982164790475525     
          52          68  0.99986260904364965     
          53          69  0.99417059274096731     
          56          70  0.99824064730035333     
          58          71  0.99490236151392142     
          59          72  0.99469899901056180     
          14          74   1.2356536159524343     
          73          74   2.4784187778628008     
          73          75   1.3411856227633510     
          74          76  0.17359802109707409     
          75          76   2.4762661281721834     
          77          78   2.4900850298068202     
          77          79   1.3280186627399255     
          50          80   1.2215178367183290     
          78          80  0.17425706364405197     
          79          80   2.4931251330132564     
          76          82   1.2382199042121702     
          82          83   1.2763472287232103     
          83          84   1.2266694063560883     
          84          85   1.6161986317499775     
          85          86   1.2127867772221526     
          81          87  0.61935855887284330     
          83          87   1.3022696004548548     
          86          87   1.2402334517211249     
          86          88   1.3892245861785562     
          88          89   1.3917996980576406     
          89          90   1.2108278175788558     
          90          91   1.6196331745996106     
          81          92  0.62027686534086335     
          89          92   1.2398215420078165     
          91          93   1.2239132191291724     
          92          93   1.2999446233944971     
          78          94   1.2246546607990223     
          93          94   1.2821440310392203     
          94          95   1.2825952671193932     
          95          96   1.2238623210303872     
          96          97   1.6196787860762414     
          97          98   1.2108021619577989     
          81          99  0.61979253315586713     
          95          99   1.2999580083419005     
          98          99   1.2399044799609413     
          98         100   1.3917177584462259     
         100         101   1.3893113430542607     
         101         102   1.2128314146825181     
         102         103   1.6161477911713531     
          82         104   1.2760527315985455     
         103         104   1.2266724159360638     
          81         105  0.61990262404859542     
         101         105   1.2401106165249403     
         104         105   1.3022771773436379     
          84         106   1.0004185264630638     
          85         107  0.99479179574726961     
          88         108  0.99881137100503936     
          90         109  0.99475759296617328     
          91         110   1.0001606404877370     
          96         111   1.0000990084548202     
          97         112  0.99479025243273500     
         100         113  0.99881319376599464     
         102         114  0.99476358372988627     
         103         115   1.0004567000535614     
