   -0.03584048
    0.05802896
   -0.04383290
   -0.03969403
    0.05564710
   -0.16380730
    0.00365434
    0.01286895
   -0.00687654
    0.00631719
    0.23370500
   -0.28278799
   -0.32834936
   -0.01923028
   -0.02499864
   -0.01498049
    0.05333841
   -0.04198617
   -0.04190745
   -0.29056370
    0.06209005
    0.00726370
    0.06251275
   -0.04056927
   -0.04041206
    0.05490579
   -0.16006860
    0.00052753
    0.01175562
   -0.01430111
   -0.02366182
   -0.01727792
    0.00551717
    0.23305570
   -0.27846413
   -0.33531499
   -0.00995887
    0.05459045
   -0.04260639
   -0.04514057
    0.05515000
   -0.29630591
    0.01666127
    0.02842798
    0.02128965
    0.16021299
    0.03709094
    0.23955739
    0.04098116
    0.03140083
    0.02572787
    0.01540384
    0.01870747
    0.02716062
    0.02246052
    0.15840266
    0.02660530
    0.03278470
    0.03975033
    0.23866914
    0.03648942
    0.01489143
    0.02045448
   -0.03580170
    0.05799525
   -0.04384248
   -0.03971329
    0.05564281
   -0.16381744
    0.00361292
    0.01277176
   -0.00689045
    0.00629091
    0.23368884
   -0.28277879
   -0.32837780
   -0.01926485
   -0.02504907
   -0.01500169
    0.05339718
   -0.04192005
   -0.04188551
   -0.29056185
    0.06210335
    0.00729513
    0.06250285
   -0.04056375
   -0.04042680
    0.05490847
   -0.16006962
    0.00049534
    0.01175983
   -0.01425102
   -0.02364996
   -0.01726361
    0.00549964
    0.23303856
   -0.27857059
   -0.33530411
   -0.00998536
    0.05461005
   -0.04261940
   -0.04513474
    0.05513422
   -0.29630566
    0.01663702
    0.02842276
    0.02121094
    0.16020182
    0.03693695
    0.23953726
    0.04094310
    0.03138618
    0.02567926
    0.01549992
    0.01874602
    0.02715586
    0.02244205
    0.15841912
    0.02665871
    0.03282688
    0.03976688
    0.23865220
    0.03645797
    0.01489320
    0.02044693
   -0.02745890
   -0.02746194
   -0.03084718
   -0.02660040
   -0.03083173
   -0.02658224
