   -0.08375259
   -0.02185617
    0.05867375
   -0.04462361
   -0.04073230
    0.06067417
   -0.17550328
    0.00969758
   -0.00381270
   -0.02578775
   -0.04171119
    0.06021940
   -0.25163883
    0.00230013
   -0.03714160
   -0.02457113
    0.06032543
   -0.03855991
   -0.04061576
   -0.17319842
    0.06568254
    0.01878774
    0.06582360
   -0.04053899
   -0.03848602
    0.06032623
   -0.17309539
    0.00972458
   -0.00372878
   -0.02440439
   -0.03701265
    0.06013284
   -0.25182949
    0.00225115
   -0.04163316
   -0.02591516
    0.06067612
   -0.04077239
   -0.04468709
    0.05860865
   -0.17554624
    0.01906665
    0.02069933
    0.01302553
    0.01603535
    0.01974037
    0.16448337
    0.02604968
    0.02808992
    0.03142379
    0.02317376
    0.01718820
    0.01503323
    0.02092968
    0.02094492
    0.01497097
    0.01750692
    0.02329937
    0.16424709
    0.02821744
    0.03138028
    0.02584069
    0.01968513
    0.01580688
    0.01314034
    0.02068189
   -0.08375144
   -0.02185634
    0.05867600
   -0.04462488
   -0.04073383
    0.06067422
   -0.17550434
    0.00969881
   -0.00380463
   -0.02578767
   -0.04170565
    0.06021687
   -0.25164744
    0.00229810
   -0.03713624
   -0.02457140
    0.06032377
   -0.03855977
   -0.04061103
   -0.17319398
    0.06568482
    0.01878840
    0.06581792
   -0.04054021
   -0.03848582
    0.06032957
   -0.17309477
    0.00972496
   -0.00373647
   -0.02440940
   -0.03702518
    0.06014008
   -0.25181860
    0.00225068
   -0.04164213
   -0.02591732
    0.06067417
   -0.04077139
   -0.04468711
    0.05860995
   -0.17554866
    0.01906754
    0.02069674
    0.01302612
    0.01603998
    0.01974064
    0.16446901
    0.02604461
    0.02808804
    0.03141554
    0.02317298
    0.01719169
    0.01503469
    0.02093240
    0.02094431
    0.01497116
    0.01750221
    0.02329417
    0.16426364
    0.02822089
    0.03137896
    0.02587025
    0.01968183
    0.01580276
    0.01314065
    0.02068212
   -0.02072223
   -0.02072691
   -0.02520576
   -0.01748277
   -0.02520386
   -0.01748386
