           2           3   1.3909220640276572     
           3           4   1.2050706835411160     
           4           5   1.6289880111069874     
           5           6   1.2169174408157639     
           1           7  0.60567033863410624     
           3           7   1.2508120732516101     
           6           7   1.2987368182439887     
           6           8   1.2975446201368963     
           8           9   1.1907994033662594     
           9          10   2.6517408980657731     
          10          11   1.1581045750668235     
          11          12   1.3691291673401094     
          12          13   1.4660089625308046     
          13          14   1.4657129617881528     
          14          15   1.4657691114366536     
          11          16   1.3687992145743813     
          15          16   1.4662354503567196     
           8          17   1.3035359656375223     
          17          18   1.2230196900993411     
          18          19   1.6175634548030715     
           1          20  0.60400306022814942     
          17          20   1.2850217293920161     
          19          21   1.2256327706937420     
          20          21   1.2717974960571463     
          21          22   1.3069826639455977     
          22          23   1.3060173538703397     
          23          24   1.2256801509397126     
          24          25   1.6175483056030380     
          25          26   1.2230805312745090     
           1          27  0.60444324853744280     
          23          27   1.2719402653521454     
          26          27   1.2849929675647602     
          26          28   1.3031480525262717     
          28          29   1.1907483483484926     
          29          30   2.6518170282166009     
          30          31   1.1580884378901930     
          31          32   1.3688929204400875     
          32          33   1.4661485156512040     
          33          34   1.4655414046874480     
          34          35   1.4659853971340651     
          31          36   1.3690852445593160     
          35          36   1.4660626428694035     
          28          37   1.2980653976116350     
          37          38   1.2168313659570067     
          38          39   1.6291202603277577     
           2          40   1.3909821782147489     
          39          40   1.2049665940228689     
           1          41  0.60516818426254160     
          37          41   1.2987091627469904     
          40          41   1.2508683598857726     
           2          42  0.99789756499524596     
           4          43  0.99368952149328771     
           5          44   1.0005124644962260     
          12          45  0.98845569931992172     
          13          46  0.98263457921432995     
          15          47  0.98287590850079798     
          16          48  0.98888968735716165     
          18          49  0.99970250523971904     
          19          50  0.99880237756127654     
          24          51  0.99894732004463660     
          25          52  0.99979323894760752     
          32          53  0.98856118281859007     
          33          54  0.98257967052281681     
          35          55  0.98291564209972571     
          36          56  0.98877849575217158     
          38          57   1.0003761913474025     
          39          58  0.99371730332131203     
          60          61   1.3902275948028959     
          61          62   1.2048789593254308     
          62          63   1.6290610583396310     
          63          64   1.2169678953653176     
          59          65  0.60636893783372114     
          61          65   1.2516741804543436     
          64          65   1.2968508879373433     
          64          66   1.2992834415401739     
          66          67   1.1903302417330146     
          67          68   2.6525929047864714     
          68          69   1.1577916645500852     
          69          70   1.3692880503560720     
          70          71   1.4659047456286796     
          71          72   1.4657944801919509     
          72          73   1.4661166122854297     
          69          74   1.3693121143977338     
          73          74   1.4659432023968588     
          66          75   1.3033442715065418     
          75          76   1.2240286603579833     
          76          77   1.6161486930674946     
          59          78  0.60564850857201413     
          75          78   1.2831009818601788     
          77          79   1.2265371488576799     
          78          79   1.2734039740157705     
          79          80   1.3031302862320104     
          80          81   1.3049259639832747     
          81          82   1.2264099504345520     
          82          83   1.6162710589960616     
          83          84   1.2238405324878516     
          59          85  0.60523077358591149     
          81          85   1.2729436391938942     
          84          85   1.2834177754963594     
          84          86   1.3035818322657586     
          86          87   1.1904376742793050     
          87          88   2.6524849729131170     
          88          89   1.1578433568025635     
          89          90   1.3694678749555400     
          90          91   1.4658329553880429     
          91          92   1.4659002592724002     
          92          93   1.4658821182031616     
          89          94   1.3690005783352985     
          93          94   1.4661315851716206     
          86          95   1.2987740922737763     
          95          96   1.2169070330818308     
          96          97   1.6290635145323384     
          60          98   1.3904254281187609     
          97          98   1.2049154618926428     
          59          99  0.60691494012343761     
          95          99   1.2970552824412376     
          98          99   1.2514182234145557     
          60         100  0.99784735906192534     
          62         101  0.99371749580706159     
          63         102   1.0004050188052509     
          70         103  0.98850714466903278     
          71         104  0.98255591108362594     
          73         105  0.98288730980512873     
          74         106  0.98878577349263519     
          76         107  0.99976772693562943     
          77         108  0.99900177691076775     
          82         109  0.99881426300171183     
          83         110  0.99973216957472555     
          90         111  0.98842229521311653     
          91         112  0.98262875047687159     
          93         113  0.98285181759050111     
          94         114  0.98889346563894054     
          96         115   1.0005308108571751     
          97         116  0.99369369246867667     
         117         118   2.3949439038890201     
         118         119   1.3404090940207221     
          22         120   1.2043615011759525     
         117         120  0.17316039744708542     
         119         120   2.4959950187975015     
         117         121   1.3422419537617083     
         118         122  0.17234446961890293     
         121         122   2.4896065207869320     
         123         124   2.3914973444068024     
         124         125   1.3444607118366287     
         123         126  0.17176177640687687     
         125         126   2.4867960764849601     
         123         127   1.3429156779429534     
          80         128   1.2072451365275763     
         124         128  0.17239052898929530     
         127         128   2.4920365674697744     
         122         130   1.2095517981313293     
         130         131   1.2988080878466792     
         131         132   1.2261001910753360     
         132         133   1.6159962486551374     
         133         134   1.2248792554997741     
         129         135  0.60302546605767504     
         131         135   1.2800353326589018     
         134         135   1.2779377905033433     
         134         136   1.3070434338020209     
         136         137   1.1872544795671773     
         137         138   2.6586774521680554     
         138         139   1.1555186515704954     
         139         140   1.3717314177841515     
         140         141   1.4643387338120821     
         141         142   1.4676306542776845     
         142         143   1.4674526342971226     
         139         144   1.3716741825884680     
         143         144   1.4645450744517012     
         136         145   1.3058482004524599     
         145         146   1.2254576807493767     
         146         147   1.6150982825994507     
         129         148  0.60351445792282743     
         145         148   1.2780322812173479     
         147         149   1.2267625701259965     
         148         149   1.2803624823691269     
         126         150   1.2116653571072022     
         149         150   1.2973857903281769     
         150         151   1.2978215522962200     
         151         152   1.2266153122705770     
         152         153   1.6153434939626454     
         153         154   1.2252685281931126     
         129         155  0.60307501663172225     
         151         155   1.2803778230269565     
         154         155   1.2779703698948564     
         154         156   1.3063756966733622     
         156         157   1.1872463485386033     
         157         158   2.6587223035150878     
         158         159   1.1554850070476519     
         159         160   1.3715771309062870     
         160         161   1.4645413209870646     
         161         162   1.4674337532703616     
         162         163   1.4676554333951572     
         159         164   1.3718276500936066     
         163         164   1.4643339418170913     
         156         165   1.3064829306638126     
         165         166   1.2250443519859278     
         166         167   1.6157680032292672     
         130         168   1.2984536766089976     
         167         168   1.2262657175813791     
         129         169  0.60347230712579170     
         165         169   1.2780430856113811     
         168         169   1.2799677859274818     
         132         170  0.99887083001515076     
         133         171  0.99993036811647873     
         140         172  0.98843927081112470     
         141         173  0.98243218214747308     
         143         174  0.98250399510204767     
         144         175  0.98831523347866446     
         146         176   1.0000264476947618     
         147         177  0.99894468896174082     
         152         178  0.99889668604758186     
         153         179  0.99995730798035376     
         160         180  0.98841365722822927     
         161         181  0.98246514137603669     
         163         182  0.98247617148093613     
         164         183  0.98835048473138509     
         166         184   1.0000004577854966     
         167         185  0.99891571901054355     
