           2           3   1.3870659774339196     
           3           4   1.2003689765728447     
           4           5   1.6424205510829071     
           5           6   1.2084156767376582     
           1           7  0.56716666195813004     
           3           7   1.2831833820230276     
           6           7   1.2798170362037244     
           6           8   1.3637591684159791     
           8           9   1.0528669570727798     
           9          10   1.4063334786872692     
          10          11   1.4747328393836168     
          11          12   1.3719623112072423     
          12          13   1.1404162700904723     
          13          14  0.97159387895301175     
          12          15   1.3850742743237723     
           9          16   1.4172087369416926     
          15          16   1.4590696318162242     
           8          17   1.3625974862086383     
          17          18   1.2186168614157620     
          18          19   1.6229399755655300     
           1          20  0.56189745578562023     
          17          20   1.2691472793127783     
          19          21   1.2275837962836273     
          20          21   1.3101790368639497     
          21          22   1.2920824392594215     
          22          23   1.2920955919848542     
          23          24   1.2276190796495903     
          24          25   1.6229053255058785     
          25          26   1.2186124374019771     
           1          27  0.56122012914120012     
          23          27   1.3102951818544262     
          26          27   1.2692092189985769     
          26          28   1.3625781706172075     
          28          29   1.0528415439207501     
          29          30   1.4174242111557116     
          30          31   1.4589126592557953     
          31          32   1.3853414606027614     
          32          33   1.1400098899823168     
          33          34  0.97168152490211912     
          32          35   1.3721268084829032     
          29          36   1.4062911188768874     
          35          36   1.4747107159523942     
          28          37   1.3637450630765382     
          37          38   1.2083986504444864     
          38          39   1.6423987599246890     
           2          40   1.3871925050665779     
          39          40   1.2003822294174384     
           1          41  0.56747426480897367     
          37          41   1.2798172472452505     
          40          41   1.2830388267827848     
           2          42  0.99846313443106494     
           4          43  0.99427683113833876     
           5          44  0.99993955278242774     
          10          45  0.99016013026852567     
          11          46  0.98956951244102032     
          13          47  0.97304751840446446     
          14          48  0.99524551050305610     
          14          49   1.0063028941791761     
          14          50  0.99864801615103460     
          15          51  0.99111310048925028     
          16          52  0.99053203793818001     
          18          53  0.99904734285617125     
          19          54  0.99969800500445039     
          24          55  0.99972408610132923     
          25          56  0.99908672992422176     
          30          57  0.99052592922458360     
          31          58  0.99112614027039680     
          33          59  0.97323267900815369     
          34          60   1.0063191802769764     
          34          61  0.99865655398312492     
          34          62  0.99524347080214604     
          35          63  0.98955437919863254     
          36          64  0.99016880979519717     
          38          65  0.99993684073856093     
          39          66  0.99427789310642090     
          68          69   1.3870344308088971     
          69          70   1.2003632741012831     
          70          71   1.6424118239567875     
          71          72   1.2083662672548658     
          67          73  0.56724085884937969     
          69          73   1.2832068630054412     
          72          73   1.2796541099207790     
          72          74   1.3639151017535822     
          74          75   1.0526387467102392     
          75          76   1.4063394588952507     
          76          77   1.4747544216822657     
          77          78   1.3719544614486641     
          78          79   1.1402556031778679     
          79          80  0.97163357545059292     
          78          81   1.3852147323427646     
          75          82   1.4174921259890274     
          81          82   1.4588660015527213     
          74          83   1.3625708075817118     
          83          84   1.2187801207502060     
          84          85   1.6226836859222802     
          67          86  0.56170726846393626     
          83          86   1.2690514909123574     
          85          87   1.2277187611710552     
          86          87   1.3102943991749052     
          87          88   1.2918051163001529     
          88          89   1.2918406005700873     
          89          90   1.2277297554959705     
          90          91   1.6226944154655210     
          91          92   1.2187742781800486     
          67          93  0.56144370782587483     
          89          93   1.3103931576034393     
          92          93   1.2689691856852516     
          92          94   1.3626669289858235     
          94          95   1.0526929094885542     
          95          96   1.4176162400886809     
          96          97   1.4587738952093374     
          97          98   1.3852684924780378     
          98          99   1.1402449208225596     
          99         100  0.97163829764299625     
          98         101   1.3718788966389570     
          95         102   1.4061739809952740     
         101         102   1.4748664024054423     
          94         103   1.3637480758825284     
         103         104   1.2083686711809982     
         104         105   1.6423631764372164     
          68         106   1.3871301799962961     
         105         106   1.2003871887025916     
          67         107  0.56746591704699911     
         103         107   1.2797573991794109     
         106         107   1.2830626398423701     
          68         108  0.99845778204492286     
          70         109  0.99427796653622569     
          71         110  0.99995379089553471     
          76         111  0.99015677796565704     
          77         112  0.98956363335407482     
          79         113  0.97306608144861306     
          80         114  0.99527644019074835     
          80         115   1.0062990261972757     
          80         116  0.99865527705250723     
          81         117  0.99112963220699113     
          82         118  0.99053229745344273     
          84         119  0.99909926958573270     
          85         120  0.99976730673774139     
          90         121  0.99973062976227156     
          91         122  0.99910127407069893     
          96         123  0.99053552421569113     
          97         124  0.99113916591010753     
          99         125  0.97305250638857943     
         100         126   1.0062975648896180     
         100         127  0.99866014239180634     
         100         128  0.99528284803745071     
         101         129  0.98955778588633736     
         102         130  0.99016237539115970     
         104         131  0.99995604781237335     
         105         132  0.99427653650759995     
          22         134   1.2279555418226664     
         133         134   2.4920180456900312     
         133         135   1.3346025815462943     
         134         136  0.17904035549260808     
         135         136   2.4904107415030343     
         137         138   2.4863719131605655     
         137         139   1.3381350206757832     
         138         140  0.17830638927592571     
         139         140   2.4862354971399956     
         141         142   2.4898073612093374     
         141         143   1.3349105189299335     
          88         144   1.2282682181387348     
         142         144  0.17892286738128407     
         143         144   2.4915569857091837     
         136         146   1.2300278277989618     
         146         147   1.2882446678117605     
         147         148   1.2287951158403181     
         148         149   1.6209926550879050     
         149         150   1.2208403305195341     
         145         151  0.56227697607627247     
         147         151   1.3125847924072596     
         150         151   1.2647678292477262     
         150         152   1.3652416461768169     
         152         153   1.0512255392219039     
         153         154   1.4079380809965902     
         154         155   1.4744044291680525     
         155         156   1.3724546869619738     
         156         157   1.1384896800623552     
         157         158  0.97208627860039087     
         156         159   1.3864442556659182     
         153         160   1.4181400099805033     
         159         160   1.4580284361305207     
         152         161   1.3641135694701825     
         161         162   1.2211537869835576     
         162         163   1.6206179883603413     
         145         164  0.56268459949396787     
         161         164   1.2651106783375772     
         163         165   1.2293254474053357     
         164         165   1.3127885145379334     
         138         166   1.2329788454157706     
         165         166   1.2876479863493326     
         166         167   1.2871648045695196     
         167         168   1.2298395170437240     
         168         169   1.6198917672553432     
         169         170   1.2216994556951033     
         145         171  0.56261250263138085     
         167         171   1.3126090810197286     
         170         171   1.2656017296012749     
         170         172   1.3629499583444247     
         172         173   1.0522180405022918     
         173         174   1.4178834949759835     
         174         175   1.4579866945424673     
         175         176   1.3860782717552316     
         176         177   1.1393176689412989     
         177         178  0.97204510969394531     
         176         179   1.3716628649715796     
         173         180   1.4070687238516115     
         179         180   1.4752402383034822     
         172         181   1.3656736508827116     
         181         182   1.2206080579528855     
         182         183   1.6213049689227685     
         146         184   1.2882788872893984     
         183         184   1.2285836936121777     
         145         185  0.56233455183651959     
         181         185   1.2644529273801051     
         184         185   1.3127587442966402     
         148         186   1.0001663843737212     
         149         187  0.99992878852572464     
         154         188  0.99040444987494980     
         155         189  0.98957295106955068     
         157         190  0.97328716924802439     
         158         191  0.99621799518826737     
         158         192   1.0062283155099432     
         158         193  0.99882341928363150     
         159         194  0.99153201915843836     
         160         195  0.99049613954544335     
         162         196  0.99981046825753683     
         163         197  0.99995219183607986     
         168         198  0.99999564604725522     
         169         199  0.99972311695989824     
         174         200  0.99055550980032570     
         175         201  0.99163174548452615     
         177         202  0.97263323822586800     
         178         203  0.99613566011186327     
         178         204  0.99881674733478154     
         178         205   1.0063192519716464     
         179         206  0.98947922726023407     
         180         207  0.99041444411096236     
         182         208  0.99993475450429481     
         183         209   1.0001382669812295     
         140         211   1.2331212390810449     
         211         212   1.2874157929099175     
         212         213   1.2295495472127744     
         213         214   1.6203232744461074     
         214         215   1.2213484530908458     
         210         216  0.56316658937548625     
         212         216   1.3126963359913442     
         215         216   1.2650190229886156     
         215         217   1.3639908870008761     
         217         218   1.0513007486287076     
         218         219   1.4077470249436406     
         219         220   1.4746193806943271     
         220         221   1.3720715420693121     
         221         222   1.1389508577890457     
         222         223  0.97198285921991090     
         221         224   1.3862050129391110     
         218         225   1.4181121327494324     
         224         225   1.4580405250505082     
         217         226   1.3651750786820713     
         226         227   1.2209809921248376     
         227         228   1.6207242757550890     
         210         229  0.56190230623467130     
         226         229   1.2647613607203030     
         228         230   1.2289419471417442     
         229         230   1.3127028251137565     
         142         231   1.2304872137314580     
         230         231   1.2878508237934649     
         231         232   1.2877841392688276     
         232         233   1.2291416403973827     
         233         234   1.6205141077203427     
         234         235   1.2211165502948353     
         210         236  0.56201039801622288     
         232         236   1.3126277875439034     
         235         236   1.2647799038815204     
         235         237   1.3648500838826865     
         237         238   1.0523584391227345     
         238         239   1.4176299252699713     
         239         240   1.4582675906351883     
         240         241   1.3859686602949728     
         241         242   1.1391907173538851     
         242         243  0.97199071538090154     
         241         244   1.3717821851752037     
         238         245   1.4072475103377775     
         244         245   1.4749618708324121     
         237         246   1.3634957828581238     
         246         247   1.2215236699397956     
         247         248   1.6199978329697824     
         211         249   1.2871362836323950     
         248         249   1.2298021399957919     
         210         250  0.56292046277239971     
         246         250   1.2651598213853770     
         249         250   1.3127424724786747     
         213         251  0.99997329879166696     
         214         252  0.99984503693375892     
         219         253  0.99039664545653761     
         220         254  0.98955276316080620     
         222         255  0.97300174633099845     
         223         256   1.0061783671600004     
         223         257  0.99625602654999301     
         223         258  0.99881626572006799     
         224         259  0.99154505793616754     
         225         260  0.99049789769736540     
         227         261  0.99995199155339076     
         228         262   1.0001878234904673     
         233         263   1.0001649183442514     
         234         264  0.99990123266586550     
         239         265  0.99053421426131238     
         240         266  0.99156504156520331     
         242         267  0.97275514632134874     
         243         268  0.99629823294875475     
         243         269  0.99881939622763194     
         243         270   1.0061683940557959     
         244         271  0.98956408202151391     
         245         272  0.99044170502245399     
         247         273  0.99983305045711657     
         248         274  0.99998171552237536     
