    0.36164626
   -0.02992907
    0.05493441
   -0.04197527
   -0.03700835
    0.05537365
   -0.24033790
    0.00786349
   -0.00509819
   -0.02603982
   -0.04035946
    0.06083901
   -0.25173751
    0.00193142
   -0.03608363
   -0.02495471
    0.05440572
   -0.03723914
   -0.03899829
   -0.23699465
    0.06043996
    0.01220873
    0.06041561
   -0.03901580
   -0.03726114
    0.05438898
   -0.23701927
    0.00783015
   -0.00508964
   -0.02496066
   -0.03607095
    0.06082079
   -0.25177321
    0.00191840
   -0.04034721
   -0.02604362
    0.05535339
   -0.03700358
   -0.04196920
    0.05493020
   -0.24027038
    0.01991968
    0.02580214
    0.01775211
    0.01713607
    0.02251329
    0.16516302
    0.03121148
    0.02529970
    0.03283366
    0.02476416
    0.01762768
    0.01906873
    0.02473222
    0.02467607
    0.01906114
    0.01761932
    0.02477086
    0.16514372
    0.02524230
    0.03284605
    0.03119857
    0.02250741
    0.01714935
    0.01774655
    0.02580551
    0.36156947
   -0.03006063
    0.05491653
   -0.04202510
   -0.03705603
    0.05529442
   -0.24038027
    0.00780464
   -0.00505905
   -0.02603077
   -0.04034754
    0.06077821
   -0.25180902
    0.00190251
   -0.03611108
   -0.02500326
    0.05432303
   -0.03736797
   -0.03914205
   -0.23708143
    0.06036495
    0.01201733
    0.06032773
   -0.03918361
   -0.03738515
    0.05427748
   -0.23705547
    0.00777150
   -0.00507845
   -0.02492227
   -0.03608099
    0.06079133
   -0.25177444
    0.00190006
   -0.04037886
   -0.02605139
    0.05527416
   -0.03704789
   -0.04203033
    0.05490541
   -0.24035873
    0.01984102
    0.02575126
    0.01769646
    0.01717797
    0.02250952
    0.16513104
    0.03110998
    0.02521122
    0.03282705
    0.02467554
    0.01754459
    0.01891598
    0.02453701
    0.02445234
    0.01885740
    0.01762566
    0.02475845
    0.16508714
    0.02530712
    0.03279742
    0.03110432
    0.02247802
    0.01710080
    0.01770039
    0.02576146
   -0.02214428
   -0.02556015
   -0.02628178
   -0.02489031
   -0.02928925
   -0.02123387
   -0.02581605
   -0.02250568
   -0.02957801
   -0.02151272
   -0.02656320
   -0.02501922
    0.36256315
    0.00823975
    0.06022349
   -0.04107297
   -0.03739897
    0.05250549
   -0.23778255
    0.01005219
   -0.00432157
   -0.02523481
   -0.04001104
    0.06078416
   -0.25159402
    0.00195342
   -0.03633370
   -0.02480146
    0.05239746
   -0.03779437
   -0.04130853
   -0.23781832
    0.06005152
    0.00809359
    0.06000474
   -0.04134770
   -0.03780487
    0.05238944
   -0.23785714
    0.01006620
   -0.00439250
   -0.02476344
   -0.03639030
    0.06085234
   -0.25144341
    0.00198788
   -0.04009258
   -0.02521442
    0.05252610
   -0.03738771
   -0.04107630
    0.06023837
   -0.23779819
    0.02192908
    0.01692365
    0.01751279
    0.02230658
    0.16515921
    0.02525856
    0.02915872
    0.03217764
    0.02403777
    0.01726870
    0.01721182
    0.02181296
    0.02173822
    0.01715381
    0.01721331
    0.02407121
    0.16532565
    0.02912713
    0.03224726
    0.02538656
    0.02230969
    0.01752579
    0.01691435
    0.02198099
