   -0.02228057
    0.06259632
   -0.03448885
   -0.03282559
    0.06278571
   -0.15856912
    0.00875307
    0.01612461
   -0.01665221
   -0.01008926
   -0.00815510
    0.14500545
   -0.29844210
   -0.01639929
   -0.01933587
    0.05959407
   -0.03677018
   -0.03520846
   -0.28412171
    0.06471952
    0.01824032
    0.06613241
   -0.03170841
   -0.03254516
    0.06206407
   -0.15634670
    0.00753616
    0.01582559
   -0.01801226
   -0.01076233
   -0.00850483
    0.14464096
   -0.29925832
   -0.01627112
   -0.01850792
    0.06086167
   -0.03788617
   -0.03910778
    0.05958825
   -0.28724307
    0.02969148
    0.04055698
    0.03117713
    0.16450138
    0.03121800
    0.04129860
    0.03958628
    0.04274625
    0.03027704
    0.02286029
    0.02212365
    0.03168452
    0.03203400
    0.16233402
    0.03135133
    0.04075424
    0.03942020
    0.04262827
    0.02958499
    0.02166419
    0.03067537
   -0.02154610
    0.06277955
   -0.03403124
   -0.03249845
    0.06324771
   -0.15826443
    0.00892302
    0.01601566
   -0.01653872
   -0.00980805
   -0.00800808
    0.14510979
   -0.29801728
   -0.01644486
   -0.01944601
    0.06024182
   -0.03642116
   -0.03491735
   -0.28395439
    0.06489419
    0.01905242
    0.06652374
   -0.03090255
   -0.03185862
    0.06281625
   -0.15629740
    0.00786493
    0.01581032
   -0.01800964
   -0.01052606
   -0.00825025
    0.14482249
   -0.29884908
   -0.01613788
   -0.01837521
    0.06126071
   -0.03765814
   -0.03880373
    0.05975077
   -0.28675253
    0.03015539
    0.04099363
    0.03163986
    0.16478584
    0.03217067
    0.04195755
    0.03952950
    0.04268685
    0.03005862
    0.02343693
    0.02312040
    0.03242893
    0.03271240
    0.16273773
    0.03169025
    0.04119681
    0.03957663
    0.04283271
    0.02982309
    0.02201845
    0.03107614
   -0.02640692
   -0.02284323
   -0.02574263
   -0.02430243
   -0.02534159
   -0.02536054
   -0.02459342
   -0.02630608
   -0.02159573
   -0.02532005
    0.01353658
    0.06539347
   -0.03460918
   -0.03359034
    0.05998742
   -0.15638352
    0.01041261
    0.01656939
   -0.01648731
   -0.01026631
   -0.00829307
    0.14485803
   -0.29893290
   -0.01633826
   -0.01880946
    0.05799230
   -0.03761576
   -0.03728690
   -0.28376274
    0.06401071
    0.01652546
    0.06631427
   -0.03203849
   -0.03229524
    0.06080861
   -0.15546184
    0.01073507
    0.01652843
   -0.01755533
   -0.01579762
   -0.00809591
    0.14501150
   -0.29876025
   -0.01035242
   -0.01737542
    0.05838347
   -0.03728542
   -0.03732457
    0.06395298
   -0.28467490
    0.02850196
    0.02949212
    0.16209451
    0.03099068
    0.04075048
    0.03930031
    0.04268771
    0.03054934
    0.02101528
    0.02031110
    0.02988804
    0.03096777
    0.16170877
    0.02996929
    0.04289808
    0.03938697
    0.04095170
    0.03183397
    0.02074463
    0.01931133
    0.01452186
    0.06587580
   -0.03327877
   -0.03299452
    0.06004014
   -0.15590452
    0.01081578
    0.01652629
   -0.01639171
   -0.01029536
   -0.00809518
    0.14502237
   -0.29892775
   -0.01610138
   -0.01850037
    0.05765008
   -0.03756315
   -0.03776920
   -0.28395331
    0.06380762
    0.01543450
    0.06592865
   -0.03296301
   -0.03300794
    0.06016088
   -0.15609508
    0.01133298
    0.01685632
   -0.01867139
   -0.01592860
   -0.00805075
    0.14541105
   -0.29830775
   -0.01005227
   -0.01672717
    0.05772954
   -0.03737722
   -0.03776776
    0.06387233
   -0.28438678
    0.02913028
    0.02990320
    0.16176912
    0.03041831
    0.04049377
    0.03956244
    0.04286817
    0.03069916
    0.02075456
    0.01942109
    0.02966731
    0.03099672
    0.16163765
    0.03013474
    0.04275875
    0.03968206
    0.04065873
    0.03109686
    0.02181069
    0.01994805
    0.01528394
    0.06607977
   -0.03292798
   -0.03281156
    0.06001701
   -0.15563326
    0.01087888
    0.01644262
   -0.01645724
   -0.01032556
   -0.00798402
    0.14513414
   -0.29881738
   -0.01598746
   -0.01835518
    0.05769264
   -0.03748056
   -0.03803806
   -0.28420764
    0.06360688
    0.01430544
    0.06582594
   -0.03362753
   -0.03338863
    0.05975279
   -0.15619185
    0.01123601
    0.01700411
   -0.01882940
   -0.01627980
   -0.00839952
    0.14505472
   -0.29862073
   -0.01013484
   -0.01666074
    0.05745935
   -0.03780475
   -0.03776073
    0.06375378
   -0.28444334
    0.02912863
    0.03022805
    0.16160715
    0.03014340
    0.04039474
    0.03972688
    0.04305838
    0.03075995
    0.02083990
    0.01936607
    0.02872967
    0.03009835
    0.16173892
    0.02983341
    0.04224592
    0.03916986
    0.04080612
    0.03152427
    0.02172540
    0.01998972
    0.01651786
    0.06605956
   -0.03221648
   -0.03260760
    0.06083266
   -0.15561619
    0.01039203
    0.01636472
   -0.01653452
   -0.01022308
   -0.00783221
    0.14525504
   -0.29884966
   -0.01579274
   -0.01841314
    0.05898331
   -0.03676050
   -0.03724188
   -0.28471854
    0.06387304
    0.01397918
    0.06546711
   -0.03436313
   -0.03285247
    0.06036891
   -0.15640319
    0.01041598
    0.01633714
   -0.01751659
   -0.01578378
   -0.00806344
    0.14504305
   -0.29910036
   -0.01073351
   -0.01767035
    0.05777760
   -0.03777336
   -0.03737509
    0.06382730
   -0.28363798
    0.02999248
    0.03097575
    0.16175594
    0.03007568
    0.04035218
    0.03998165
    0.04339221
    0.03098730
    0.02168552
    0.02068453
    0.02987416
    0.03049372
    0.16218303
    0.02958234
    0.04305847
    0.03990579
    0.04030580
    0.03116271
    0.02120264
    0.02028906
