    0.36866121
   -0.02425316
    0.05778617
   -0.03743716
   -0.03532247
    0.05828430
   -0.23681856
    0.00886123
    0.01648807
   -0.01725276
   -0.01038385
   -0.00837241
    0.14473775
   -0.29958438
   -0.01638705
   -0.01887745
    0.05730496
   -0.03518574
   -0.03516564
   -0.23405586
    0.06270959
    0.01681037
    0.06266110
   -0.03509773
   -0.03505374
    0.05736493
   -0.23404220
    0.00890232
    0.01642906
   -0.01887214
   -0.01636730
   -0.00832906
    0.14475695
   -0.29956945
   -0.01036485
   -0.01722658
    0.05835157
   -0.03527195
   -0.03742041
    0.05778785
   -0.23680377
    0.02744308
    0.03338265
    0.02534648
    0.02996191
    0.04027466
    0.03867279
    0.04179083
    0.02820188
    0.02688650
    0.03054809
    0.03075819
    0.02709186
    0.02815054
    0.04181915
    0.03868929
    0.04033271
    0.02997865
    0.02538369
    0.03339711
    0.36871960
   -0.02417984
    0.05779913
   -0.03739409
   -0.03531491
    0.05835287
   -0.23684272
    0.00880596
    0.01645681
   -0.01722948
   -0.01043400
   -0.00841975
    0.14464733
   -0.29977237
   -0.01641627
   -0.01889979
    0.05733237
   -0.03520655
   -0.03517160
   -0.23400336
    0.06270668
    0.01687792
    0.06271257
   -0.03500483
   -0.03494677
    0.05746680
   -0.23404768
    0.00896189
    0.01638503
   -0.01893267
   -0.01642095
   -0.00829349
    0.14480262
   -0.29929587
   -0.01027731
   -0.01717293
    0.05840383
   -0.03522957
   -0.03739003
    0.05780453
   -0.23671783
    0.02750025
    0.03344046
    0.02536620
    0.02999976
    0.04023876
    0.03861513
    0.04178988
    0.02817547
    0.02677923
    0.03051178
    0.03079239
    0.02717914
    0.02805023
    0.04174418
    0.03865077
    0.04055759
    0.03009699
    0.02546726
    0.03345392
   -0.02079277
   -0.02296133
   -0.02438509
   -0.01920371
   -0.02308847
   -0.02135642
   -0.02304208
   -0.02140460
   -0.02430374
   -0.01905712
   -0.02065613
   -0.02288469
    0.36920147
    0.01235753
    0.06222636
   -0.03768903
   -0.03590365
    0.05530435
   -0.23502940
    0.01087258
    0.01703328
   -0.01697919
   -0.01045778
   -0.00843691
    0.14471358
   -0.30014417
   -0.01621644
   -0.01823753
    0.05557733
   -0.03552504
   -0.03683814
   -0.23461821
    0.06242457
    0.01386912
    0.06235281
   -0.03694446
   -0.03578880
    0.05548205
   -0.23463017
    0.01094084
    0.01705890
   -0.01808874
   -0.01601282
   -0.00834739
    0.14479518
   -0.30031860
   -0.01054153
   -0.01707347
    0.05546958
   -0.03546346
   -0.03747958
    0.06231781
   -0.23497847
    0.02757284
    0.02454759
    0.02969349
    0.03967730
    0.03834893
    0.04164509
    0.02834236
    0.02524831
    0.02856544
    0.02853524
    0.02494542
    0.02860236
    0.04195477
    0.03860656
    0.03934650
    0.02935999
    0.02512117
    0.02778530
    0.36915853
    0.01392854
    0.06235636
   -0.03690869
   -0.03575122
    0.05551005
   -0.23455981
    0.01098529
    0.01704863
   -0.01705741
   -0.01045624
   -0.00831937
    0.14485649
   -0.30005938
   -0.01604972
   -0.01814130
    0.05555601
   -0.03541107
   -0.03742415
   -0.23499400
    0.06235496
    0.01236708
    0.06222365
   -0.03770006
   -0.03595007
    0.05533457
   -0.23502038
    0.01084289
    0.01706984
   -0.01823276
   -0.01620622
   -0.00849284
    0.14465275
   -0.30031248
   -0.01050155
   -0.01700174
    0.05557985
   -0.03554924
   -0.03682211
    0.06243775
   -0.23461418
    0.02858689
    0.02503054
    0.02944605
    0.03953039
    0.03857508
    0.04188086
    0.02853873
    0.02521654
    0.02778339
    0.02741214
    0.02444205
    0.02842958
    0.04170386
    0.03832237
    0.03960276
    0.02968182
    0.02523943
    0.02856934
