           2           3   1.3948470048045161     
           3           4   1.1976086411090843     
           4           5   1.6424337908880826     
           5           6   1.2039154267109804     
           1           7  0.71903084461977929     
           3           7   1.2436672869669740     
           6           7   1.2507425656692017     
           6           8   1.3610056282118372     
           8           9   1.0481919765805587     
           9          10   1.4149012654105499     
          10          11   1.4726014593106433     
          11          12   1.3872617294354341     
          12          13   1.0844888837855016     
          13          14   1.9357150333588291     
          12          15   1.3819337943475163     
           9          16   1.4191906274790025     
          15          16   1.4679259592713854     
           8          17   1.3696523819747344     
          17          18   1.2075107873978930     
          18          19   1.6321409736130692     
           1          20  0.71773646192577578     
          17          20   1.2394269249165979     
          19          21   1.2188674228167424     
          20          21   1.2690589926660152     
          21          22   1.3121088771509368     
          22          23   1.3156850196991912     
          23          24   1.2184249029310465     
          24          25   1.6307281001247522     
          25          26   1.2092019366057072     
           1          27  0.71719474987514353     
          23          27   1.2650593935301571     
          26          27   1.2434120072561472     
          26          28   1.3649387338126473     
          28          29   1.0580625522633220     
          29          30   1.4150309600756423     
          30          31   1.4699552874476915     
          31          32   1.3806598583192065     
          32          33   1.0850916550270140     
          33          34   1.9351055260698409     
          32          35   1.3864575298030426     
          29          36   1.4109775611355133     
          35          36   1.4739875811983607     
          28          37   1.3593889924426552     
          37          38   1.2044866803693244     
          38          39   1.6398600101564833     
           2          40   1.3901247321542225     
          39          40   1.1993780907745302     
           1          41  0.71818067525978169     
          37          41   1.2501584904200531     
          40          41   1.2457072207898279     
           2          42  0.99826505454689896     
           4          43  0.99543295894794781     
           5          44   1.0001042193442364     
          10          45  0.98998065521848799     
          11          46  0.98915272720938741     
          13          47  0.95566563003141647     
          15          48  0.98315463716336171     
          16          49  0.98928805027015110     
          18          50  0.99934489765819035     
          19          51  0.99965281902789682     
          24          52  0.99993172842644562     
          25          53  0.99887116307543433     
          30          54  0.98980518796393735     
          31          55  0.98310046255973460     
          33          56  0.95577269702884637     
          35          57  0.98883853696383917     
          36          58  0.98946277968881957     
          38          59  0.99991018508670992     
          39          60  0.99531584043337396     
          62          63   1.3948491619126959     
          63          64   1.1976073302261743     
          64          65   1.6424342861135788     
          65          66   1.2039165453047322     
          61          67  0.71903003071524807     
          63          67   1.2436677495549362     
          66          67   1.2507429462673583     
          66          68   1.3610069493068795     
          68          69   1.0481958752063834     
          69          70   1.4149027608301079     
          70          71   1.4726041024811609     
          71          72   1.3872537409445747     
          72          73   1.0844995482122086     
          73          74   1.9356843981093825     
          72          75   1.3819516981592248     
          69          76   1.4191930835064817     
          75          76   1.4679149256105022     
          68          77   1.3696482068526157     
          77          78   1.2075115653058679     
          78          79   1.6321399458687058     
          61          80  0.71773664107365043     
          77          80   1.2394283014237857     
          79          81   1.2188683669637055     
          80          81   1.2690596493513278     
          81          82   1.3121066151603464     
          82          83   1.3156868577911975     
          83          84   1.2184238871134059     
          84          85   1.6307294221814677     
          85          86   1.2092010824716088     
          61          87  0.71719412608150257     
          83          87   1.2650600429716807     
          86          87   1.2434119438053315     
          86          88   1.3649408752520145     
          88          89   1.0580612333655157     
          89          90   1.4150280154732047     
          90          91   1.4699560233505780     
          91          92   1.3806618027318556     
          92          93   1.0850970147314540     
          93          94   1.9350851993610412     
          92          95   1.3864504644243176     
          89          96   1.4109791463749477     
          95          96   1.4739891869229558     
          88          97   1.3593881679336901     
          97          98   1.2044866832871572     
          98          99   1.6398595261098723     
          62         100   1.3901238631385002     
          99         100   1.1993791354051797     
          61         101  0.71817804589983225     
          97         101   1.2501602457045056     
         100         101   1.2457077332583277     
          62         102  0.99826489129395812     
          64         103  0.99543271799993704     
          65         104   1.0001040570207458     
          70         105  0.98997922447793874     
          71         106  0.98914922386277226     
          73         107  0.95569718888986077     
          75         108  0.98314955975485585     
          76         109  0.98928674769623648     
          78         110  0.99934476061852873     
          79         111  0.99965285698902351     
          84         112  0.99993163782735650     
          85         113  0.99887112368074504     
          90         114  0.98980550349815577     
          91         115  0.98309991825641463     
          93         116  0.95578387224288797     
          95         117  0.98884001171698810     
          96         118  0.98946272639250998     
          98         119  0.99991018750212024     
          99         120  0.99531582123702445     
          22         121   1.1899290666554860     
          82         122   1.1899292620923878     
         121         122   2.6481545230605041     
