           1           2   1.3738608179630032     
           2           3   1.2398291637876835     
           3           4   1.5998430007751758     
           4           5   1.2512111253349787     
           2           6   1.2292379579724240     
           5           6   1.2313283289576795     
           5           7   1.3413278775810198     
           7           8   1.0513175989592858     
           8           9   1.4169548716328382     
           9          10   1.4483232825218142     
          10          11   1.3939194126261196     
          11          12   1.1273374580337197     
          11          13   1.3844955985115679     
           8          14   1.4094498275007241     
          13          14   1.4568457395974677     
           7          15   1.3686109604957444     
          15          16   1.1614758757568324     
          16          17   1.6940149460907483     
          15          18   1.3554253164869001     
          17          19   1.1648303086496505     
          18          19   1.4125750057082094     
          19          20   1.2881399733181900     
          20          21   1.2894166412553558     
          21          22   1.2639122842584820     
          22          23   1.5880185797813120     
          23          24   1.2564671521494517     
          21          25   1.2497377380405517     
          24          25   1.2209703593921541     
          24          26   1.3486299092221350     
          26          27   1.0528693017435222     
          27          28   1.4084505772413074     
          28          29   1.4573444539330571     
          29          30   1.3842292725677496     
          30          31   1.1273819594134940     
          30          32   1.3937975255876052     
          27          33   1.4165042658042848     
          32          33   1.4483691998848958     
          26          34   1.3534974448156396     
          34          35   1.1544109922344632     
          35          36   1.7062888007818513     
           1          37   1.3854578747863968     
          36          37   1.1474487123920409     
          34          38   1.3838731562543871     
          37          38   1.3735340680704451     
           1          39  0.99564690475156292     
           3          40  0.99223845575346081     
           4          41  0.99910876515349822     
           6          42  0.96061664719185902     
           9          43  0.98908431201467528     
          10          44  0.98130903863396646     
          12          45  0.96348609971030974     
          13          46  0.98240611110532616     
          14          47  0.98959201563351695     
          16          48  0.99905362821305699     
          17          49  0.99885069219438172     
          22          50  0.99777094347082651     
          23          51  0.99835789269587449     
          25          52  0.95940804181195105     
          28          53  0.98944288534233915     
          29          54  0.98226573755164082     
          31          55  0.96359618468717567     
          32          56  0.98142164303392632     
          33          57  0.98923694629195713     
          35          58  0.99981152557874498     
          36          59  0.99280001027548703     
          60          61   1.3741497146055155     
          61          62   1.2396766608716407     
          62          63   1.6002823655686520     
          63          64   1.2509521871718765     
          61          65   1.2291823341371009     
          64          65   1.2316586975331836     
          64          66   1.3415287891501513     
          66          67   1.0510515291790341     
          67          68   1.4171197037652747     
          68          69   1.4482341901807749     
          69          70   1.3939582105791894     
          70          71   1.1274627412589486     
          70          72   1.3844477269037436     
          67          73   1.4094294926657236     
          72          73   1.4568819955794068     
          66          74   1.3686606487232913     
          74          75   1.1611184628413791     
          75          76   1.6947378625372562     
          74          77   1.3560369911186128     
          76          78   1.1643712917928273     
          77          78   1.4119409201605706     
          78          79   1.2894781519890233     
          79          80   1.2908420781832215     
          80          81   1.2630925308401237     
          81          82   1.5891700481647502     
          82          83   1.2558233848803220     
          80          84   1.2494517979100628     
          83          84   1.2210755429415101     
          83          85   1.3494816048918581     
          85          86   1.0526776400944384     
          86          87   1.4085556616533743     
          87          88   1.4573042715228630     
          88          89   1.3842389109951199     
          89          90   1.1275227165057695     
          89          91   1.3937619600389068     
          86          92   1.4164865627568559     
          91          92   1.4484026066834084     
          85          93   1.3530435573977966     
          93          94   1.1543501382693950     
          94          95   1.7064526664832753     
          60          96   1.3857521124017895     
          95          96   1.1473805553653089     
          93          97   1.3844639432708734     
          96          97   1.3733347709632744     
          60          98  0.99562133222105342     
          62          99  0.99218410555819314     
          63         100  0.99907400241311073     
          65         101  0.96056421362783395     
          68         102  0.98905975979755767     
          69         103  0.98130189877116047     
          71         104  0.96343140244173153     
          72         105  0.98236391314252869     
          73         106  0.98955643077331856     
          75         107  0.99902125731111646     
          76         108  0.99879520474978345     
          81         109  0.99772458990711721     
          82         110  0.99831543416590474     
          84         111  0.95935152520413591     
          87         112  0.98943040988427711     
          88         113  0.98224473664539080     
          90         114  0.96352905851268444     
          91         115  0.98138789337303989     
          92         116  0.98919936692612975     
          94         117  0.99978415328232184     
          95         118  0.99274442231606363     
          20         119   1.2171567290953333     
         119         120   2.4678113921542013     
         120         121   1.3604322230440131     
         119         122  0.16871848505124898     
         121         122   2.3482075023228512     
         122         123   1.3887233104850072     
         121         124  0.16275674401234641     
         123         124   2.3463360671705380     
         124         125   1.3631857335493134     
         123         126  0.16789924162863870     
         125         126   2.4617426150131636     
         127         128   2.4547016547800915     
         128         129   1.3692458496477888     
         127         130  0.16695086766582826     
         129         130   2.3373242147617037     
         130         131   1.3962360713711046     
         129         132  0.16131821356539180     
         131         132   2.3372686069520676     
         132         133   1.3694404100157036     
         131         134  0.16693056738121945     
         133         134   2.4543824733614552     
         135         136   2.4549661126669466     
         136         137   1.3689822795698505     
         135         138  0.16710027811953904     
         137         138   2.3379009149125540     
         138         139   1.3958312126529158     
         137         140  0.16156398782421399     
         139         140   2.3380192442203898     
         140         141   1.3688421319229975     
         139         142  0.16716647499083359     
         141         142   2.4553197424282454     
         143         144   2.4558285129114430     
         144         145   1.3684489452675295     
         143         146  0.16732846561208822     
         145         146   2.3386871671981884     
         146         147   1.3953259401315783     
         145         148  0.16177136651432808     
         147         148   2.3387208564104727     
         148         149   1.3683984319436355     
         147         150  0.16734671987055347     
         149         150   2.4559216358266664     
         151         152   2.4559283162975136     
         152         153   1.3683801079024749     
         151         154  0.16733066103639058     
         153         154   2.3387367697891168     
         154         155   1.3953103035930674     
         153         156  0.16174603167894847     
         155         156   2.3386665710361090     
         156         157   1.3684987078945685     
         155         158  0.16733071223295809     
         157         158   2.4557531993053590     
         159         160   2.4551878969758230     
         160         161   1.3689285800793096     
         159         162  0.16713859029629891     
         161         162   2.3378994164990514     
         162         163   1.3958881657921625     
         161         164  0.16151872035071801     
         163         164   2.3378084714589136     
         164         165   1.3690286798993663     
         163         166  0.16704676751499936     
         165         166   2.4548659923235103     
         167         168   2.4542911649545021     
         168         169   1.3694940221382232     
         167         170  0.16691289915861271     
         169         170   2.3372252803351441     
         170         171   1.3962379089061292     
         169         172  0.16132444092407533     
         171         172   2.3373945813452588     
         172         173   1.3691113366304946     
         171         174  0.16693224676898313     
         173         174   2.4548939200593991     
         175         176   2.4641847549596814     
         176         177   1.3610954514532292     
         175         178  0.16808953139600741     
         177         178   2.3490320148976642     
         178         179   1.3865012211343375     
         177         180  0.16303408470026309     
         179         180   2.3510355019562712     
         180         181   1.3581621792964991     
          79         182   1.2148401984842854     
         179         182  0.16897367935855542     
         181         182   2.4706547870141220     
         126         183   1.2226535239240888     
         183         184   1.2820499432065955     
         184         185   1.2695057057903354     
         185         186   1.5795351738046119     
         186         187   1.2633400875410152     
         184         188   1.2510025203898618     
         187         188   1.2208614588401330     
         187         189   1.3387298846900937     
         189         190   1.0499213959131444     
         190         191   1.4179629111462553     
         191         192   1.4478886027736313     
         192         193   1.3941592578636510     
         193         194   1.1270364727976288     
         193         195   1.3846110920899930     
         190         196   1.4101272312690216     
         195         196   1.4566569677973931     
         189         197   1.3719756072791751     
         197         198   1.1625520920132018     
         198         199   1.6914125141592089     
         197         200   1.3518378247210898     
         199         201   1.1673238549173477     
         200         201   1.4159267791001968     
         127         202   1.2283397915453571     
         201         202   1.2821822153216629     
         202         203   1.2800894051984189     
         203         204   1.2709081775721647     
         204         205   1.5782497006757530     
         205         206   1.2641190228319388     
         203         207   1.2513318026156739     
         206         207   1.2217711350213363     
         206         208   1.3369291778206691     
         208         209   1.0503348063074036     
         209         210   1.4099814853014252     
         210         211   1.4567961447666069     
         211         212   1.3845450800428749     
         212         213   1.1271145624706982     
         212         214   1.3940668591896903     
         209         215   1.4176586191567284     
         214         215   1.4479858979219109     
         208         216   1.3730309219619881     
         216         217   1.1617752918403388     
         217         218   1.6925805344663571     
         183         219   1.2845044347287993     
         218         219   1.1664612853860661     
         216         220   1.3520962308685132     
         219         220   1.4144459078674756     
         185         221  0.99801361968374003     
         186         222  0.99906516362269926     
         188         223  0.96081578151691405     
         191         224  0.98915103781860902     
         192         225  0.98139495602027416     
         194         226  0.96372259678278305     
         195         227  0.98245676820360739     
         196         228  0.98959175755450302     
         198         229  0.99960842801911609     
         199         230  0.99902477610089624     
         204         231  0.99792854361990080     
         205         232  0.99894410889107976     
         207         233  0.96090153475463591     
         210         234  0.98958465090589665     
         211         235  0.98240690841670253     
         213         236  0.96374564124769679     
         214         237  0.98141851892845611     
         215         238  0.98918420100335158     
         217         239  0.99966931975794948     
         218         240  0.99907804084712293     
         134         241   1.2285902128262229     
         241         242   1.2795796947352904     
         242         243   1.2710451674919547     
         243         244   1.5781309573160323     
         244         245   1.2642370508988119     
         242         246   1.2515802736778994     
         245         246   1.2212655990702570     
         245         247   1.3373421217050467     
         247         248   1.0499695395358317     
         248         249   1.4180241030073955     
         249         250   1.4478074850129414     
         250         251   1.3941898421433152     
         251         252   1.1270105671245594     
         251         253   1.3845364663775299     
         248         254   1.4100171980496721     
         253         254   1.4567635645177681     
         247         255   1.3731171710142620     
         255         256   1.1623574291890171     
         256         257   1.6916575225881150     
         255         258   1.3512556035640466     
         257         259   1.1672689765982336     
         258         259   1.4161539195812638     
         135         260   1.2282380410328397     
         259         260   1.2819926847868610     
         260         261   1.2799145680771038     
         261         262   1.2708881152843117     
         262         263   1.5783620234338442     
         263         264   1.2641236559500673     
         261         265   1.2515130123508413     
         264         265   1.2212818304899511     
         264         266   1.3374577060735056     
         266         267   1.0500065674485448     
         267         268   1.4101046739245926     
         268         269   1.4567123927663339     
         269         270   1.3845782895176275     
         270         271   1.1270199533341703     
         270         272   1.3941356779004015     
         267         273   1.4179008469607883     
         272         273   1.4478777389988380     
         266         274   1.3730058370191554     
         274         275   1.1623939373783083     
         275         276   1.6915122045289750     
         241         277   1.2818513800843210     
         276         277   1.1673611246066256     
         274         278   1.3513023521992102     
         277         278   1.4161427215225004     
         243         279  0.99800068840918099     
         244         280  0.99904558320335113     
         246         281  0.96090228751531093     
         249         282  0.98916664116406539     
         250         283  0.98142182161377134     
         252         284  0.96376679484245009     
         253         285  0.98243923594771676     
         254         286  0.98958030538253861     
         256         287  0.99965206934527173     
         257         288  0.99906611343359819     
         262         289  0.99795500158963912     
         263         290  0.99901130527842397     
         265         291  0.96092209309263921     
         268         292  0.98957496321371952     
         269         293  0.98242520422341162     
         271         294  0.96378072408260484     
         272         295  0.98143180080290682     
         273         296  0.98917604917778512     
         275         297  0.99968252740918750     
         276         298  0.99909073513123248     
         142         299   1.2279715546281469     
         299         300   1.2802740201344247     
         300         301   1.2707901382961966     
         301         302   1.5787065085231693     
         302         303   1.2638878397017126     
         300         304   1.2513047084330882     
         303         304   1.2216272064498841     
         303         305   1.3375361474948679     
         305         306   1.0498954145777950     
         306         307   1.4180020553709207     
         307         308   1.4478229021192233     
         308         309   1.3941560924098291     
         309         310   1.1271340222500756     
         309         311   1.3845015253296304     
         306         312   1.4100095986037875     
         311         312   1.4567914791593626     
         305         313   1.3729687180094940     
         313         314   1.1621967763428136     
         314         315   1.6919230606210531     
         313         316   1.3517184268597315     
         315         317   1.1671517339068831     
         316         317   1.4157772252108967     
         143         318   1.2276286093026763     
         317         318   1.2824845579763813     
         318         319   1.2804524946947360     
         319         320   1.2705984087571125     
         320         321   1.5789243190300239     
         321         322   1.2637574500018727     
         319         323   1.2513441214212861     
         322         323   1.2214275100353869     
         322         324   1.3379166221994714     
         324         325   1.0499143203164671     
         325         326   1.4100801359984358     
         326         327   1.4567286305100093     
         327         328   1.3845440911586055     
         328         329   1.1271427885073066     
         328         330   1.3941069943839484     
         325         331   1.4179119097875172     
         330         331   1.4478976617566497     
         324         332   1.3725902682533209     
         332         333   1.1622846468647037     
         333         334   1.6917445226694232     
         299         335   1.2824408585565163     
         334         335   1.1672870947996483     
         332         336   1.3519230048294790     
         335         336   1.4156907411669257     
         301         337  0.99794006363204013     
         302         338  0.99900495032968828     
         304         339  0.96089299169584097     
         307         340  0.98915279149021795     
         308         341  0.98140775571281857     
         310         342  0.96372614122833899     
         311         343  0.98240906327202537     
         312         344  0.98955924692968411     
         314         345  0.99964086226876037     
         315         346  0.99903943884107071     
         320         347  0.99792482514186276     
         321         348  0.99899714465598655     
         323         349  0.96089723067560606     
         326         350  0.98955680264763080     
         327         351  0.98240452192757144     
         329         352  0.96372805867721290     
         330         353  0.98140970235901104     
         331         354  0.98915588596248827     
         333         355  0.99964788787283210     
         334         356  0.99904050463112215     
         150         357   1.2275600251012031     
         357         358   1.2805382344154479     
         358         359   1.2706241345803089     
         359         360   1.5789876099245959     
         360         361   1.2637007199636217     
         358         362   1.2512312058050592     
         361         362   1.2216182504045996     
         361         363   1.3378364363496413     
         363         364   1.0498497728532756     
         364         365   1.4179646785921667     
         365         366   1.4478625274350556     
         366         367   1.3941228694161045     
         367         368   1.1271830820565969     
         367         369   1.3845139787772696     
         364         370   1.4100507416638997     
         369         370   1.4567614437984642     
         363         371   1.3727032401133916     
         371         372   1.1621766335963217     
         372         373   1.6919313622510586     
         371         374   1.3520045862000745     
         373         375   1.1671783637098188     
         374         375   1.4155949782724206     
         151         376   1.2275724074662289     
         375         376   1.2826410511399766     
         376         377   1.2805755960723058     
         377         378   1.2706159761039733     
         378         379   1.5789862282880851     
         379         380   1.2637044549093654     
         377         381   1.2512346761225552     
         380         381   1.2216263735655730     
         380         382   1.3378080582443441     
         382         383   1.0498563953562043     
         383         384   1.4100487635284327     
         384         385   1.4567640738844727     
         385         386   1.3845133866471004     
         386         387   1.1271874933161889     
         386         388   1.3941192111048220     
         383         389   1.4179587797795716     
         388         389   1.4478656903074973     
         382         390   1.3727294435078039     
         390         391   1.1621667929378212     
         391         392   1.6919508474362810     
         357         393   1.2826858905026290     
         392         393   1.1671514117521424     
         390         394   1.3519833956434038     
         393         394   1.4156109671830808     
         359         395  0.99792983658060741     
         360         396  0.99899127921626618     
         362         397  0.96088799362767396     
         365         398  0.98914675007914565     
         366         399  0.98140201879496103     
         368         400  0.96370948166745696     
         369         401  0.98239613999343189     
         370         402  0.98954966341175776     
         372         403  0.99963738970783278     
         373         404  0.99902037620700657     
         378         405  0.99791589455907526     
         379         406  0.99899228240917481     
         381         407  0.96088624633323538     
         384         408  0.98954972632251037     
         385         409  0.98239729505201190     
         387         410  0.96370755712288136     
         388         411  0.98140042408527828     
         389         412  0.98914769409167003     
         391         413  0.99963700664295863     
         392         414  0.99900543326690205     
         158         415   1.2276652425040182     
         415         416   1.2804043550411135     
         416         417   1.2706220473505521     
         417         418   1.5788991755750212     
         418         419   1.2637589735034083     
         416         420   1.2513494479138798     
         419         420   1.2214095043465227     
         419         421   1.3379241713321774     
         421         422   1.0498562079361482     
         422         423   1.4179708139666634     
         423         424   1.4478568504532290     
         424         425   1.3941350423217456     
         425         426   1.1271172115778474     
         425         427   1.3845410268358183     
         422         428   1.4100863718181387     
         427         428   1.4567323110750199     
         421         429   1.3726244012965021     
         429         430   1.1622902914436151     
         430         431   1.6917110959171855     
         429         432   1.3518992402771377     
         431         433   1.1673293419463917     
         432         433   1.4157055430962147     
         159         434   1.2280579782886250     
         433         434   1.2823485856165855     
         434         435   1.2802402796456538     
         435         436   1.2708218235050326     
         436         437   1.5786550680955882     
         437         438   1.2639096934952285     
         435         439   1.2513142941215079     
         438         439   1.2216140095559542     
         438         440   1.3375076920785416     
         440         441   1.0498382840315184     
         441         442   1.4100428341266682     
         442         443   1.4567729938299190     
         443         444   1.3845124605657233     
         444         445   1.1271225722986089     
         444         446   1.3941609991759729     
         441         447   1.4180266130275527     
         446         447   1.4478113368634937     
         440         448   1.3730238289468903     
         448         449   1.1621940816529532     
         449         450   1.6919109576154203     
         415         451   1.2824621719979590     
         450         451   1.1671638781461453     
         448         452   1.3516710641645089     
         451         452   1.4157980204183183     
         417         453  0.99793230022219470     
         418         454  0.99900287308020363     
         420         455  0.96090754116317556     
         423         456  0.98915359552821369     
         424         457  0.98141407326999985     
         426         458  0.96373654231046668     
         427         459  0.98240603893527190     
         428         460  0.98955768847083647     
         430         461  0.99965442784713854     
         431         462  0.99906042095235159     
         436         463  0.99792665544014314     
         437         464  0.99901326894024745     
         439         465  0.96090287133126973     
         442         466  0.98955804733975128     
         443         467  0.98241283196462925     
         445         468  0.96372909982171095     
         446         469  0.98140810124923694     
         447         470  0.98915399219589317     
         449         471  0.99964619199158022     
         450         472  0.99903594253428785     
         166         473   1.2283244454157562     
         473         474   1.2798203829001435     
         474         475   1.2709675312198292     
         475         476   1.5782269047502289     
         476         477   1.2642146171606965     
         474         478   1.2515012559028631     
         477         478   1.2212990135622750     
         477         479   1.3373023961808870     
         479         480   1.0500219899652123     
         480         481   1.4178907696413756     
         481         482   1.4478856241745013     
         482         483   1.3941309958406822     
         483         484   1.1269931465296383     
         483         485   1.3845994966935000     
         480         486   1.4101151623573516     
         485         486   1.4566960876545614     
         479         487   1.3731439381819610     
         487         488   1.1623967224857210     
         488         489   1.6915014797267967     
         487         490   1.3511543402332911     
         489         491   1.1673477749029866     
         490         491   1.4162558691903371     
         167         492   1.2286454910118425     
         491         492   1.2817376090016355     
         492         493   1.2794961183392122     
         493         494   1.2710279771412036     
         494         495   1.5780940293154648     
         495         496   1.2642623174974306     
         493         497   1.2516583613971635     
         496         497   1.2211642259214590     
         496         498   1.3373805126693936     
         498         499   1.0500075325100380     
         499         500   1.4099997139564353     
         500         501   1.4567791352187085     
         501         502   1.3845182898050452     
         502         503   1.1270252341400608     
         502         504   1.3941897766615716     
         499         505   1.4180108031691809     
         504         505   1.4478089081664547     
         498         506   1.3730693760935420     
         506         507   1.1624017620288665     
         507         508   1.6915928728648100     
         473         509   1.2819232756323942     
         508         509   1.1672954292973057     
         506         510   1.3512097373010883     
         509         510   1.4162074753964988     
         475         511  0.99796642466942376     
         476         512  0.99901020389584372     
         478         513  0.96092725334496354     
         481         514  0.98918197954764220     
         482         515  0.98143845381754513     
         484         516  0.96379304880777983     
         485         517  0.98242557226876359     
         486         518  0.98957549175797710     
         488         519  0.99968842140858205     
         489         520  0.99910226255901147     
         494         521  0.99800623775626873     
         495         522  0.99904781533542941     
         497         523  0.96090127139104076     
         500         524  0.98958409370790834     
         501         525  0.98244283249239328     
         503         526  0.96376060880448833     
         504         527  0.98141971058788180     
         505         528  0.98916841151194690     
         507         529  0.99964999335443705     
         508         530  0.99905764575841460     
         174         531   1.2282149841649523     
         531         532   1.2803052301596285     
         532         533   1.2708464984502883     
         533         534   1.5783613734107109     
         534         535   1.2639985208217852     
         532         536   1.2512004375066650     
         535         536   1.2219783760778917     
         535         537   1.3368992498748100     
         537         538   1.0502169024918873     
         538         539   1.4177575705129732     
         539         540   1.4479138256061490     
         540         541   1.3941166915817789     
         541         542   1.1270526482146772     
         541         543   1.3845678642851889     
         538         544   1.4100010683751303     
         543         544   1.4567936026286290     
         537         545   1.3730383619037161     
         545         546   1.1615474089635938     
         546         547   1.6929771658552031     
         545         548   1.3524476276055291     
         547         549   1.1661493123879805     
         548         549   1.4138652963381906     
         175         550   1.2206121086176795     
         549         550   1.2855542244899374     
         550         551   1.2829388722442878     
         551         552   1.2688798000473434     
         552         553   1.5802276397555448     
         553         554   1.2628926970211904     
         551         555   1.2508173745276481     
         554         555   1.2207959280052332     
         554         556   1.3393013492735470     
         556         557   1.0499063971610612     
         557         558   1.4100670518383145     
         558         559   1.4567139752815474     
         559         560   1.3845371451965811     
         560         561   1.1271853516462909     
         560         562   1.3941314136529470     
         557         563   1.4179637144249619     
         562         563   1.4478973941703541     
         556         564   1.3715076614103574     
         564         565   1.1625883650445081     
         565         566   1.6913743255878102     
         531         567   1.2823489023092298     
         566         567   1.1673433052445703     
         564         568   1.3522090869642001     
         567         568   1.4156872529604712     
         533         569  0.99790862285253246     
         534         570  0.99893746346690604     
         536         571  0.96088921781501568     
         539         572  0.98918910163277063     
         540         573  0.98143202036153687     
         542         574  0.96376812791719202     
         543         575  0.98239625061096481     
         544         576  0.98956991084362089     
         546         577  0.99968165666892039     
         547         578  0.99907248941522120     
         552         579  0.99798243835196143     
         553         580  0.99903666866501650     
         555         581  0.96080149472190524     
         558         582  0.98958700890036189     
         559         583  0.98243847106732973     
         561         584  0.96366729952960517     
         562         585  0.98137768770964129     
         563         586  0.98913704079911502     
         565         587  0.99959452020468509     
         566         588  0.99901422895382619     
