   -0.02277864
    0.06129673
   -0.03577684
   -0.03234365
    0.06280242
   -0.15970545
    0.00964965
   -0.00720124
   -0.02508574
   -0.04020114
    0.05844328
   -0.30614722
   -0.04110310
   -0.02686195
    0.05883921
   -0.03769896
   -0.03899957
   -0.28584966
    0.06333356
    0.01678696
    0.06593508
   -0.03342217
   -0.03202005
    0.06198460
   -0.15754338
    0.00924304
   -0.00715504
   -0.02567416
   -0.04066315
    0.05842226
   -0.30594308
   -0.04060685
   -0.02622822
    0.06023315
   -0.03791645
   -0.04102632
    0.05803884
   -0.28808395
    0.02702073
    0.03738560
    0.02761736
    0.16291983
    0.02083866
    0.02904797
    0.16435790
    0.16496915
    0.02813872
    0.02038754
    0.01880844
    0.02279786
    0.03369730
    0.02845974
    0.16145838
    0.01984047
    0.02814733
    0.16435439
    0.16448019
    0.02901012
    0.02143858
    0.01818541
    0.02716521
   -0.02274775
    0.06128531
   -0.03578497
   -0.03237585
    0.06280245
   -0.15966484
    0.00969357
   -0.00713761
   -0.02516407
   -0.04025551
    0.05837821
   -0.30626873
   -0.04104276
   -0.02681801
    0.05883955
   -0.03774125
   -0.03899383
   -0.28589759
    0.06340641
    0.01671935
    0.06601889
   -0.03336991
   -0.03198758
    0.06203193
   -0.15755990
    0.00931961
   -0.00712806
   -0.02565009
   -0.04061408
    0.05842221
   -0.30594339
   -0.04065603
   -0.02627876
    0.06025828
   -0.03792946
   -0.04103025
    0.05802721
   -0.28805170
    0.02700417
    0.03737346
    0.02760155
    0.16295681
    0.02072076
    0.02883421
    0.16430978
    0.16478705
    0.02818598
    0.02047519
    0.01872472
    0.02260961
    0.03353624
    0.02846457
    0.16150586
    0.01992468
    0.02822255
    0.16438816
    0.16440960
    0.02882609
    0.02133122
    0.01817405
    0.02715041
   -0.02095539
   -0.02055079
   -0.02314608
   -0.01813185
   -0.02178006
   -0.02008940
   -0.02268729
   -0.01911627
   -0.02211589
   -0.01953083
   -0.02213052
   -0.01941929
   -0.02204681
   -0.01926817
   -0.02189657
   -0.01935484
   -0.02190494
   -0.01924121
   -0.02190426
   -0.01924394
   -0.02189278
   -0.01935165
   -0.02204358
   -0.01926574
   -0.02212592
   -0.01941882
   -0.02211412
   -0.01952230
   -0.02266652
   -0.01910849
   -0.02176850
   -0.02006157
   -0.02320325
   -0.01823107
   -0.02101962
   -0.02063895
    0.01415353
    0.06535464
   -0.03557178
   -0.03272753
    0.06064686
   -0.15694548
    0.01221772
   -0.00648103
   -0.02476978
   -0.04025409
    0.05850121
   -0.30617538
   -0.04077183
   -0.02601865
    0.05786747
   -0.03799780
   -0.03992507
   -0.28519687
    0.06318406
    0.01590465
    0.06555157
   -0.03477762
   -0.03263112
    0.06090496
   -0.15657980
    0.01190461
   -0.00650322
   -0.02596306
   -0.04067316
    0.05846379
   -0.30611532
   -0.04034850
   -0.02488797
    0.05798650
   -0.03802642
   -0.04045846
    0.06288322
   -0.28581210
    0.03155398
    0.02680799
    0.16158009
    0.02061487
    0.02846188
    0.16447791
    0.16410193
    0.02823236
    0.02109465
    0.01774364
    0.02176558
    0.03255416
    0.02720780
    0.16151451
    0.02129242
    0.02840484
    0.16424031
    0.16406270
    0.02824393
    0.02037443
    0.01742587
    0.02088242
    0.01487597
    0.06545478
   -0.03532680
   -0.03274723
    0.06064408
   -0.15668838
    0.01230818
   -0.00639438
   -0.02479638
   -0.04026561
    0.05843230
   -0.30626629
   -0.04073000
   -0.02597532
    0.05783234
   -0.03800691
   -0.04008126
   -0.28535067
    0.06315177
    0.01540263
    0.06553831
   -0.03502056
   -0.03264387
    0.06074832
   -0.15662509
    0.01225595
   -0.00639835
   -0.02594812
   -0.04067897
    0.05841829
   -0.30624552
   -0.04030870
   -0.02485003
    0.05779931
   -0.03807808
   -0.04032194
    0.06304834
   -0.28548114
    0.03184870
    0.02683995
    0.16155033
    0.02058039
    0.02832425
    0.16426905
    0.16394130
    0.02815172
    0.02114375
    0.01758314
    0.02147782
    0.03225596
    0.02705214
    0.16153230
    0.02124566
    0.02826283
    0.16415105
    0.16393963
    0.02820153
    0.02046772
    0.01740258
    0.02110062
    0.01548899
    0.06553647
   -0.03498677
   -0.03259377
    0.06087071
   -0.15657278
    0.01232081
   -0.00642963
   -0.02482270
   -0.04025849
    0.05847132
   -0.30620150
   -0.04068929
   -0.02596608
    0.05799051
   -0.03791468
   -0.04001826
   -0.28531313
    0.06319086
    0.01544867
    0.06560622
   -0.03492920
   -0.03252660
    0.06087603
   -0.15659705
    0.01235187
   -0.00642089
   -0.02595987
   -0.04066961
    0.05846625
   -0.30620317
   -0.04026025
   -0.02483307
    0.05796768
   -0.03796766
   -0.04007202
    0.06314511
   -0.28527414
    0.03220880
    0.02707859
    0.16161810
    0.02059012
    0.02835245
    0.16429488
    0.16400524
    0.02825591
    0.02122781
    0.01768120
    0.02151607
    0.03231610
    0.02716215
    0.16162369
    0.02126118
    0.02829549
    0.16424287
    0.16399913
    0.02831615
    0.02056817
    0.01761426
    0.02142867
    0.01570811
    0.06562270
   -0.03481743
   -0.03247892
    0.06099702
   -0.15652443
    0.01237154
   -0.00645261
   -0.02482813
   -0.04023749
    0.05850689
   -0.30614994
   -0.04065747
   -0.02596284
    0.05809536
   -0.03785977
   -0.03994546
   -0.28522399
    0.06322451
    0.01563572
    0.06564299
   -0.03482042
   -0.03245642
    0.06098995
   -0.15654598
    0.01238988
   -0.00645090
   -0.02596312
   -0.04065519
    0.05850840
   -0.30614686
   -0.04023455
   -0.02482565
    0.05808972
   -0.03788023
   -0.03995128
    0.06320284
   -0.28519714
    0.03240060
    0.02724337
    0.16168567
    0.02062597
    0.02840805
    0.16433376
    0.16405735
    0.02834449
    0.02128326
    0.01777927
    0.02160330
    0.03241320
    0.02726536
    0.16168678
    0.02128454
    0.02835444
    0.16432912
    0.16405476
    0.02840482
    0.02062430
    0.01776400
    0.02159275
    0.01564046
    0.06564095
   -0.03482184
   -0.03245640
    0.06099191
   -0.15654369
    0.01239201
   -0.00645076
   -0.02482718
   -0.04023660
    0.05850581
   -0.30614921
   -0.04065496
   -0.02596422
    0.05808750
   -0.03787898
   -0.03994917
   -0.28519375
    0.06321224
    0.01570606
    0.06561758
   -0.03481818
   -0.03247610
    0.06099924
   -0.15652710
    0.01237157
   -0.00645518
   -0.02596235
   -0.04065840
    0.05851204
   -0.30614132
   -0.04024001
   -0.02482550
    0.05809511
   -0.03786000
   -0.03994401
    0.06322445
   -0.28522284
    0.03241423
    0.02726482
    0.16168873
    0.02062708
    0.02840452
    0.16432215
    0.16405942
    0.02835274
    0.02128436
    0.01776516
    0.02159506
    0.03240266
    0.02724454
    0.16168457
    0.02128111
    0.02834633
    0.16434231
    0.16406637
    0.02841119
    0.02062731
    0.01777889
    0.02160202
    0.01545350
    0.06560355
   -0.03492955
   -0.03252465
    0.06087704
   -0.15659720
    0.01235654
   -0.00642093
   -0.02483239
   -0.04026042
    0.05846411
   -0.30620425
   -0.04066903
   -0.02596028
    0.05796510
   -0.03796435
   -0.04006961
   -0.28527229
    0.06314729
    0.01549263
    0.06554324
   -0.03498326
   -0.03258789
    0.06087506
   -0.15656945
    0.01232266
   -0.00642995
   -0.02596637
   -0.04068734
    0.05847397
   -0.30619697
   -0.04025776
   -0.02482201
    0.05799392
   -0.03791339
   -0.04001557
    0.06319228
   -0.28531004
    0.03231013
    0.02716277
    0.16162283
    0.02057177
    0.02831586
    0.16424267
    0.16399672
    0.02829793
    0.02125873
    0.01761782
    0.02142705
    0.03221905
    0.02708357
    0.16162197
    0.02122872
    0.02825802
    0.16429706
    0.16400635
    0.02835598
    0.02059620
    0.01768437
    0.02152546
    0.01540819
    0.06554441
   -0.03501578
   -0.03264390
    0.06074976
   -0.15662002
    0.01225926
   -0.00639720
   -0.02485392
   -0.04031307
    0.05842146
   -0.30624682
   -0.04067771
   -0.02594294
    0.05780872
   -0.03807439
   -0.04031362
   -0.28547606
    0.06305556
    0.01488358
    0.06546217
   -0.03531052
   -0.03273330
    0.06065664
   -0.15669210
    0.01231007
   -0.00639790
   -0.02598067
   -0.04073693
    0.05843684
   -0.30626019
   -0.04026114
   -0.02479750
    0.05784357
   -0.03800476
   -0.04008372
    0.06314342
   -0.28535049
    0.03225906
    0.02705264
    0.16153921
    0.02045481
    0.02818502
    0.16414275
    0.16395063
    0.02826927
    0.02125535
    0.01741039
    0.02110385
    0.03186254
    0.02685780
    0.16155826
    0.02113457
    0.02813699
    0.16427961
    0.16394241
    0.02833389
    0.02058506
    0.01758694
    0.02147678
    0.01593674
    0.06555795
   -0.03477264
   -0.03264739
    0.06091782
   -0.15654429
    0.01197816
   -0.00644594
   -0.02498526
   -0.04039584
    0.05838898
   -0.30624757
   -0.04063427
   -0.02594948
    0.05799654
   -0.03806694
   -0.04045563
   -0.28586443
    0.06295526
    0.01410558
    0.06546209
   -0.03550053
   -0.03269046
    0.06069913
   -0.15695459
    0.01230522
   -0.00644416
   -0.02607303
   -0.04080961
    0.05846162
   -0.30623743
   -0.04022735
   -0.02479779
    0.05790659
   -0.03801662
   -0.03993028
    0.06317594
   -0.28518151
    0.03254563
    0.02722134
    0.16155615
    0.02028999
    0.02805582
    0.16407081
    0.16400129
    0.02841146
    0.02133551
    0.01737259
    0.02069799
    0.03139157
    0.02682306
    0.16163774
    0.02099977
    0.02804744
    0.16445586
    0.16400573
    0.02848577
    0.02069371
    0.01773732
    0.02174052
