           2           3   1.3884195676858144     
           3           4   1.2026241378596416     
           4           5   1.6376799439724936     
           5           6   1.2105825707496949     
           1           7  0.71281376247705619     
           3           7   1.2558261454243762     
           6           7   1.2441680427684956     
           6           8   1.3725462475271069     
           8           9   1.3668862381529254     
           9          10   1.2215785783902950     
          10          11   1.6166786529355459     
           1          12  0.71303191068719496     
           9          12   1.2370109021318134     
          11          13   1.2310012827915473     
          12          13   1.2805357585236812     
          13          14   1.2930461172114978     
          14          15   1.2926840970083173     
          15          16   1.2314523269184032     
          16          17   1.6157228892874140     
          17          18   1.2220471112734947     
          18          19   1.3655372409112057     
          19          20   1.0445659256242084     
          20          21   1.4266992868184782     
          21          22   1.4463163823003269     
          22          23   1.4417422185685900     
          23          24   1.4413913434586758     
          20          25   1.4263780285166991     
          24          25   1.4468438314607102     
          19          26   1.3714994569413363     
          26          27   1.2108922856925337     
          27          28   1.6370403176295438     
           2          29   1.3882904746699793     
          28          29   1.2028086481145017     
           1          30  0.71256019428930895     
          26          30   1.2446497284031057     
          29          30   1.2555962327452048     
           1          31  0.71291338108071178     
          15          31   1.2803463422962340     
          18          31   1.2373967100630285     
           8          32   1.0409037972603483     
          32          33   1.4283522622605289     
          33          34   1.4456426643404729     
          34          35   1.4421095645894741     
          35          36   1.4417457401813112     
          32          37   1.4280423408373115     
          36          37   1.4461749610662069     
           2          38  0.99670595848152221     
           4          39  0.99381042596982572     
           5          40  0.99980885032268274     
          10          41  0.99870141258277823     
          11          42  0.99900335234081206     
          16          43  0.99895944749844112     
          17          44  0.99859295778533508     
          21          45  0.98919086197372952     
          22          46  0.98220945782786573     
          23          47  0.98414461041667789     
          24          48  0.98193469802585220     
          25          49  0.98890486656832211     
          27          50  0.99965937686286410     
          28          51  0.99377326679046263     
          33          52  0.98899496437409029     
          34          53  0.98224067733158471     
          35          54  0.98411656681817550     
          36          55  0.98206105333616356     
          37          56  0.98890208476422525     
          58          59   1.3883196501629989     
          59          60   1.2026623363855009     
          60          61   1.6376544640793562     
          61          62   1.2105487423290500     
          57          63  0.71284875132343550     
          59          63   1.2558643794180506     
          62          63   1.2441011814017460     
          62          64   1.3726674180922402     
          64          65   1.3670487168292234     
          65          66   1.2215752105221098     
          66          67   1.6167463921350362     
          57          68  0.71301673791414477     
          65          68   1.2368830380671845     
          67          69   1.2309449320851149     
          68          69   1.2806165402636229     
          69          70   1.2930192318376008     
          70          71   1.2927326823247345     
          71          72   1.2314028879397285     
          72          73   1.6158182854770016     
          73          74   1.2219996196446010     
          74          75   1.3657893956264220     
          75          76   1.0441554120746450     
          76          77   1.4269065245452250     
          77          78   1.4462565326627663     
          78          79   1.4417153506111744     
          79          80   1.4414872367943607     
          76          81   1.4265381237546326     
          80          81   1.4467602762216514     
          75          82   1.3715042433069340     
          82          83   1.2108742541713644     
          83          84   1.6370683963582180     
          58          85   1.3884102611039328     
          84          85   1.2027792680562961     
          57          86  0.71265756268151648     
          82          86   1.2447279519377314     
          85          86   1.2554722964511527     
          57          87  0.71291245509914480     
          71          87   1.2803685319452411     
          74          87   1.2373149068705989     
          64          88   1.0404875453403022     
          88          89   1.4283981692198620     
          89          90   1.4456682716174856     
          90          91   1.4420633744410523     
          91          92   1.4418689477270974     
          88          93   1.4283711462684316     
          92          93   1.4460003728718038     
          58          94  0.99670894431413248     
          60          95  0.99381460671923827     
          61          96  0.99983697243658975     
          66          97  0.99871811059985338     
          67          98  0.99899438467396340     
          72          99  0.99898536894035128     
          73         100  0.99860715721772086     
          77         101  0.98916368352798700     
          78         102  0.98220720785073323     
          79         103  0.98414134857578728     
          80         104  0.98193740225485648     
          81         105  0.98889912058742413     
          83         106  0.99968510971874192     
          84         107  0.99378138286829087     
          89         108  0.98896277644115471     
          90         109  0.98222506280463762     
          91         110  0.98411140153390009     
          92         111  0.98207900108786439     
          93         112  0.98889168656784110     
          14         114   1.2256036810043380     
         113         114   2.4917978257261630     
         113         115   1.3342322216680516     
         114         116  0.17694407382671454     
         115         116   2.4900628193041490     
         117         118   2.4901071984520811     
         117         119   1.3341820895016570     
          70         120   1.2255652920163702     
         118         120  0.17693115266202422     
         119         120   2.4918913372717908     
         116         122   1.2280247145344034     
         122         123   1.2888332089075776     
         123         124   1.2321533948904879     
         124         125   1.6147279330757680     
         125         126   1.2236131301466147     
         121         127  0.70990647024193720     
         123         127   1.2840051668652006     
         126         127   1.2328934779548255     
         126         128   1.3700552353959616     
         128         129   1.3700831635725634     
         129         130   1.2236553359171121     
         130         131   1.6147269945120266     
         121         132  0.70971338308280452     
         129         132   1.2328797021630082     
         131         133   1.2321708597554186     
         132         133   1.2840705346759493     
         118         134   1.2280055149257454     
         133         134   1.2889094559080230     
         134         135   1.2889039977524475     
         135         136   1.2321033890041793     
         136         137   1.6147758068164482     
         137         138   1.2236186783899319     
         138         139   1.3700694899068113     
         139         140   1.0426701083582022     
         140         141   1.4277994318976683     
         141         142   1.4461681933191688     
         142         143   1.4418044395012355     
         143         144   1.4417867343548920     
         140         145   1.4277563028113909     
         144         145   1.4461982997642222     
         139         146   1.3700369036104649     
         146         147   1.2236559055377738     
         147         148   1.6147464915830889     
         122         149   1.2889762485072391     
         148         149   1.2321429863847595     
         121         150  0.70986620721606508     
         146         150   1.2328913369790151     
         149         150   1.2840216019211759     
         121         151  0.71004074684448015     
         135         151   1.2839956084932975     
         138         151   1.2328573249820300     
         128         152   1.0426056147330836     
         152         153   1.4277236996891096     
         153         154   1.4462309333906411     
         154         155   1.4417499198725254     
         155         156   1.4418200824759781     
         152         157   1.4278569784097275     
         156         157   1.4461397365915423     
         124         158  0.99946167159963750     
         125         159  0.99956306198928557     
         130         160  0.99956937616512287     
         131         161  0.99946256226924501     
         136         162  0.99946507431165688     
         137         163  0.99956010050507238     
         141         164  0.98908719625888364     
         142         165  0.98223548784802772     
         143         166  0.98432234254773709     
         144         167  0.98222246455889295     
         145         168  0.98907692590702212     
         147         169  0.99956944878367260     
         148         170  0.99946159832389081     
         153         171  0.98907088087587369     
         154         172  0.98221712406458506     
         155         173  0.98432424842670485     
         156         174  0.98223868429441918     
         157         175  0.98907980183019384     
