   -0.01859506
    0.06410268
   -0.03158767
   -0.03125327
    0.06439540
   -0.15680489
    0.00970552
    0.01808270
   -0.01422596
   -0.00730952
    0.04503552
    0.29986206
   -0.27154619
   -0.27227464
   -0.00797923
   -0.01578255
    0.06078451
   -0.03662870
   -0.03577443
   -0.28259718
    0.06613537
    0.02010536
    0.06785358
   -0.03104343
   -0.03165080
    0.06340426
   -0.15481898
    0.00890430
    0.01787265
   -0.01478045
   -0.00773922
    0.04481127
    0.29932768
   -0.27241091
   -0.27242094
   -0.00794945
   -0.01558406
    0.06242301
   -0.03654845
   -0.03656470
    0.06115772
   -0.28498235
    0.03430623
    0.04532697
    0.03654464
    0.16624311
    0.03852509
    0.05620041
    0.05546327
    0.03834130
    0.02722643
    0.02996384
    0.03958883
    0.03650384
    0.16499104
    0.03778638
    0.05545767
    0.05564765
    0.03860174
    0.02696879
    0.03540266
   -0.01852850
    0.06411812
   -0.03154650
   -0.03122987
    0.06442856
   -0.15677921
    0.00973295
    0.01807771
   -0.01421069
   -0.00724959
    0.04502796
    0.29987028
   -0.27136083
   -0.27238686
   -0.00802509
   -0.01582543
    0.06084897
   -0.03661518
   -0.03572294
   -0.28261623
    0.06614959
    0.02012045
    0.06792219
   -0.03097189
   -0.03160872
    0.06346218
   -0.15483697
    0.00893889
    0.01787871
   -0.01479502
   -0.00775916
    0.04482057
    0.29936269
   -0.27246635
   -0.27226738
   -0.00790450
   -0.01557392
    0.06244669
   -0.03654101
   -0.03654210
    0.06116353
   -0.28493193
    0.03435080
    0.04537658
    0.03660748
    0.16627416
    0.03867562
    0.05637481
    0.05538711
    0.03827947
    0.02725411
    0.02993691
    0.03961166
    0.03655290
    0.16502860
    0.03780361
    0.05543331
    0.05575924
    0.03861825
    0.02699881
    0.03543720
   -0.01154716
   -0.01380794
   -0.01593169
   -0.01593362
   -0.01798063
   -0.01371229
   -0.01277189
   -0.01323232
   -0.01702887
   -0.01540192
   -0.01735135
   -0.01484045
   -0.01281697
   -0.01274159
   -0.01707716
   -0.01490479
   -0.01693987
   -0.01492282
   -0.01274573
   -0.01281506
   -0.01694327
   -0.01492173
   -0.01707391
   -0.01491005
   -0.01324518
   -0.01274072
   -0.01736502
   -0.01481651
   -0.01699580
   -0.01541883
   -0.01381407
   -0.01151282
   -0.01799215
   -0.01368085
   -0.01590521
   -0.01593396
    0.01724223
    0.06735761
   -0.03315970
   -0.03239761
    0.06170705
   -0.15444728
    0.01163605
    0.01859997
   -0.01406896
   -0.00738515
    0.04491415
    0.29968543
   -0.27247680
   -0.27180817
   -0.00794606
   -0.01530066
    0.05959135
   -0.03705997
   -0.03684678
   -0.28266765
    0.06586478
    0.01847289
    0.06757313
   -0.03241036
   -0.03214842
    0.06192823
   -0.15427179
    0.01151770
    0.01854493
   -0.01517571
   -0.00775059
    0.04496404
    0.29973696
   -0.27213354
   -0.27207283
   -0.00748852
   -0.01417568
    0.05977995
   -0.03696121
   -0.03711830
    0.06570621
   -0.28303070
    0.03762541
    0.03504190
    0.16495832
    0.03834205
    0.05576407
    0.05516929
    0.03840814
    0.02608124
    0.02861951
    0.03871814
    0.03554382
    0.16485036
    0.03871197
    0.05556583
    0.05542162
    0.03795638
    0.02602498
    0.02821234
    0.01813817
    0.06751389
   -0.03260461
   -0.03215981
    0.06190427
   -0.15427521
    0.01168629
    0.01859271
   -0.01411465
   -0.00740167
    0.04495760
    0.29978003
   -0.27221058
   -0.27187875
   -0.00781239
   -0.01521055
    0.05971472
   -0.03698801
   -0.03688799
   -0.28272247
    0.06580899
    0.01827863
    0.06760927
   -0.03242599
   -0.03204136
    0.06194725
   -0.15431775
    0.01171066
    0.01859414
   -0.01518552
   -0.00776843
    0.04496852
    0.29980689
   -0.27193556
   -0.27210653
   -0.00742524
   -0.01413119
    0.05969312
   -0.03705482
   -0.03702817
    0.06571772
   -0.28270586
    0.03838873
    0.03540074
    0.16492768
    0.03823521
    0.05564466
    0.05537742
    0.03855051
    0.02608441
    0.02847181
    0.03862981
    0.03554998
    0.16491295
    0.03864490
    0.05548123
    0.05556170
    0.03814820
    0.02599008
    0.02826455
    0.01849789
    0.06762777
   -0.03231957
   -0.03197007
    0.06208386
   -0.15424714
    0.01174368
    0.01856888
   -0.01411475
   -0.00738694
    0.04500119
    0.29985218
   -0.27208854
   -0.27183692
   -0.00776141
   -0.01519687
    0.05982717
   -0.03694237
   -0.03683657
   -0.28259732
    0.06580759
    0.01849311
    0.06762761
   -0.03231959
   -0.03197195
    0.06208379
   -0.15425454
    0.01174322
    0.01857375
   -0.01519769
   -0.00775776
    0.04500121
    0.29985725
   -0.27183568
   -0.27208119
   -0.00738557
   -0.01411796
    0.05982931
   -0.03694436
   -0.03683369
    0.06580656
   -0.28259629
    0.03870211
    0.03563471
    0.16498172
    0.03823681
    0.05567119
    0.05549803
    0.03864620
    0.02615152
    0.02851769
    0.03870373
    0.03563816
    0.16498340
    0.03865369
    0.05550084
    0.05566962
    0.03824254
    0.02615638
    0.02852288
    0.01828220
    0.06761080
   -0.03242641
   -0.03204076
    0.06194659
   -0.15432175
    0.01170935
    0.01859331
   -0.01412753
   -0.00742411
    0.04496820
    0.29980633
   -0.27211747
   -0.27192402
   -0.00777126
   -0.01518787
    0.05968981
   -0.03705368
   -0.03703431
   -0.28269959
    0.06571851
    0.01812057
    0.06751305
   -0.03261121
   -0.03215882
    0.06190414
   -0.15429174
    0.01168773
    0.01859096
   -0.01521171
   -0.00781032
    0.04495744
    0.29977733
   -0.27189031
   -0.27220299
   -0.00740717
   -0.01411436
    0.05971412
   -0.03698694
   -0.03689018
    0.06580383
   -0.28271608
    0.03863243
    0.03555466
    0.16491469
    0.03815176
    0.05557094
    0.05547341
    0.03863975
    0.02597963
    0.02825566
    0.03838302
    0.03540275
    0.16492847
    0.03854836
    0.05538281
    0.05563803
    0.03822795
    0.02607845
    0.02847279
    0.01851432
    0.06757432
   -0.03238753
   -0.03214115
    0.06194409
   -0.15426598
    0.01152947
    0.01854916
   -0.01416980
   -0.00743829
    0.04494481
    0.29973844
   -0.27219552
   -0.27196971
   -0.00779709
   -0.01522102
    0.05981400
   -0.03696909
   -0.03709641
   -0.28307059
    0.06571875
    0.01720875
    0.06739651
   -0.03311874
   -0.03237573
    0.06174863
   -0.15448457
    0.01164316
    0.01860462
   -0.01530210
   -0.00791366
    0.04490687
    0.29969794
   -0.27188239
   -0.27235655
   -0.00741239
   -0.01409181
    0.05960091
   -0.03706798
   -0.03684052
    0.06585639
   -0.28265291
    0.03874335
    0.03558473
    0.16486732
    0.03808214
    0.05556163
    0.05548153
    0.03865225
    0.02602878
    0.02815366
    0.03761032
    0.03507060
    0.16498216
    0.03840857
    0.05525185
    0.05572241
    0.03835174
    0.02608706
    0.02862652
