           2           3   1.3923392773404502     
           3           4   1.1982366522864352     
           4           5   1.6434243339295205     
           5           6   1.2030154230142283     
           1           7  0.71247796239036520     
           3           7   1.2445606155420976     
           6           7   1.2518226349730726     
           6           8   1.3600085003815547     
           8           9   1.0574277339205302     
           9          10   1.4152417909351853     
          10          11   1.4658200727188446     
          11          12   1.4044471530375764     
          12          13   1.0052634840877575     
          13          14   1.5664321290879837     
          13          15   1.5680339004008095     
          14          15  0.38065894577342785     
          12          16   1.4038923269795069     
           9          17   1.4143444066573174     
          16          17   1.4664923323557193     
           8          18   1.3661297897534208     
          18          19   1.2081331254349488     
          19          20   1.6328898736378610     
           1          21  0.71013587366648967     
          18          21   1.2437393328877078     
          20          22   1.2175182206291602     
          21          22   1.2659119122131668     
          22          23   1.3163595958022267     
          23          24   1.3144539241542244     
          24          25   1.2178270965583144     
          25          26   1.6328468731188135     
          26          27   1.2075862327657880     
           1          28  0.70956372302984072     
          24          28   1.2683367143464106     
          27          28   1.2413115132453485     
          27          29   1.3688272964586592     
          29          30   1.0572510153552446     
          30          31   1.4141472061391407     
          31          32   1.4666805365244360     
          32          33   1.4038537792696022     
          33          34   1.0052564025237647     
          34          35   1.5663585384907388     
          34          36   1.5680915961365396     
          35          36  0.38065420692432494     
          33          37   1.4044901762728754     
          30          38   1.4155289887794635     
          37          38   1.4655910787927628     
          29          39   1.3572823887882555     
          39          40   1.2034266921723733     
          40          41   1.6434699831737309     
           2          42   1.3948478887152147     
          41          42   1.1974640079884176     
           1          43  0.71291455042381124     
          39          43   1.2542898382036702     
          42          43   1.2422086928563301     
           2          44  0.99672775902477628     
           4          45  0.99378976853870127     
           5          46  0.99858961096376886     
          10          47  0.98801373109090940     
          11          48  0.98545010660199650     
          16          49  0.98581957775236861     
          17          50  0.98862227155397797     
          19          51  0.99773547611897140     
          20          52  0.99876461619055201     
          25          53  0.99846575751547240     
          26          54  0.99766364680111796     
          31          55  0.98853228986859476     
          32          56  0.98584524295277531     
          37          57  0.98542862333564918     
          38          58  0.98810345038527148     
          40          59  0.99860016433329302     
          41          60  0.99384020434560871     
          62          63   1.3920099106245760     
          63          64   1.1982828538611268     
          64          65   1.6430234566672384     
          65          66   1.2031535081166025     
          61          67  0.71635826222756516     
          63          67   1.2426574420063845     
          66          67   1.2505909005642561     
          66          68   1.3586250041900689     
          68          69   1.0609283625120201     
          69          70   1.4135740967087878     
          70          71   1.4666263951901546     
          71          72   1.4038762442923318     
          72          73   1.0054030768990350     
          73          74   1.5664920325367822     
          73          75   1.5675136469046467     
          74          75  0.38047146527412945     
          72          76   1.4036952645995442     
          69          77   1.4131610550801748     
          76          77   1.4669294032970279     
          68          78   1.3640441718987617     
          78          79   1.2091586641719374     
          79          80   1.6310502389605066     
          61          81  0.71349173832387514     
          78          81   1.2424561207028006     
          80          82   1.2194611562027071     
          81          82   1.2649354346384725     
          82          83   1.3114700654789275     
          83          84   1.3096227814710522     
          84          85   1.2198718589149278     
          85          86   1.6308710144688909     
          86          87   1.2087405464590815     
          61          88  0.71309449884506715     
          84          88   1.2670522862270146     
          87          88   1.2403077210240634     
          87          89   1.3662657322797807     
          89          90   1.0606110036267933     
          90          91   1.4130368692951465     
          91          92   1.4670685281316083     
          92          93   1.4036651204560155     
          93          94   1.0053469430362878     
          94          95   1.5664194948429260     
          94          96   1.5676629640061432     
          95          96  0.38049221128434568     
          93          97   1.4039967537721953     
          90          98   1.4139450809452603     
          97          98   1.4663392012540843     
          89          99   1.3566142072493597     
          99         100   1.2035071036751468     
         100         101   1.6429899551268714     
          62         102   1.3937305385502001     
         101         102   1.1978007766326320     
          61         103  0.71655636536051126     
          99         103   1.2523682185894738     
         102         103   1.2409486469285766     
          62         104  0.99665508195763552     
          64         105  0.99391824607725576     
          65         106  0.99857431565694099     
          70         107  0.98812425307206109     
          71         108  0.98544823338915088     
          76         109  0.98584901255409985     
          77         110  0.98874467983205550     
          79         111  0.99782866160071615     
          80         112  0.99900574842124001     
          85         113  0.99889075647226844     
          86         114  0.99777824897528422     
          91         115  0.98869826255856685     
          92         116  0.98586787099540452     
          97         117  0.98542419987917484     
          98         118  0.98815678392792528     
         100         119  0.99858061514138607     
         101         120  0.99395345138370927     
          23         121   1.1871168506730634     
         121         122   2.6471768916727041     
          83         124   1.1969863619024264     
         123         124   2.6409243335068422     
         122         126   1.1891881293316267     
         126         127   1.3139273586692037     
         127         128   1.2187776192392170     
         128         129   1.6311726053260813     
         129         130   1.2097145704397585     
         125         131  0.71069872885468832     
         127         131   1.2667793716627864     
         130         131   1.2421458940734891     
         130         132   1.3652284300880826     
         132         133   1.0595268067758781     
         133         134   1.4143117806718906     
         134         135   1.4661709776193101     
         135         136   1.4046138902666103     
         136         137   1.0041521181363469     
         137         138   1.5683588510979303     
         137         139   1.5678858143680208     
         138         139  0.38110209459697209     
         136         140   1.4050281360014985     
         133         141   1.4149067387468988     
         140         141   1.4656772422080546     
         132         142   1.3605047538052730     
         142         143   1.2119704442767252     
         143         144   1.6282292010973958     
         125         145  0.70871962700513769     
         142         145   1.2436331509069518     
         144         146   1.2216640373378185     
         145         146   1.2672966201181217     
         123         147   1.1981740775680030     
         146         147   1.3078209118101345     
         147         148   1.3102824866991098     
         148         149   1.2205225235414645     
         149         150   1.6296810141829037     
         150         151   1.2108410852731588     
         125         152  0.71103788506307986     
         148         152   1.2665450632024464     
         151         152   1.2427987325083059     
         151         153   1.3630126057968557     
         153         154   1.0595755162769624     
         154         155   1.4141207013781705     
         155         156   1.4662543879553285     
         156         157   1.4045274971792947     
         157         158   1.0041828894826805     
         158         159   1.5677955701813118     
         158         160   1.5684213235076834     
         159         160  0.38108961783670242     
         157         161   1.4050668300480422     
         154         162   1.4150107385309785     
         161         162   1.4656332485531014     
         153         163   1.3626232477588189     
         163         164   1.2108134864767384     
         164         165   1.6296526422433131     
         126         166   1.3115609269985271     
         165         166   1.2199558004579820     
         125         167  0.70856633134358016     
         163         167   1.2426974891356508     
         166         167   1.2674695229164448     
         128         168  0.99876771890382066     
         129         169  0.99818818577960100     
         134         170  0.98839985282326137     
         135         171  0.98552580676760637     
         140         172  0.98555584115426931     
         141         173  0.98834743993209540     
         143         174  0.99829991478153857     
         144         175  0.99917043240412096     
         149         176  0.99902222373101257     
         150         177  0.99827044647708107     
         155         178  0.98836223990744021     
         156         179  0.98551673974115106     
         161         180  0.98556038133834034     
         162         181  0.98839495273436739     
         164         182  0.99822068090117078     
         165         183  0.99867791964808472     
