   -0.03782072
    0.05675499
   -0.04560211
   -0.03928953
    0.05486558
   -0.16545275
    0.00436940
   -0.00536690
   -0.02488838
   -0.04180075
    0.05564266
   -0.31005100
   -0.04297950
   -0.02690386
    0.05152769
   -0.04330011
   -0.04489484
   -0.29229158
    0.06010973
    0.00512752
    0.06156655
   -0.04217209
   -0.03981186
    0.05443200
   -0.16145255
    0.00212585
   -0.00554743
   -0.02605444
   -0.04277867
    0.05539790
   -0.30977995
   -0.04237787
   -0.02620588
    0.05340352
   -0.04319117
   -0.04790312
    0.05345852
   -0.29767260
    0.01308905
    0.02487222
    0.01722827
    0.15823008
    0.01730282
    0.02355849
    0.15968805
    0.16051449
    0.02214626
    0.01647481
    0.00965727
    0.01444755
    0.02341861
    0.01798403
    0.15660612
    0.01548404
    0.02190706
    0.15939977
    0.15975927
    0.02325628
    0.01773119
    0.00858433
    0.01570899
   -0.03780635
    0.05674367
   -0.04560418
   -0.03928543
    0.05486268
   -0.16543931
    0.00434349
   -0.00538233
   -0.02486614
   -0.04179803
    0.05565540
   -0.31002367
   -0.04298567
   -0.02689440
    0.05151710
   -0.04329516
   -0.04490232
   -0.29228899
    0.06010613
    0.00512333
    0.06156083
   -0.04218789
   -0.03981437
    0.05441802
   -0.16144225
    0.00210079
   -0.00557472
   -0.02604053
   -0.04279412
    0.05542396
   -0.30974461
   -0.04238516
   -0.02618663
    0.05340275
   -0.04317994
   -0.04790359
    0.05344880
   -0.29766357
    0.01309057
    0.02486335
    0.01719775
    0.15821764
    0.01729987
    0.02358209
    0.15968783
    0.16054500
    0.02215011
    0.01648007
    0.00965231
    0.01444617
    0.02341263
    0.01794883
    0.15659192
    0.01543977
    0.02190296
    0.15945250
    0.15979665
    0.02328041
    0.01775326
    0.00857470
    0.01571352
   -0.02689480
   -0.03358729
   -0.02877639
   -0.03105141
   -0.03104454
   -0.02877846
   -0.03358003
   -0.02689099
