           2           3   1.3919812587390659     
           3           4   1.2066854229071715     
           4           5   1.6319433235355090     
           5           6   1.2132369359572348     
           1           7  0.87355422544274264     
           3           7   1.2206297323478354     
           6           7   1.2273667779312092     
           6           8   1.3587596740573809     
           8           9   1.0578791135755816     
           9          10   1.4076664527728913     
          10          11   1.4663880042643505     
          11          12   1.3756873146015736     
          12          13   1.1471882069624479     
          12          14   1.3758878495585249     
           9          15   1.4074495389825228     
          14          15   1.4658644191414467     
           8          16   1.3659059499576978     
          16          17   1.2194824585732584     
          17          18   1.6191896195395579     
           1          19  0.86692284414999354     
          16          19   1.2179012421603417     
          18          20   1.2306326415729947     
          19          20   1.2453412612893064     
          20          21   1.3051844849774010     
          21          22   1.3037949019633102     
          22          23   1.2308004011797191     
          23          24   1.6188310736076668     
          24          25   1.2194116339764887     
           1          26  0.86737172288425890     
          22          26   1.2464911050692260     
          25          26   1.2164651959522903     
          25          27   1.3669746393196154     
          27          28   1.0581575565882300     
          28          29   1.4076536073187425     
          29          30   1.4663456781202244     
          30          31   1.3756886317343568     
          31          32   1.1472061006989258     
          31          33   1.3758204158737257     
          28          34   1.4071844423151361     
          33          34   1.4660303021905874     
          27          35   1.3575367143727040     
          35          36   1.2135719604752697     
          36          37   1.6316449164366520     
           2          38   1.3924834182165593     
          37          38   1.2067208575117696     
           1          39  0.87372016378325990     
          35          39   1.2281183539259475     
          38          39   1.2198083083915274     
           2          40  0.99680583325267835     
           4          41  0.99418149779950971     
           5          42  0.99961225910686335     
          10          43  0.99026994186513684     
          11          44  0.98929246259295356     
          13          45  0.97130160072541316     
          13          46  0.97197790338950030     
          14          47  0.98979629168774264     
          15          48  0.99073682326586754     
          17          49  0.99865756866894240     
          18          50  0.99827306538425564     
          23          51  0.99841759775889793     
          24          52  0.99861665142778955     
          29          53  0.99021937216801514     
          30          54  0.98924867540593842     
          32          55  0.97139226593713279     
          32          56  0.97189959252144353     
          33          57  0.98980861669599429     
          34          58  0.99076412298593042     
          36          59  0.99960582240791040     
          37          60  0.99418742283838513     
          62          63   1.3921369021691561     
          63          64   1.2064735603851282     
          64          65   1.6325446819767080     
          65          66   1.2129332690112185     
          61          67  0.86991868139157835     
          63          67   1.2225365587092567     
          66          67   1.2283872889777621     
          66          68   1.3601472274992754     
          68          69   1.0542990421684475     
          69          70   1.4097240713932426     
          70          71   1.4650736030892042     
          71          72   1.3765195475526035     
          72          73   1.1463398876399622     
          72          74   1.3764515889876341     
          69          75   1.4088279616090300     
          74          75   1.4651096269900645     
          68          76   1.3682654071615445     
          76          77   1.2182668968555701     
          77          78   1.6211765560126317     
          61          79  0.86351855169972935     
          76          79   1.2189780137087920     
          78          80   1.2284442725777136     
          79          80   1.2468632960928017     
          80          81   1.3088629481391612     
          81          82   1.3069244518274834     
          82          83   1.2287813336736100     
          83          84   1.6210591431469128     
          84          85   1.2180993636909967     
          61          86  0.86349514932344218     
          82          86   1.2485228375100728     
          85          86   1.2171805786767256     
          85          87   1.3699306085990179     
          87          88   1.0544669709105572     
          88          89   1.4098404167280876     
          89          90   1.4649092701892323     
          90          91   1.3767338657793426     
          91          92   1.1460232257065712     
          91          93   1.3766213951540169     
          88          94   1.4086334875368951     
          93          94   1.4652194365246052     
          87          95   1.3584067999958527     
          95          96   1.2132229814511453     
          96          97   1.6324189297071374     
          62          98   1.3936496106229541     
          97          98   1.2061660010157340     
          61          99  0.87054185521905947     
          95          99   1.2297455005942934     
          98          99   1.2209386085770557     
          62         100  0.99693744681010987     
          64         101  0.99407168147726588     
          65         102  0.99968885859264267     
          70         103  0.99022511535166280     
          71         104  0.98943475754817201     
          73         105  0.97161437634499015     
          73         106  0.97204565464293446     
          74         107  0.98978665418875089     
          75         108  0.99062577912332461     
          77         109  0.99862712135984000     
          78         110  0.99878246570014106     
          83         111  0.99863774875579225     
          84         112  0.99846715298661781     
          89         113  0.99023956802332114     
          90         114  0.98943704008530420     
          92         115  0.97178331427307274     
          92         116  0.97221792764014647     
          93         117  0.98980263402905033     
          94         118  0.99063149695353669     
          96         119  0.99968414675335193     
          97         120  0.99409596334972150     
          21         121   1.2044930426496641     
         121         122   2.6291439554958851     
          81         124   1.1984652625414209     
         123         124   2.6335216187195565     
         122         126   1.2049724115916007     
         126         127   1.3049183963506159     
         127         128   1.2308787155423533     
         128         129   1.6201936415718734     
         129         130   1.2209076615301644     
         125         131  0.86418974595693787     
         127         131   1.2495814335209146     
         130         131   1.2181125593576425     
         130         132   1.3681970847223408     
         132         133   1.0458080259742339     
         133         134   1.4139358336239611     
         134         135   1.4624417177716122     
         135         136   1.3783047509210880     
         136         137   1.1448749952733217     
         136         138   1.3776480216604994     
         133         139   1.4133737392011336     
         138         139   1.4633436479112472     
         132         140   1.3674477441755233     
         140         141   1.2204300930559941     
         141         142   1.6202197035398764     
         125         143  0.86453472862053138     
         140         143   1.2189741957752784     
         142         144   1.2301149156660387     
         143         144   1.2484486442609237     
         123         145   1.1996365389039607     
         144         145   1.3072987051740701     
         145         146   1.3059565048838644     
         146         147   1.2312258415946951     
         147         148   1.6177905895690188     
         148         149   1.2219107871731616     
         125         150  0.86195253919287085     
         146         150   1.2487640184203774     
         149         150   1.2196919203001504     
         149         151   1.3648315354522293     
         151         152   1.0556853860532820     
         152         153   1.4081897975521587     
         153         154   1.4659314507386076     
         154         155   1.3758379870108004     
         155         156   1.1474475127183410     
         155         157   1.3759277873713591     
         152         158   1.4093727052221381     
         157         158   1.4654902534526881     
         151         159   1.3638923987356246     
         159         160   1.2224986153864530     
         160         161   1.6170248363078290     
         126         162   1.3035975460558888     
         161         162   1.2323924238895481     
         125         163  0.86383532762863724     
         159         163   1.2196956567041282     
         162         163   1.2483799657363222     
         128         164  0.99864770663179026     
         129         165  0.99972015376668877     
         134         166  0.99036843913301742     
         135         167  0.98979354166913469     
         137         168  0.97249101413874506     
         137         169  0.97223886905772738     
         138         170  0.98962664719999283     
         139         171  0.99055871046603627     
         141         172  0.99973557256557344     
         142         173  0.99903804846410182     
         147         174  0.99887880852409439     
         148         175  0.99922742581576696     
         153         176  0.99022063045445241     
         154         177  0.98950578503755138     
         156         178  0.97155709277758573     
         156         179  0.97167356845417163     
         157         180  0.98957253125137112     
         158         181  0.99039563935826058     
         160         182  0.99930815351227642     
         161         183  0.99866400643105069     
