    0.25126756
   -0.03621939
    0.05542152
   -0.04502906
   -0.03869641
    0.05582608
   -0.21281402
    0.01345013
    0.00501197
    0.00233875
   -0.05545118
   -0.03319433
   -0.00601378
   -0.06212869
   -0.03299137
    0.00252768
   -0.05536855
    0.05546850
   -0.03835009
   -0.03879592
   -0.20792208
    0.06016252
    0.00649694
    0.06021382
   -0.03875294
   -0.03828428
    0.05546219
   -0.20770019
    0.01341596
    0.00498109
    0.00267474
   -0.05523547
   -0.03294689
   -0.00600092
   -0.06213537
   -0.03319559
    0.00220231
   -0.05550852
    0.05578507
   -0.03869430
   -0.04501775
    0.05543481
   -0.21286585
    0.01208202
    0.01785727
    0.01090156
    0.01032547
    0.01139683
    0.01083540
    0.02621676
    0.01669648
    0.02189483
    0.01619921
    0.02675860
    0.01313017
    0.01123560
    0.00901234
    0.01262152
    0.01265491
    0.01253281
    0.01246843
    0.00861252
    0.01120291
    0.01364995
    0.02701433
    0.01942887
    0.01600016
    0.01924949
    0.02599619
    0.01050282
    0.01111410
    0.01085666
    0.01095052
    0.01788247
    0.25126667
   -0.03622271
    0.05542368
   -0.04502968
   -0.03869347
    0.05582615
   -0.21280242
    0.01345637
    0.00500611
    0.00235011
   -0.05544299
   -0.03318947
   -0.00601814
   -0.06213213
   -0.03299496
    0.00252045
   -0.05537029
    0.05546868
   -0.03834422
   -0.03879622
   -0.20792097
    0.06016499
    0.00649137
    0.06021435
   -0.03875532
   -0.03828462
    0.05545842
   -0.20770733
    0.01341522
    0.00498158
    0.00267545
   -0.05523628
   -0.03294725
   -0.00600008
   -0.06213448
   -0.03319556
    0.00220242
   -0.05551027
    0.05578292
   -0.03869504
   -0.04501943
    0.05543562
   -0.21287158
    0.01207985
    0.01785533
    0.01089859
    0.01032211
    0.01138906
    0.01082220
    0.02622248
    0.01669757
    0.02189157
    0.01619400
    0.02675521
    0.01312526
    0.01125276
    0.00900496
    0.01262419
    0.01265461
    0.01253328
    0.01246608
    0.00862134
    0.01120496
    0.01365648
    0.02701365
    0.01942989
    0.01600117
    0.01925027
    0.02599673
    0.01049875
    0.01111009
    0.01085404
    0.01094975
    0.01788353
   -0.03609804
   -0.03609589
