   -0.02172221
    0.06155434
   -0.03534254
   -0.03226387
    0.06320237
   -0.15923865
    0.01001593
   -0.00575122
   -0.02456690
   -0.03490051
    0.06778907
   -0.18985503
    0.00719025
    0.00714259
   -0.03557348
   -0.02630832
    0.05930590
   -0.03707604
   -0.03879019
   -0.28534005
    0.06405823
    0.01710338
    0.06641945
   -0.03353718
   -0.03182870
    0.06231275
   -0.15709878
    0.00978529
   -0.00580528
   -0.02505096
   -0.03525078
    0.06786919
   -0.18990831
    0.00725257
    0.00720841
   -0.03523106
   -0.02579609
    0.06085277
   -0.03722510
   -0.04033692
    0.05847655
   -0.28742277
    0.02804667
    0.03830221
    0.02764214
    0.16343821
    0.02039450
    0.02598522
    0.02964920
    0.03529454
    0.02709524
    0.02977473
    0.02605413
    0.03571061
    0.02502372
    0.01994229
    0.01819489
    0.02379243
    0.03437643
    0.02827758
    0.16218671
    0.01965894
    0.02538879
    0.03581543
    0.03095144
    0.02599992
    0.02630385
    0.03526286
    0.03028424
    0.02563216
    0.02068913
    0.01798054
    0.02831179
   -0.02172221
    0.06155506
   -0.03534312
   -0.03226139
    0.06320232
   -0.15923874
    0.01001523
   -0.00575536
   -0.02454567
   -0.03488681
    0.06779047
   -0.18985905
    0.00719224
    0.00713910
   -0.03558395
   -0.02631851
    0.05930254
   -0.03707163
   -0.03879073
   -0.28532354
    0.06406909
    0.01710676
    0.06641158
   -0.03354606
   -0.03183150
    0.06230754
   -0.15709270
    0.00978004
   -0.00580696
   -0.02504728
   -0.03525558
    0.06786981
   -0.18990066
    0.00725353
    0.00720911
   -0.03523754
   -0.02579443
    0.06085061
   -0.03722578
   -0.04033721
    0.05847739
   -0.28742289
    0.02805058
    0.03830410
    0.02764664
    0.16343474
    0.02043061
    0.02602670
    0.02967784
    0.03529638
    0.02712772
    0.02977989
    0.02602096
    0.03571044
    0.02500767
    0.01992581
    0.01817866
    0.02379509
    0.03437272
    0.02826227
    0.16218332
    0.01966242
    0.02538869
    0.03581434
    0.03094168
    0.02601734
    0.02630982
    0.03526211
    0.03027293
    0.02563552
    0.02069538
    0.01797891
    0.02831265
   -0.01574615
   -0.01762878
   -0.02023328
   -0.01748740
   -0.02178925
   -0.01551223
   -0.01647272
   -0.01708178
   -0.02075098
   -0.01688383
   -0.02127046
   -0.01621765
   -0.01664579
   -0.01659737
   -0.02095408
   -0.01640202
   -0.02083509
   -0.01637720
   -0.01649408
   -0.01639147
   -0.02080144
   -0.01619571
   -0.02066978
   -0.01626104
   -0.01637785
   -0.01637584
   -0.02067615
   -0.01617417
   -0.02067533
   -0.01617409
   -0.01638979
   -0.01649103
   -0.02066883
   -0.01626191
   -0.02080158
   -0.01619560
   -0.01659871
   -0.01664532
   -0.02083759
   -0.01637617
   -0.02095372
   -0.01640143
   -0.01707829
   -0.01647466
   -0.02126921
   -0.01621927
   -0.02075474
   -0.01687970
   -0.01763559
   -0.01574761
   -0.02179346
   -0.01550923
   -0.02023068
   -0.01749865
    0.01516661
    0.06591292
   -0.03537831
   -0.03252285
    0.06109348
   -0.15632498
    0.01264112
   -0.00514118
   -0.02554101
   -0.03528424
    0.06795894
   -0.18979036
    0.00727065
    0.00727750
   -0.03489129
   -0.02422366
    0.05850944
   -0.03725599
   -0.03956028
   -0.28466707
    0.06387847
    0.01645091
    0.06599773
   -0.03481450
   -0.03243466
    0.06131595
   -0.15607250
    0.01242331
   -0.00519160
   -0.02548616
   -0.03520418
    0.06793443
   -0.18989995
    0.00726975
    0.00729885
   -0.03502389
   -0.02434921
    0.05854737
   -0.03729336
   -0.03994530
    0.06371044
   -0.28512431
    0.03264582
    0.02685182
    0.16236497
    0.02056806
    0.02515734
    0.03537138
    0.02596711
    0.03022398
    0.02673744
    0.02983890
    0.03501038
    0.02569806
    0.02033481
    0.01743370
    0.02300406
    0.03338577
    0.02718404
    0.16232597
    0.02076078
    0.02537875
    0.03002053
    0.02640311
    0.03492763
    0.03065480
    0.03546155
    0.02593746
    0.02544179
    0.02009295
    0.01715157
    0.02228709
    0.01586261
    0.06593815
   -0.03511292
   -0.03248985
    0.06118785
   -0.15617084
    0.01260409
   -0.00515564
   -0.02548342
   -0.03523983
    0.06796763
   -0.18980130
    0.00730522
    0.00729587
   -0.03494625
   -0.02427649
    0.05855627
   -0.03722597
   -0.03962876
   -0.28479209
    0.06385349
    0.01611687
    0.06601963
   -0.03492858
   -0.03240167
    0.06124760
   -0.15613473
    0.01260151
   -0.00516275
   -0.02546193
   -0.03521215
    0.06796294
   -0.18983969
    0.00729286
    0.00731440
   -0.03498649
   -0.02431088
    0.05852200
   -0.03728727
   -0.03977333
    0.06378577
   -0.28484594
    0.03293873
    0.02697720
    0.16237403
    0.02067850
    0.02526523
    0.03538210
    0.02598819
    0.03036357
    0.02663521
    0.02985497
    0.03495760
    0.02557841
    0.02022227
    0.01737374
    0.02283495
    0.03320426
    0.02712044
    0.16236720
    0.02074826
    0.02534348
    0.02993163
    0.02649553
    0.03492991
    0.03052765
    0.03541370
    0.02598266
    0.02548766
    0.02015301
    0.01724794
    0.02259396
    0.01633679
    0.06603666
   -0.03482535
   -0.03233077
    0.06139605
   -0.15606022
    0.01265250
   -0.00520024
   -0.02547688
   -0.03520544
    0.06801201
   -0.18975831
    0.00731014
    0.00729431
   -0.03494183
   -0.02429298
    0.05870606
   -0.03713266
   -0.03954258
   -0.28470878
    0.06390908
    0.01625711
    0.06608075
   -0.03480814
   -0.03228351
    0.06139375
   -0.15608405
    0.01268080
   -0.00520084
   -0.02547152
   -0.03520124
    0.06801269
   -0.18977403
    0.00729356
    0.00731193
   -0.03494853
   -0.02429952
    0.05868867
   -0.03716928
   -0.03956649
    0.06386754
   -0.28467451
    0.03326197
    0.02720451
    0.16245424
    0.02076742
    0.02537454
    0.03545030
    0.02604016
    0.03046379
    0.02661880
    0.02991543
    0.03501458
    0.02561727
    0.02024307
    0.01750242
    0.02292663
    0.03331273
    0.02725262
    0.16245793
    0.02078332
    0.02539377
    0.02993795
    0.02658787
    0.03499536
    0.03050743
    0.03546882
    0.02603299
    0.02560617
    0.02022625
    0.01746088
    0.02287746
    0.01646209
    0.06609593
   -0.03471946
   -0.03224052
    0.06148731
   -0.15602322
    0.01270520
   -0.00522457
   -0.02547713
   -0.03518968
    0.06804035
   -0.18972660
    0.00730843
    0.00729117
   -0.03493321
   -0.02429724
    0.05878497
   -0.03708786
   -0.03948433
   -0.28463066
    0.06393631
    0.01641219
    0.06610826
   -0.03472593
   -0.03222852
    0.06148074
   -0.15603603
    0.01271769
   -0.00522357
   -0.02547718
   -0.03518916
    0.06804049
   -0.18972923
    0.00729131
    0.00730833
   -0.03493258
   -0.02429675
    0.05878163
   -0.03709777
   -0.03948383
    0.06392672
   -0.28460980
    0.03339394
    0.02732628
    0.16250561
    0.02080755
    0.02543321
    0.03550070
    0.02606995
    0.03050532
    0.02663196
    0.02994855
    0.03505332
    0.02565580
    0.02027060
    0.01758288
    0.02300613
    0.03339523
    0.02733714
    0.16250712
    0.02081062
    0.02543645
    0.02995181
    0.02662982
    0.03504814
    0.03051115
    0.03550848
    0.02606668
    0.02565420
    0.02027097
    0.01757421
    0.02300223
    0.01641403
    0.06610849
   -0.03472775
   -0.03222843
    0.06148161
   -0.15603082
    0.01271729
   -0.00521942
   -0.02547368
   -0.03518072
    0.06803899
   -0.18973444
    0.00730613
    0.00728808
   -0.03492990
   -0.02429527
    0.05877875
   -0.03709881
   -0.03948342
   -0.28461236
    0.06392649
    0.01645976
    0.06609729
   -0.03471748
   -0.03223998
    0.06148748
   -0.15602539
    0.01270456
   -0.00522555
   -0.02547811
   -0.03519162
    0.06803975
   -0.18972895
    0.00729167
    0.00730836
   -0.03493298
   -0.02429978
    0.05878815
   -0.03708700
   -0.03948430
    0.06393452
   -0.28463029
    0.03339465
    0.02733135
    0.16250649
    0.02080867
    0.02543952
    0.03550640
    0.02606122
    0.03051536
    0.02662484
    0.02995411
    0.03504091
    0.02565519
    0.02027599
    0.01757752
    0.02300073
    0.03340059
    0.02732916
    0.16250501
    0.02080849
    0.02543248
    0.02994707
    0.02663312
    0.03505358
    0.03050252
    0.03550119
    0.02606930
    0.02565674
    0.02026874
    0.01758259
    0.02300460
    0.01625935
    0.06607642
   -0.03481220
   -0.03228376
    0.06139448
   -0.15607907
    0.01268359
   -0.00520625
   -0.02547223
   -0.03520465
    0.06802059
   -0.18975355
    0.00731875
    0.00729942
   -0.03496314
   -0.02429954
    0.05868176
   -0.03717133
   -0.03956474
   -0.28467580
    0.06387136
    0.01633533
    0.06603561
   -0.03482374
   -0.03233100
    0.06139698
   -0.15606415
    0.01265109
   -0.00519973
   -0.02547817
   -0.03520457
    0.06801083
   -0.18976096
    0.00729382
    0.00730935
   -0.03494085
   -0.02429400
    0.05870788
   -0.03713275
   -0.03954119
    0.06391036
   -0.28470805
    0.03330617
    0.02724348
    0.16245667
    0.02077630
    0.02539405
    0.03548025
    0.02604168
    0.03051996
    0.02659811
    0.02994735
    0.03500030
    0.02559365
    0.02023759
    0.01746497
    0.02288266
    0.03326067
    0.02720639
    0.16245421
    0.02076781
    0.02537419
    0.02991549
    0.02661921
    0.03501178
    0.03046279
    0.03545067
    0.02603748
    0.02561744
    0.02024360
    0.01750305
    0.02292800
    0.01611826
    0.06602136
   -0.03492794
   -0.03240198
    0.06124756
   -0.15613485
    0.01260171
   -0.00516265
   -0.02546074
   -0.03521014
    0.06796386
   -0.18983891
    0.00731452
    0.00729258
   -0.03498668
   -0.02430960
    0.05852147
   -0.03728668
   -0.03977221
   -0.28484472
    0.06378683
    0.01586562
    0.06593908
   -0.03510931
   -0.03248899
    0.06119039
   -0.15617257
    0.01260436
   -0.00515473
   -0.02548648
   -0.03523790
    0.06796548
   -0.18980182
    0.00729528
    0.00730441
   -0.03494571
   -0.02427622
    0.05855808
   -0.03722561
   -0.03962732
    0.06385371
   -0.28479148
    0.03320715
    0.02712069
    0.16236868
    0.02074931
    0.02534615
    0.03541677
    0.02598314
    0.03052851
    0.02649657
    0.02993070
    0.03492680
    0.02548654
    0.02015080
    0.01724999
    0.02259562
    0.03294245
    0.02698133
    0.16237611
    0.02067821
    0.02526472
    0.02985651
    0.02663648
    0.03495441
    0.03036330
    0.03538663
    0.02598182
    0.02557871
    0.02022394
    0.01737587
    0.02283291
    0.01644700
    0.06599725
   -0.03481765
   -0.03243798
    0.06131388
   -0.15607054
    0.01242914
   -0.00518617
   -0.02547747
   -0.03519529
    0.06793210
   -0.18989841
    0.00730198
    0.00726757
   -0.03503540
   -0.02436671
    0.05854404
   -0.03730084
   -0.03994701
   -0.28513706
    0.06370830
    0.01516193
    0.06591505
   -0.03537356
   -0.03252345
    0.06109579
   -0.15633138
    0.01264524
   -0.00513878
   -0.02554470
   -0.03528023
    0.06795518
   -0.18980009
    0.00727738
    0.00727001
   -0.03488869
   -0.02423110
    0.05851229
   -0.03725645
   -0.03956104
    0.06387808
   -0.28467120
    0.03338054
    0.02717785
    0.16232955
    0.02077144
    0.02538985
    0.03546217
    0.02596129
    0.03065057
    0.02637493
    0.02999778
    0.03492139
    0.02540655
    0.02006466
    0.01716177
    0.02227490
    0.03265698
    0.02686721
    0.16236855
    0.02056094
    0.02514903
    0.02984757
    0.02673100
    0.03500854
    0.03022858
    0.03537041
    0.02594752
    0.02569479
    0.02033260
    0.01743195
    0.02300004
