           2           3   1.3872783304441691     
           3           4   1.2007764879942269     
           4           5   1.6334440816051339     
           5           6   1.2134081334523137     
           1           7  0.70738538842256538     
           3           7   1.2413210819032421     
           6           7   1.2719270632209447     
           6           8   1.3060580888294837     
           8           9   1.1876385407035297     
           9          10   2.6627725610751241     
          10          11   1.1535555346096953     
          11          12   1.3742602883582546     
          12          13   1.4631750062335815     
          13          14   1.4684152328388795     
          14          15   1.4685290846839949     
          11          16   1.3738745877362866     
          15          16   1.4634644426696102     
           8          17   1.3140806419674240     
          17          18   1.2200426954664028     
          18          19   1.6212896620465747     
           1          20  0.70656365453909586     
          17          20   1.2598358729836436     
          19          21   1.2206662701961730     
          20          21   1.2655257389812582     
          21          22   1.3023427311129867     
          22          23   1.2999818182726899     
          23          24   1.2231651247717930     
          24          25   1.6223778245900591     
          25          26   1.2184784018299757     
           1          27  0.70598464064999189     
          23          27   1.2694151911475342     
          26          27   1.2558040584850378     
          26          28   1.3185142192653476     
          28          29   1.1864391898649300     
          29          30   2.6638433276069957     
          30          31   1.1534419249944405     
          31          32   1.3739493947251091     
          32          33   1.4634673511026166     
          33          34   1.4682689994307343     
          34          35   1.4687264207660675     
          31          36   1.3741946556825895     
          35          36   1.4633183401834358     
          28          37   1.3034193630013924     
          37          38   1.2142485614359719     
          38          39   1.6339734530696632     
           2          40   1.3911437110706277     
          39          40   1.1996834616683687     
           1          41  0.70805086195922051     
          37          41   1.2750854103721545     
          40          41   1.2376998993056727     
           2          42  0.99845215916317753     
           4          43  0.99446811960184034     
           5          44   1.0002957225024112     
          12          45  0.98780636396591570     
          13          46  0.98237380757371295     
          15          47  0.98270346819770338     
          16          48  0.98847644629624076     
          18          49  0.99916247089081667     
          19          50  0.99912675320358046     
          24          51  0.99886816646052190     
          25          52  0.99985070935725651     
          32          53  0.98801985836198647     
          33          54  0.98237516882391407     
          35          55  0.98276146305565004     
          36          56  0.98854929641371547     
          38          57   1.0003771757775328     
          39          58  0.99454903591826060     
          60          61   1.3900400015077479     
          61          62   1.2000692560138160     
          62          63   1.6335927563209167     
          63          64   1.2142668254789566     
          59          65  0.70714660087625925     
          61          65   1.2390107925182070     
          64          65   1.2746200537369883     
          64          66   1.3039367511496756     
          66          67   1.1867548925206179     
          67          68   2.6634754807613996     
          68          69   1.1534722266182549     
          69          70   1.3744748529978441     
          70          71   1.4630307512735832     
          71          72   1.4687007227417446     
          72          73   1.4683012301141720     
          69          74   1.3736552385477097     
          73          74   1.4637000934569202     
          66          75   1.3176772556574010     
          75          76   1.2189654319217780     
          76          77   1.6224030412802954     
          59          78  0.70616754224876921     
          75          78   1.2569299958928486     
          77          79   1.2218842401693388     
          78          79   1.2690985093177853     
          79          80   1.3001271435240738     
          80          81   1.3033604030437853     
          81          82   1.2215967649754058     
          82          83   1.6231154072055809     
          83          84   1.2191358152693532     
          59          85  0.70606346792945862     
          81          85   1.2662053046696053     
          84          85   1.2594161906377956     
          84          86   1.3155881112468064     
          86          87   1.1865381029621840     
          87          88   2.6635729798015197     
          88          89   1.1532113489322831     
          89          90   1.3742098717599183     
          90          91   1.4631189263094451     
          91          92   1.4685578378420641     
          92          93   1.4686148690525545     
          89          94   1.3741733179672553     
          93          94   1.4633955881344602     
          86          95   1.3059013732416034     
          95          96   1.2133674812363742     
          96          97   1.6340771816196138     
          60          98   1.3887742194202144     
          97          98   1.2003490500599650     
          59          99  0.70718941254114798     
          95          99   1.2731644985669950     
          98          99   1.2403610511898135     
          60         100  0.99841166241747759     
          62         101  0.99451808963799204     
          63         102   1.0003214115550720     
          70         103  0.98789022408070859     
          71         104  0.98242229877057496     
          73         105  0.98271466881967584     
          74         106  0.98861519054286828     
          76         107  0.99964572894251169     
          77         108  0.99817091464826502     
          82         109  0.99891798294079726     
          83         110  0.99974060926468622     
          90         111  0.98800492255584038     
          91         112  0.98232047315502735     
          93         113  0.98277087288661524     
          94         114  0.98846565150868415     
          96         115   1.0002343037623100     
          97         116  0.99448366483811124     
          22         117   1.2079474039622247     
         117         118   2.6262781543603944     
          80         120   1.2079931909899215     
         119         120   2.6264787246367884     
         118         122   1.2080218838020766     
         122         123   1.3018412254151395     
         123         124   1.2221355470721760     
         124         125   1.6189220370601680     
         125         126   1.2234376890386185     
         121         127  0.70445585435021973     
         123         127   1.2627243904341414     
         126         127   1.2641549701353618     
         126         128   1.3073546806366716     
         128         129   1.1879185184680827     
         129         130   2.6640241985557673     
         130         131   1.1531028973196491     
         131         132   1.3746928402316485     
         132         133   1.4626872098582582     
         133         134   1.4691255463729866     
         134         135   1.4685773061205187     
         131         136   1.3742329578721473     
         135         136   1.4631532856457148     
         128         137   1.3156566220069832     
         137         138   1.2208694619653457     
         138         139   1.6192329429390095     
         121         140  0.70542223705191875     
         137         140   1.2557095532664753     
         139         141   1.2249231691208580     
         140         141   1.2713927244257857     
         119         142   1.2097787127441777     
         141         142   1.2947933008092909     
         142         143   1.3035080219170434     
         143         144   1.2233787155625593     
         144         145   1.6198834754196587     
         145         146   1.2228753550816684     
         121         147  0.70453241254297050     
         143         147   1.2625020471603925     
         146         147   1.2641473741440759     
         146         148   1.3081524193245997     
         148         149   1.1870956547929554     
         149         150   2.6648375227949210     
         150         151   1.1529206626636368     
         151         152   1.3745087118199124     
         152         153   1.4628423986902734     
         153         154   1.4689664764910446     
         154         155   1.4688747496464039     
         151         156   1.3744297220993820     
         155         156   1.4629705919767464     
         148         157   1.3157436541257259     
         157         158   1.2203527475508356     
         158         159   1.6207507643323031     
         122         160   1.2985177575119615     
         159         160   1.2248999631924065     
         121         161  0.70543583618862105     
         157         161   1.2567053196298517     
         160         161   1.2695928963844811     
         124         162  0.99986490233981151     
         125         163  0.99946722435948421     
         132         164  0.98809175480915135     
         133         165  0.98248290436255070     
         135         166  0.98251054514077107     
         136         167  0.98813944123476494     
         138         168   1.0000368395276018     
         139         169  0.99800400030451553     
         144         170  0.99916310553951604     
         145         171  0.99997044257044365     
         152         172  0.98829131947318338     
         153         173  0.98250937229431534     
         155         174  0.98250120047192413     
         156         175  0.98822305911103370     
         158         176   1.0003498796391064     
         159         177  0.99917183712720370     
