           1           2   1.3665806817586079     
           2           3   1.2442652827662601     
           3           4   1.5871932859864388     
           4           5   1.2585778097997420     
           2           6   1.2304624464664078     
           5           6   1.2223715967594624     
           5           7   1.3379279112370932     
           7           8   1.0565925938005665     
           8           9   1.4112434922314119     
           9          10   1.4703057746898116     
          10          11   1.3779140801012140     
          11          12   1.1346406247083562     
          12          13  0.96740688878132786     
          12          14  0.96614976024560739     
          11          15   1.3767761051753669     
           8          16   1.4111267408575199     
          15          16   1.4706176515755511     
           7          17   1.3657472759994216     
          17          18   1.1680127882877611     
          18          19   1.6816823840466282     
          17          20   1.3487599709717455     
          19          21   1.1726016117521045     
          20          21   1.4189822715652320     
          21          22   1.2762593608938393     
          22          23   1.2742495793859421     
          23          24   1.2773465621118592     
          24          25   1.5666858855665935     
          25          26   1.2692853001494915     
          23          27   1.2512973911046035     
          26          27   1.2204548801644963     
          26          28   1.3307371118789200     
          28          29   1.0579138084014816     
          29          30   1.4109096576583466     
          30          31   1.4698870627851686     
          31          32   1.3777608613509089     
          32          33   1.1350109327087201     
          33          34  0.96565335678979214     
          33          35  0.96752184370548977     
          32          36   1.3760955608888930     
          29          37   1.4098252065376136     
          36          37   1.4717825735615966     
          28          38   1.3628838021732181     
          38          39   1.1566151919778038     
          39          40   1.7014298842729154     
           1          41   1.3797977910504162     
          40          41   1.1494001451445577     
          38          42   1.3714914459340000     
          41          42   1.3776174919062480     
           1          43  0.99704158601137394     
           3          44  0.99439013312957658     
           4          45   1.0001071788735090     
           6          46  0.96236281891857567     
           9          47  0.98949346288197759     
          10          48  0.99225087085425401     
          13          49  0.99984672228566940     
          13          50   1.0026780202976171     
          13          51   1.0029331640474473     
          14          52  0.99936789713019769     
          14          53   1.0034236543530022     
          14          54   1.0028059672860707     
          15          55  0.99226876217480686     
          16          56  0.98973058598285946     
          18          57  0.99940567633979793     
          19          58   1.0008509137606760     
          24          59  0.99973207371431250     
          25          60  0.99898382633728222     
          27          61  0.96173679479961915     
          30          62  0.98981168833277866     
          31          63  0.99256978243063088     
          34          64   1.0027676322710308     
          34          65  0.99877295017120893     
          34          66   1.0034690886286988     
          35          67   1.0034265682039256     
          35          68   1.0028010999475996     
          35          69  0.99955706047597370     
          36          70  0.99205639669189627     
          37          71  0.98949067496303733     
          39          72   1.0005324108423777     
          40          73  0.99487850310515258     
          74          75   1.3665594230619003     
          75          76   1.2442629739779276     
          76          77   1.5871475501227568     
          77          78   1.2586332577940338     
          75          79   1.2304842159716565     
          78          79   1.2223767762265008     
          78          80   1.3378126831945956     
          80          81   1.0569233695601956     
          81          82   1.4108975684732437     
          82          83   1.4706455702878052     
          83          84   1.3776499810938740     
          84          85   1.1346799379768375     
          85          86  0.96711258256319244     
          85          87  0.96649768952222626     
          84          88   1.3769754254933206     
          81          89   1.4111709374961643     
          88          89   1.4704405192512602     
          80          90   1.3656552575292100     
          90          91   1.1680706020743457     
          91          92   1.6815636737622282     
          90          93   1.3486608004886325     
          92          94   1.1726570158958518     
          93          94   1.4191587564292096     
          94          95   1.2759907461548325     
          95          96   1.2743220618145137     
          96          97   1.2773263769111101     
          97          98   1.5666871318417741     
          98          99   1.2692580243067293     
          96         100   1.2512810982137728     
          99         100   1.2204337538692496     
          99         101   1.3308787265489421     
         101         102   1.0573134953797159     
         102         103   1.4108580113810456     
         103         104   1.4701713376875163     
         104         105   1.3774959377978706     
         105         106   1.1351109309864604     
         106         107  0.96587476462428135     
         106         108  0.96724357569005104     
         105         109   1.3762866997326895     
         102         110   1.4103956945034186     
         109         110   1.4712781007207629     
         101         111   1.3631311442028082     
         111         112   1.1566055975717153     
         112         113   1.7014525131160374     
          74         114   1.3797299059838821     
         113         114   1.1493558233605461     
         111         115   1.3713185705370574     
         114         115   1.3777338893708442     
          74         116  0.99703443493536648     
          76         117  0.99439083531787098     
          77         118   1.0000904242304569     
          79         119  0.96235691954727609     
          82         120  0.98949846002161257     
          83         121  0.99228203939443604     
          86         122  0.99993077211741332     
          86         123   1.0026940039554100     
          86         124   1.0029516091698312     
          87         125  0.99927575399374102     
          87         126   1.0034044041589716     
          87         127   1.0028015054903077     
          88         128  0.99223392163356594     
          89         129  0.98975587178535251     
          91         130  0.99940670141969412     
          92         131   1.0008636034226170     
          97         132  0.99973066737028704     
          98         133  0.99903250059937654     
         100         134  0.96175622404343331     
         103         135  0.98978380114672626     
         104         136  0.99252894470037345     
         107         137   1.0027728937152096     
         107         138  0.99887341832651833     
         107         139   1.0034915768391619     
         108         140   1.0034130411873219     
         108         141   1.0027995071705733     
         108         142  0.99949236393415708     
         109         143  0.99210788620801549     
         110         144  0.98947158459114370     
         112         145   1.0005639791681031     
         113         146  0.99488671052477962     
          22         148   1.2360804899787332     
         147         148   2.4771723615513919     
         147         149   1.3433337423079861     
         148         150  0.17544059226056544     
         149         150   2.4742558738605731     
         151         152   2.4741713775654008     
         151         153   1.3434433236912373     
          95         154   1.2362769532378859     
         152         154  0.17545152989517893     
         153         154   2.4769993409004756     
         150         155   1.2402187487036600     
         155         156   1.2680081922933093     
         156         157   1.2809916076359551     
         157         158   1.5615257047291078     
         158         159   1.2747230829579299     
         156         160   1.2542086680352085     
         159         160   1.2176986739883282     
         159         161   1.3265263892684249     
         161         162   1.0569090380662793     
         162         163   1.4109001670451415     
         163         164   1.4710219006482719     
         164         165   1.3768562732183729     
         165         166   1.1340860039733189     
         166         167  0.96639543390594840     
         166         168  0.96747140295932266     
         165         169   1.3781820596707004     
         162         170   1.4117144269256092     
         169         170   1.4699373939027485     
         161         171   1.3767799467059922     
         171         172   1.1672195547163011     
         172         173   1.6822916208338503     
         171         174   1.3421822923971747     
         173         175   1.1731497520220333     
         174         175   1.4233968992589165     
         152         176   1.2402601803378721     
         175         176   1.2722692146724808     
         176         177   1.2679607703421594     
         177         178   1.2810570146920437     
         178         179   1.5614674581674435     
         179         180   1.2747587622181065     
         177         181   1.2541767015809890     
         180         181   1.2177073487693038     
         180         182   1.3264765928792828     
         182         183   1.0573114355330593     
         183         184   1.4108113263176467     
         184         185   1.4710510537202357     
         185         186   1.3768093192101698     
         186         187   1.1342341000404810     
         187         188  0.96735740716562479     
         187         189  0.96641175331227713     
         186         190   1.3780026591155417     
         183         191   1.4114005822600117     
         190         191   1.4701469540776273     
         182         192   1.3765156810498653     
         192         193   1.1672211114438404     
         193         194   1.6822118949688472     
         155         195   1.2723005029584094     
         194         195   1.1732308612791098     
         192         196   1.3423629132135175     
         195         196   1.4232588853437638     
         157         197   1.0001262690970993     
         158         198  0.99980451836453876     
         160         199  0.96316987381921970     
         163         200  0.98965734825338647     
         164         201  0.99214577188799891     
         167         202   1.0029362383979836     
         167         203   1.0035490802970100     
         167         204  0.99909399596147530     
         168         205   1.0033294962776256     
         168         206  0.99974706865067930     
         168         207   1.0029130865748650     
         169         208  0.99246159230349484     
         170         209  0.98974783950967760     
         172         210   1.0001907816822346     
         173         211   1.0011618235215318     
         178         212   1.0001140446015739     
         179         213  0.99977052875045225     
         181         214  0.96317554892618251     
         184         215  0.98967922402943254     
         185         216  0.99214950257989076     
         188         217  0.99976812235023849     
         188         218   1.0033315341426374     
         188         219   1.0029067687990265     
         189         220  0.99905746380041582     
         189         221   1.0029360067341684     
         189         222   1.0035509485989431     
         190         223  0.99246422001084178     
         191         224  0.98975747382599266     
         193         225   1.0001987293671042     
         194         226   1.0011607357393133     
