    0.37012177
   -0.02278560
    0.05858478
   -0.03589027
   -0.03473613
    0.05888453
   -0.23599200
    0.00845306
    0.01846309
   -0.01475927
   -0.00788747
    0.04431175
    0.29831305
   -0.27439300
   -0.27293328
   -0.00848018
   -0.01544182
    0.05746202
   -0.03476997
   -0.03305546
   -0.23365287
    0.06263381
    0.01768581
    0.06260434
   -0.03306163
   -0.03478546
    0.05747573
   -0.23369516
    0.00844214
    0.01847411
   -0.01542784
   -0.00847929
    0.04430850
    0.29831588
   -0.27438439
   -0.27295065
   -0.00788703
   -0.01477967
    0.05886836
   -0.03474458
   -0.03589320
    0.05858254
   -0.23597100
    0.02975402
    0.03602619
    0.02872885
    0.03653750
    0.05467812
    0.05317242
    0.03533641
    0.02939373
    0.02706506
    0.02715907
    0.02945905
    0.03536336
    0.05317683
    0.05465960
    0.03651839
    0.02870201
    0.03602184
    0.36969376
   -0.02279875
    0.05866696
   -0.03588132
   -0.03477096
    0.05878500
   -0.23599935
    0.00862317
    0.01863035
   -0.01490500
   -0.00796312
    0.04432333
    0.29851807
   -0.27381629
   -0.27331837
   -0.00827130
   -0.01540341
    0.05742064
   -0.03475986
   -0.03298729
   -0.23378469
    0.06262922
    0.01778436
    0.06260087
   -0.03302304
   -0.03479320
    0.05745443
   -0.23386263
    0.00860520
    0.01861689
   -0.01542352
   -0.00831643
    0.04431513
    0.29847866
   -0.27390002
   -0.27330755
   -0.00794852
   -0.01487329
    0.05879167
   -0.03477073
   -0.03588878
    0.05865041
   -0.23592490
    0.02974705
    0.03604208
    0.02886018
    0.03610121
    0.05424660
    0.05353709
    0.03562212
    0.03020139
    0.02734366
    0.02737766
    0.03014627
    0.03555832
    0.05346663
    0.05428590
    0.03611766
    0.02883438
    0.03603551
   -0.02849980
   -0.02434457
   -0.02700944
   -0.02700930
   -0.02427104
   -0.02850968
    0.37042670
    0.01203233
    0.06230945
   -0.03582175
   -0.03513382
    0.05511020
   -0.23495576
    0.01039340
    0.01895045
   -0.01460650
   -0.00809164
    0.04432559
    0.29858633
   -0.27351939
   -0.27340817
   -0.00820283
   -0.01475261
    0.05515915
   -0.03517403
   -0.03499415
   -0.23451114
    0.06237880
    0.01411353
    0.06237809
   -0.03499855
   -0.03518916
    0.05515716
   -0.23450990
    0.01038447
    0.01897207
   -0.01460663
   -0.00808398
    0.04432259
    0.29859416
   -0.27339844
   -0.27353089
   -0.00819738
   -0.01476185
    0.05512412
   -0.03515734
   -0.03583467
    0.06229747
   -0.23497980
    0.02417706
    0.02735593
    0.03578193
    0.05375693
    0.05355819
    0.03561020
    0.02796053
    0.02514182
    0.02510679
    0.02795587
    0.03580889
    0.05375891
    0.05354298
    0.03561991
    0.02739425
    0.02422353
    0.36950196
    0.01416146
    0.06242587
   -0.03506695
   -0.03529155
    0.05506174
   -0.23438753
    0.01052325
    0.01915367
   -0.01486142
   -0.00820653
    0.04429067
    0.29873605
   -0.27303624
   -0.27381124
   -0.00797710
   -0.01467428
    0.05503776
   -0.03525784
   -0.03588871
   -0.23511723
    0.06226049
    0.01208773
    0.06230661
   -0.03589426
   -0.03524283
    0.05504468
   -0.23506671
    0.01054694
    0.01915342
   -0.01484286
   -0.00821097
    0.04429514
    0.29873849
   -0.27383019
   -0.27301627
   -0.00797116
   -0.01467476
    0.05506734
   -0.03528724
   -0.03506601
    0.06244946
   -0.23442179
    0.02513268
    0.02806694
    0.03535153
    0.05323141
    0.05389112
    0.03594279
    0.02809957
    0.02449029
    0.02435253
    0.02805666
    0.03530916
    0.05321156
    0.05390619
    0.03593532
    0.02807197
    0.02510618
