           2           3   1.3892210432021688     
           3           4   1.1973176951199704     
           4           5   1.6479623312496630     
           5           6   1.2029430487467034     
           1           7  0.56573296705205578     
           3           7   1.2825047422983247     
           6           7   1.2830021977470893     
           6           8   1.3640197600285187     
           8           9   1.0575890185201715     
           9          10   1.4143990370174933     
          10          11   1.4659149062536687     
          11          12   1.4045574122784215     
          12          13   1.0062926471505544     
          13          14   1.5663055021063568     
          13          15   1.5676367254537900     
          14          15  0.38156156568866534     
          12          16   1.4048358810011226     
           9          17   1.4142116474594622     
          16          17   1.4658784950447177     
           8          18   1.3593180604102069     
          18          19   1.2153177834563080     
          19          20   1.6259685465452700     
           1          21  0.55891548593230245     
          18          21   1.2746772312107317     
          20          22   1.2264132002320447     
          21          22   1.3093903963269404     
          22          23   1.2975712394443197     
          23          24   1.2979571310586318     
          24          25   1.2263335341403454     
          25          26   1.6261430579748410     
          26          27   1.2152300689709838     
           1          28  0.55889006074128700     
          24          28   1.3092462974171679     
          27          28   1.2747265539975545     
          27          29   1.3593871859569315     
          29          30   1.0573854807359289     
          30          31   1.4142519709408590     
          31          32   1.4658744780898498     
          32          33   1.4048032337775302     
          33          34   1.0062788506616178     
          34          35   1.5663144211784821     
          34          36   1.5676419558815584     
          35          36  0.38156798095788447     
          33          37   1.4046242085012084     
          30          38   1.4145407191896473     
          37          38   1.4658518245205925     
          29          39   1.3640749770673302     
          39          40   1.2029489408553784     
          40          41   1.6479333029592829     
           2          42   1.3891902045863451     
          41          42   1.1973345531359687     
           1          43  0.56585855733559554     
          39          43   1.2829853106501050     
          42          43   1.2824925491142229     
           2          44  0.99706580461032723     
           4          45  0.99268018310359618     
           5          46  0.99849123476527279     
          10          47  0.98749174410216844     
          11          48  0.98494009467170518     
          16          49  0.98539299923215262     
          17          50  0.98779833468733991     
          19          51  0.99754917583819114     
          20          52  0.99822223825619372     
          25          53  0.99812386383304075     
          26          54  0.99757725405268594     
          31          55  0.98780491282447003     
          32          56  0.98537998405278260     
          37          57  0.98496204353806116     
          38          58  0.98747637150931866     
          40          59  0.99849844610209593     
          41          60  0.99268514213316406     
          62          63   1.3892785300670218     
          63          64   1.1969275191031035     
          64          65   1.6485411359631152     
          65          66   1.2024942534174328     
          61          67  0.56542279093814929     
          63          67   1.2829131973361541     
          66          67   1.2825906629007020     
          66          68   1.3656226844698434     
          68          69   1.0535386950661916     
          69          70   1.4163119400043116     
          70          71   1.4652880339860181     
          71          72   1.4050349332315117     
          72          73   1.0059321873488685     
          73          74   1.5671369565575788     
          73          75   1.5673987905629188     
          74          75  0.38177833033409375     
          72          76   1.4053498515823883     
          69          77   1.4160004500351850     
          76          77   1.4650064787112107     
          68          78   1.3612551292933392     
          78          79   1.2148665405813950     
          79          80   1.6273506679494771     
          61          81  0.56006789154124759     
          78          81   1.2739086393871510     
          80          82   1.2263191231353336     
          81          82   1.3091983139332797     
          82          83   1.2983269886043716     
          83          84   1.2985087314317862     
          84          85   1.2262159820125360     
          85          86   1.6275306119785462     
          86          87   1.2147663737927081     
          61          88  0.55962565669569519     
          84          88   1.3092132515782386     
          87          88   1.2740363734383997     
          87          89   1.3611669823226669     
          89          90   1.0541793253692044     
          90          91   1.4154427583006270     
          91          92   1.4653339511628189     
          92          93   1.4051033222276874     
          93          94   1.0060371717206584     
          94          95   1.5669970147591603     
          94          96   1.5673956804911520     
          95          96  0.38173502894568695     
          93          97   1.4050831509323924     
          90          98   1.4162600802121503     
          97          98   1.4652390121165833     
          89          99   1.3651969246900724     
          99         100   1.2025388375706285     
         100         101   1.6484199883683253     
          62         102   1.3894065233425072     
         101         102   1.1970086885043305     
          61         103  0.56594320233894346     
          99         103   1.2828182801418322     
         102         103   1.2826546645596613     
          62         104  0.99711327894335688     
          64         105  0.99269213275855384     
          65         106  0.99860715023604552     
          70         107  0.98774867215843132     
          71         108  0.98507968618533770     
          76         109  0.98527072691637274     
          77         110  0.98758074444745947     
          79         111  0.99791921295271435     
          80         112  0.99684216123614033     
          85         113  0.99698267409956831     
          86         114  0.99787253782613816     
          91         115  0.98762620494147202     
          92         116  0.98527078689545200     
          97         117  0.98509990323403174     
          98         118  0.98773981145396372     
         100         119  0.99859526265871190     
         101         120  0.99268547259440043     
          23         121   1.2153291125837138     
         121         122   2.6132898295682390     
         123         124   2.6030739622199874     
          83         126   1.2141915469810785     
         125         126   2.6151997396736193     
         122         128   1.2163272923438087     
         128         129   1.2929908758723256     
         129         130   1.2275604860176099     
         130         131   1.6238507641614410     
         131         132   1.2172897380200063     
         127         133  0.56060277950374116     
         129         133   1.3122944637454790     
         132         133   1.2685778178060283     
         132         134   1.3641969912556320     
         134         135   1.0596389583542574     
         135         136   1.4142226645952756     
         136         137   1.4659891364664071     
         137         138   1.4049291352043844     
         138         139   1.0055426641170475     
         139         140   1.5678276378459413     
         139         141   1.5677652061405816     
         140         141  0.38183354464274233     
         138         142   1.4051019397810491     
         135         143   1.4142854171815558     
         142         143   1.4658250433360844     
         134         144   1.3606766260427128     
         144         145   1.2192032706350064     
         145         146   1.6214313900820070     
         127         147  0.56114155366432283     
         144         147   1.2695992822306228     
         146         148   1.2305272092743991     
         147         148   1.3125069031881780     
         123         149   1.2256019530183526     
         148         149   1.2891536405146002     
         149         150   1.2892160247789999     
         150         151   1.2305064927193985     
         151         152   1.6214710891984230     
         152         153   1.2191960708098326     
         127         154  0.56124567376544399     
         150         154   1.3124568897705353     
         153         154   1.2695631660374123     
         153         155   1.3608038717780939     
         155         156   1.0592222902573376     
         156         157   1.4144126203747034     
         157         158   1.4659091989863939     
         158         159   1.4049650472052648     
         159         160   1.0055211591018083     
         160         161   1.5677919274922680     
         160         162   1.5678174418720070     
         161         162  0.38184063796493634     
         159         163   1.4051400699671714     
         156         164   1.4144657339987019     
         163         164   1.4657649126505661     
         155         165   1.3643891206484866     
         165         166   1.2171195130049819     
         166         167   1.6241765381867639     
         128         168   1.2934025304800465     
         167         168   1.2273776861721373     
         127         169  0.56059385351107449     
         165         169   1.2686806425272543     
         168         169   1.3121587623780822     
         130         170  0.99839592816396772     
         131         171  0.99850004599147557     
         136         172  0.98785798768306665     
         137         173  0.98519147010721630     
         142         174  0.98528036652925510     
         143         175  0.98786511311337954     
         145         176  0.99852214896796054     
         146         177  0.99711018703323462     
         151         178  0.99707062097895194     
         152         179  0.99854410209087385     
         157         180  0.98783975173668392     
         158         181  0.98518713246737244     
         163         182  0.98528412456061643     
         164         183  0.98785198786849759     
         166         184  0.99853343100033631     
         167         185  0.99841350425879993     
         124         187   1.2253311912517710     
         187         188   1.2898243650769043     
         188         189   1.2298006655629299     
         189         190   1.6224920154112330     
         190         191   1.2182941704482606     
         186         192  0.56118774921895243     
         188         192   1.3128315445980481     
         191         192   1.2696322094080852     
         191         193   1.3624998915524484     
         193         194   1.0544446463261412     
         194         195   1.4172712806202437     
         195         196   1.4645876827269739     
         196         197   1.4059749323732460     
         197         198   1.0050973239432976     
         198         199   1.5683928255869335     
         198         200   1.5677156749852539     
         199         200  0.38199697936657689     
         197         201   1.4052083628224914     
         194         202   1.4158891900587738     
         201         202   1.4653663875395007     
         193         203   1.3669123561299166     
         203         204   1.2164349238011489     
         204         205   1.6259363295276881     
         186         206  0.56168454323625672     
         203         206   1.2677681298709578     
         205         207   1.2269643400483203     
         206         207   1.3123223871437202     
         125         208   1.2149448634601676     
         207         208   1.2942914000584347     
         208         209   1.2939862752665061     
         209         210   1.2270241492411129     
         210         211   1.6258826819040080     
         211         212   1.2164641614193055     
         186         213  0.56182355629569825     
         209         213   1.3123602611206802     
         212         213   1.2677737717882942     
         212         214   1.3668227143092864     
         214         215   1.0547038881942628     
         215         216   1.4169834040257829     
         216         217   1.4647713716224509     
         217         218   1.4058290497002925     
         218         219   1.0051548757208286     
         219         220   1.5676518650767608     
         219         221   1.5684088257875333     
         220         221  0.38197967682069461     
         218         222   1.4052721491468603     
         215         223   1.4159503188515890     
         222         223   1.4653012143450490     
         214         224   1.3625168600042192     
         224         225   1.2183250554466218     
         225         226   1.6224832823298967     
         187         227   1.2896127784875635     
         226         227   1.2298091134007882     
         186         228  0.56071599289910379     
         224         228   1.2695899685215974     
         227         228   1.3130415364578902     
         189         229  0.99722693063194812     
         190         230  0.99873085627138591     
         195         231  0.98799560982773449     
         196         232  0.98541890864417647     
         201         233  0.98507327827164270     
         202         234  0.98766066669955399     
         204         235  0.99888633229253698     
         205         236  0.99725310385421029     
         210         237  0.99728689657640024     
         211         238  0.99886996300523390     
         216         239  0.98802441377015893     
         217         240  0.98541775193206205     
         222         241  0.98509403308731147     
         223         242  0.98765824794170320     
         225         243  0.99872522794421559     
         226         244  0.99715029264751009     
