           2           3   1.3837647144067406     
           3           4   1.1983670180513333     
           4           5   1.6407288157705811     
           5           6   1.2054421611582826     
           1           7  0.60696746670871637     
           3           7   1.2722903077888661     
           6           7   1.2629671542208070     
           6           8   1.3650432894448226     
           8           9   1.0529699363789262     
           9          10   1.4120333241170071     
          10          11   1.4729135899025361     
          11          12   1.3874621242985350     
          12          13   1.0836495903349159     
          13          14   1.9378975706921469     
          12          15   1.3826713826906858     
           9          16   1.4169985726928993     
          15          16   1.4679403045102011     
           8          17   1.3559414736230966     
          17          18   1.2189765568776534     
          18          19   1.6159588462092742     
           1          20  0.60408917024689857     
          17          20   1.2552115604242673     
          19          21   1.2291759051333189     
          20          21   1.2994283883325071     
          21          22   1.2836591201552954     
          22          23   1.2837822865177702     
          23          24   1.2294454773866481     
          24          25   1.6155967889846916     
          25          26   1.2191667323791648     
           1          27  0.60397554337582293     
          23          27   1.2990827484178047     
          26          27   1.2555327641985499     
          26          28   1.3551716567998533     
          28          29   1.0544438622604888     
          29          30   1.4161780201869623     
          30          31   1.4683468005616929     
          31          32   1.3824237156158448     
          32          33   1.0836694000551328     
          33          34   1.9378351352637737     
          32          35   1.3874457842496402     
          29          36   1.4115673148561747     
          35          36   1.4730485267836100     
          28          37   1.3648215463801050     
          37          38   1.2054255661162310     
          38          39   1.6407320704710548     
           2          40   1.3839831658885196     
          39          40   1.1983165824742916     
           1          41  0.60757738809396467     
          37          41   1.2630184277888181     
          40          41   1.2720263590661034     
           2          42  0.99761547487917190     
           4          43  0.99392940595625823     
           5          44  0.99953519682768843     
          10          45  0.98902157673605706     
          11          46  0.98836803277339003     
          13          47  0.95485399707011331     
          15          48  0.98256553097269017     
          16          49  0.98863668367974089     
          18          50  0.99853023919336170     
          19          51  0.99949051977588266     
          24          52  0.99937091360570074     
          25          53  0.99846700730627103     
          30          54  0.98871063263444536     
          31          55  0.98253941168315828     
          33          56  0.95488677140700473     
          35          57  0.98835861755063059     
          36          58  0.98905648890868159     
          38          59  0.99946557847260153     
          39          60  0.99391238427009931     
          62          63   1.3842224708856612     
          63          64   1.1981006924195055     
          64          65   1.6411728993099988     
          65          66   1.2051668750418414     
          61          67  0.60593868018561481     
          63          67   1.2723134053312499     
          66          67   1.2633549663459782     
          66          68   1.3652101110302541     
          68          69   1.0532617382523666     
          69          70   1.4115575232385968     
          70          71   1.4732378381329272     
          71          72   1.3871479964969105     
          72          73   1.0838768775269689     
          73          74   1.9374527966441550     
          72          75   1.3826882876397173     
          69          76   1.4170888011606364     
          75          76   1.4678724747092804     
          68          77   1.3554075757982293     
          77          78   1.2188470839633003     
          78          79   1.6160428807207963     
          61          80  0.60338871225218149     
          77          80   1.2559258523386436     
          79          81   1.2290498516184758     
          80          81   1.2990360391457740     
          81          82   1.2843023613665145     
          82          83   1.2852253948174237     
          83          84   1.2286276917594485     
          84          85   1.6167787859599925     
          85          86   1.2184434469209546     
          61          87  0.60315075195968659     
          83          87   1.2988738207273978     
          86          87   1.2557761392636950     
          86          88   1.3560281744121943     
          88          89   1.0538482371561362     
          89          90   1.4164071047166613     
          90          91   1.4682361548894118     
          91          92   1.3825202266442580     
          92          93   1.0835187393110404     
          93          94   1.9382021772899392     
          92          95   1.3876213519890641     
          89          96   1.4119077642026436     
          95          96   1.4728190863705732     
          88          97   1.3644894736262969     
          97          98   1.2054262058325365     
          98          99   1.6406963707295308     
          62         100   1.3837552466726484     
          99         100   1.1983746156338497     
          61         101  0.60686337670581170     
          97         101   1.2634994199554599     
         100         101   1.2722550341028303     
          62         102  0.99762081802473479     
          64         103  0.99392268405737372     
          65         104  0.99950095862986121     
          70         105  0.98901330896040029     
          71         106  0.98834377972562271     
          73         107  0.95493985560899974     
          75         108  0.98259202207479790     
          76         109  0.98864171508850063     
          78         110  0.99854915463701721     
          79         111  0.99945101579336970     
          84         112  0.99926102828853836     
          85         113  0.99844845249493230     
          90         114  0.98869591009575652     
          91         115  0.98255650119655680     
          93         116  0.95483365026906075     
          95         117  0.98830406197484355     
          96         118  0.98901260293415938     
          98         119  0.99947283790936414     
          99         120  0.99390553989969443     
          22         122   1.2353453458979058     
         121         122   2.4807586462840590     
         121         123   1.3414573889282684     
         122         124  0.17416105863233297     
         123         124   2.4782121185007422     
         125         126   2.4802482853868315     
         125         127   1.3395378456947467     
          82         128   1.2333800468502865     
         126         128  0.17428442703408800     
         127         128   2.4828102386730926     
         124         130   1.2381885149182468     
         130         131   1.2773541369649222     
         131         132   1.2317136272840816     
         132         133   1.6118276799385076     
         133         134   1.2226453425430082     
         129         135  0.61986531959907920     
         131         135   1.3008400388146861     
         134         135   1.2442767933852552     
         134         136   1.3605632627751807     
         136         137   1.0544916857084912     
         137         138   1.4127320111853054     
         138         139   1.4720673259528456     
         139         140   1.3885812218537255     
         140         141   1.0831440514046597     
         141         142   1.9391490391188313     
         140         143   1.3827238299595144     
         137         144   1.4165656505216664     
         143         144   1.4682449141788765     
         136         145   1.3623063332395524     
         145         146   1.2216823737083424     
         146         147   1.6135187289832043     
         129         148  0.62045052070167117     
         145         148   1.2435200554612307     
         147         149   1.2306114691247421     
         148         149   1.3006048880105414     
         126         150   1.2361558494231200     
         149         150   1.2790590266697721     
         150         151   1.2783254026904167     
         151         152   1.2312717165759941     
         152         153   1.6124049782778735     
         153         154   1.2223393744402196     
         129         155  0.62000022316803627     
         151         155   1.3006099094427708     
         154         155   1.2440643665197999     
         154         156   1.3610255475792252     
         156         157   1.0549020308697366     
         157         158   1.4169701478905921     
         158         159   1.4679760547995711     
         159         160   1.3828918749942221     
         160         161   1.0834571975262357     
         161         162   1.9386172588113093     
         160         163   1.3880701624504879     
         157         164   1.4119041316561463     
         163         164   1.4726425077325618     
         156         165   1.3614486881492307     
         165         166   1.2219493573049627     
         166         167   1.6128557432398556     
         130         168   1.2781869692578516     
         167         168   1.2311379866647083     
         129         169  0.61975081786885033     
         165         169   1.2440175185859843     
         168         169   1.3008929769753894     
         132         170  0.99966569840325348     
         133         171  0.99919074477416170     
         138         172  0.98922605468210989     
         139         173  0.98847452670327240     
         141         174  0.95483424733016831     
         143         175  0.98233864032083029     
         144         176  0.98867111126947793     
         146         177  0.99909154243188847     
         147         178  0.99949745607405627     
         152         179  0.99955554077121822     
         153         180  0.99916293158592706     
         158         181  0.98864192992428102     
         159         182  0.98239022767308237     
         161         183  0.95492006991808642     
         163         184  0.98847332810171973     
         164         185  0.98927336035034974     
         166         186  0.99911800367917947     
         167         187  0.99955849486336035     
