    0.36554468
   -0.02626843
    0.05667979
   -0.03937788
   -0.03577886
    0.05713469
   -0.23816041
    0.00863566
    0.05621830
   -0.03571564
   -0.03691508
   -0.23521149
    0.06206586
    0.01506505
    0.06203681
   -0.03695507
   -0.03575703
    0.05623888
    0.00863027
    0.00488756
   -0.02617756
   -0.00106938
   -0.06113142
   -0.03130060
   -0.00076411
   -0.06098733
   -0.02567267
    0.05712579
   -0.03583214
   -0.03940616
    0.05668111
   -0.23815609
   -0.23525151
    0.00488721
   -0.02611644
   -0.00105410
   -0.06118598
   -0.03123604
   -0.00068235
   -0.06099105
   -0.02564005
    0.02420670
    0.02985994
    0.02109934
    0.02209712
    0.02786862
    0.02771787
    0.02216397
    0.02285147
    0.01964769
    0.02498707
    0.02189079
    0.02987177
    0.02058733
    0.02075411
    0.02645213
    0.02338392
    0.02104974
    0.02982447
    0.02265843
    0.02050282
    0.02084602
    0.02503902
    0.03002324
    0.02392394
    0.02113555
    0.02279848
    0.02351010
    0.36638676
   -0.02524019
    0.05702143
   -0.03881470
   -0.03540955
    0.05773561
   -0.23754769
    0.00904778
    0.05701703
   -0.03495315
   -0.03619936
   -0.23504351
    0.06262112
    0.01556300
    0.06248590
   -0.03629429
   -0.03504176
    0.05701084
    0.00898658
    0.00471467
   -0.02621572
   -0.00094568
   -0.06117077
   -0.03111062
   -0.00065019
   -0.06102955
   -0.02574357
    0.05775411
   -0.03545072
   -0.03882386
    0.05702507
   -0.23759739
   -0.23507686
    0.00474011
   -0.02614718
   -0.00090140
   -0.06121968
   -0.03103020
   -0.00055600
   -0.06103449
   -0.02572894
    0.02521182
    0.03072550
    0.02182628
    0.02300912
    0.02859678
    0.02841821
    0.02300124
    0.02311148
    0.01999401
    0.02529770
    0.02207284
    0.03030562
    0.02079613
    0.02109448
    0.02678264
    0.02361498
    0.02177964
    0.03069857
    0.02296527
    0.02085007
    0.02106813
    0.02540035
    0.03049153
    0.02423557
    0.02147498
    0.02293707
    0.02367720
   -0.01832277
   -0.02161721
   -0.02263606
   -0.02189597
   -0.02558747
   -0.01839576
   -0.02064555
   -0.01962868
   -0.02482842
   -0.01971211
   -0.02377578
   -0.02068012
   -0.02030515
   -0.01658867
   -0.02472386
   -0.01670637
   -0.02138949
   -0.02065500
    0.36638833
    0.01127051
    0.06169224
   -0.03904589
   -0.03610201
    0.05445841
   -0.23591467
    0.01069681
    0.05450479
   -0.03613279
   -0.03864792
   -0.23578049
    0.06179522
    0.01215869
    0.06180653
   -0.03862885
   -0.03612122
    0.05452640
    0.01068617
    0.00548207
   -0.02541864
   -0.00091149
   -0.06090789
   -0.03132344
   -0.00087720
   -0.06086896
   -0.02533362
    0.05446449
   -0.03614594
   -0.03908535
    0.06163861
   -0.23600519
   -0.23573754
    0.00547438
   -0.02536448
   -0.00087918
   -0.06085418
   -0.03131592
   -0.00091285
   -0.06089805
   -0.02540531
    0.02514347
    0.02024971
    0.02056842
    0.02571404
    0.02577884
    0.02062934
    0.02307623
    0.01940216
    0.02418409
    0.02238069
    0.02921095
    0.02049766
    0.02018188
    0.02557702
    0.02315025
    0.02016149
    0.02502573
    0.02327822
    0.01914613
    0.02609379
    0.02113953
    0.02917276
    0.02027091
    0.02165104
    0.02404945
    0.02299221
    0.36666145
    0.01359505
    0.06189768
   -0.03792014
   -0.03583293
    0.05520152
   -0.23522471
    0.01064667
    0.05514968
   -0.03570727
   -0.03861447
   -0.23605380
    0.06188810
    0.01141364
    0.06185953
   -0.03865414
   -0.03573005
    0.05514191
    0.01065603
    0.00535719
   -0.02537970
   -0.00073538
   -0.06088687
   -0.03121120
   -0.00089195
   -0.06093897
   -0.02552263
    0.05519131
   -0.03584006
   -0.03790154
    0.06195706
   -0.23526740
   -0.23601473
    0.00534165
   -0.02552982
   -0.00088010
   -0.06091507
   -0.03119899
   -0.00075576
   -0.06088904
   -0.02537699
    0.02653126
    0.02103603
    0.02094195
    0.02543961
    0.02532771
    0.02093037
    0.02344208
    0.01981431
    0.02415553
    0.02301602
    0.02948800
    0.02052861
    0.02047054
    0.02529836
    0.02306085
    0.02100130
    0.02659381
    0.02316319
    0.01948467
    0.02576988
    0.02120872
    0.02946692
    0.02073843
    0.02211444
    0.02404766
    0.02332646
