           2           3   1.3910004510434306     
           3           4   1.2012236808636729     
           4           5   1.6411792409859614     
           5           6   1.2079489208051146     
           1           7  0.71169573832780475     
           3           7   1.2545342362656524     
           6           7   1.2503227220561088     
           6           8   1.3679379314013049     
           8           9   1.3686585670076876     
           9          10   1.2152339805437480     
          10          11   1.6264423779664809     
           1          12  0.71111478789563498     
           9          12   1.2406664953415276     
          11          13   1.2242207002234058     
          12          13   1.2758339575591893     
          13          14   1.3044398855409358     
          14          15   1.3042671961687839     
          15          16   1.2250019323983474     
          16          17   1.6244734894866684     
          17          18   1.2164107454928890     
          18          19   1.3651180347910825     
          19          20   1.0512094422873590     
          20          21   1.4188920514853423     
          21          22   1.4644602243775906     
          22          23   1.4006891823176404     
          23          24   1.0400045532645505     
          24          25   1.2102160772654549     
          24          26   1.8166906641299301     
          25          26  0.18361805693184771     
          23          27   1.4001981942265018     
          20          28   1.4198515267249390     
          27          28   1.4625434073878500     
          19          29   1.3670448964175113     
          29          30   1.2080590436826109     
          30          31   1.6407188393020138     
           2          32   1.3910536618201288     
          31          32   1.2013422730501597     
           1          33  0.71130199223774648     
          29          33   1.2506924958199030     
          32          33   1.2543622290649512     
           1          34  0.71105849888980255     
          15          34   1.2746653298413400     
          18          34   1.2424223625246886     
           8          35   1.0449231693771499     
          35          36   1.4213248187632785     
          36          37   1.4635024621786310     
          37          38   1.4011492998813020     
          38          39   1.0396395643470495     
          39          40   1.2103587142677927     
          39          41   1.8170503329586682     
          40          41  0.18376061040053027     
          38          42   1.4011321294577590     
          35          43   1.4229480145267097     
          42          43   1.4611473599443114     
           2          44  0.99568968109190192     
           4          45  0.99239024234549278     
           5          46  0.99835100190356774     
          10          47  0.99756070426473265     
          11          48  0.99745790390035283     
          16          49  0.99750859762632416     
          17          50  0.99737111438801163     
          21          51  0.98817980966860675     
          22          52  0.98548394948076568     
          25          53  0.94315692392230976     
          27          54  0.98562422275893680     
          28          55  0.98797667684799351     
          30          56  0.99812282078138459     
          31          57  0.99232662300346253     
          36          58  0.98786838838860369     
          37          59  0.98546137578038584     
          40          60  0.94310398244402249     
          42          61  0.98578533961342629     
          43          62  0.98784973747300131     
          64          65   1.3909898463866677     
          65          66   1.2011194286888780     
          66          67   1.6415214246627789     
          67          68   1.2077746528640776     
          63          69  0.71180026855057277     
          65          69   1.2547479326015765     
          68          69   1.2497284023907862     
          68          70   1.3687616138335126     
          70          71   1.3680031132125583     
          71          72   1.2159978449554105     
          72          73   1.6252982387463391     
          63          74  0.71114892910615490     
          71          74   1.2403861521597452     
          73          75   1.2251970158034740     
          74          75   1.2765772914075051     
          75          76   1.3024170691585617     
          76          77   1.3025624105784284     
          77          78   1.2257451950332172     
          78          79   1.6236743099599613     
          79          80   1.2169626296108869     
          80          81   1.3648320650279799     
          81          82   1.0512002549537705     
          82          83   1.4188797771146122     
          83          84   1.4644395940964370     
          84          85   1.4007568499766307     
          85          86   1.0398681168539128     
          86          87   1.2104535308034230     
          86          88   1.8166557490260307     
          87          88  0.18366366189510316     
          85          89   1.4003036345308710     
          82          90   1.4199821479798336     
          89          90   1.4624423982299741     
          81          91   1.3676772750123354     
          91          92   1.2079663385772641     
          92          93   1.6409925827186198     
          64          94   1.3909990552283533     
          93          94   1.2012371639014339     
          63          95  0.71151338591050217     
          91          95   1.2501877291186685     
          94          95   1.2545547736630529     
          63          96  0.71128781139202868     
          77          96   1.2753499686754226     
          80          96   1.2420226532713943     
          70          97   1.0449591211592206     
          97          98   1.4212768263566207     
          98          99   1.4635879662162325     
          99         100   1.4010514835940890     
         100         101   1.0397679287857076     
         101         102   1.2103295119450848     
         101         103   1.8168629669208820     
         102         103  0.18371623104272816     
         100         104   1.4010768620866079     
          97         105   1.4230187491041102     
         104         105   1.4611626918795115     
          64         106  0.99569268315811477     
          66         107  0.99243102125698734     
          67         108  0.99839438856300478     
          72         109  0.99760503249380150     
          73         110  0.99755331964603788     
          78         111  0.99751599140104352     
          79         112  0.99736810965949241     
          83         113  0.98820189611229348     
          84         114  0.98550197138360995     
          87         115  0.94311155330600283     
          89         116  0.98559702154113771     
          90         117  0.98795570679539257     
          92         118  0.99814830363443119     
          93         119  0.99235252623691583     
          98         120  0.98789690409941411     
          99         121  0.98551146109396814     
         102         122  0.94317207744597853     
         104         123  0.98580196262729625     
         105         124  0.98785239335147879     
         125         126   2.3907564202339491     
         126         127   1.3424109570183556     
          14         128   1.2063348019686144     
         125         128  0.17106742346941847     
         127         128   2.4902385103436027     
         125         129   1.3440373602689575     
         126         130  0.17077131392609046     
         129         130   2.4859488660539002     
         131         132   2.3708254267467974     
         132         133   1.3588748070246717     
         131         134  0.16817843088759943     
         133         134   2.4682490273577828     
         131         135   1.3589812527554701     
         132         136  0.16817092695968705     
         135         136   2.4680378836049273     
         137         138   2.3861461908362371     
         138         139   1.3475464403067285     
         137         140  0.16990784761505712     
         139         140   2.4813893821224360     
         137         141   1.3458448507661598     
          76         142   1.2098598455309246     
         138         142  0.17022267895022636     
         141         142   2.4858359241004684     
         130         144   1.2102767498879621     
         144         145   1.2990080452073658     
         145         146   1.2264127472335300     
         146         147   1.6224208879992170     
         147         148   1.2183982592931266     
         143         149  0.71048118015794526     
         145         149   1.2767230104950220     
         148         149   1.2368480249371354     
         148         150   1.3675859036341231     
         150         151   1.3637300544911617     
         151         152   1.2210701096101959     
         152         153   1.6177668578025639     
         143         154  0.71092289785073381     
         151         154   1.2372814453164924     
         153         155   1.2301443717944904     
         154         155   1.2792347379755515     
         134         156   1.2251658357328734     
         155         156   1.2917243615701692     
         156         157   1.2921142457100516     
         157         158   1.2299603561367862     
         158         159   1.6180578709201043     
         159         160   1.2209347010959282     
         160         161   1.3639663361481420     
         161         162   1.0540323032342309     
         162         163   1.4180678277199772     
         163         164   1.4649817949770858     
         164         165   1.4003234280765917     
         165         166   1.0399948924913365     
         166         167   1.2097402422188948     
         166         168   1.8167523807323736     
         167         168  0.18353252130734901     
         165         169   1.3999694246833625     
         162         170   1.4189439595380482     
         169         170   1.4629552842358207     
         161         171   1.3671064638951380     
         171         172   1.2186005040774344     
         172         173   1.6219944424876946     
         144         174   1.2989511289983686     
         173         174   1.2266070436134335     
         143         175  0.71017148275387387     
         171         175   1.2370877592127616     
         174         175   1.2766875800324005     
         143         176  0.71070010520328952     
         157         176   1.2792173169246548     
         160         176   1.2373403435495824     
         150         177   1.0538847074711353     
         177         178   1.4178859726503090     
         178         179   1.4649356899904180     
         179         180   1.4004454169365237     
         180         181   1.0397141657515456     
         181         182   1.2102547164586792     
         181         183   1.8166812989165777     
         182         183  0.18358473527783845     
         180         184   1.4002218089296310     
         177         185   1.4193004780594523     
         184         185   1.4627238915646379     
         146         186  0.99792123091557350     
         147         187  0.99795744268167419     
         152         188  0.99786093988288249     
         153         189  0.99795701268438441     
         158         190  0.99797472925628339     
         159         191  0.99785345442555418     
         163         192  0.98824770094643721     
         164         193  0.98543109744083290     
         167         194  0.94360076210871302     
         169         195  0.98583951055481878     
         170         196  0.98838694386117787     
         172         197  0.99804514320868309     
         173         198  0.99800627318064605     
         178         199  0.98830458735669524     
         179         200  0.98548620347049087     
         182         201  0.94343251275419482     
         184         202  0.98572887116728336     
         185         203  0.98831580367837890     
         136         205   1.2253584631495213     
         205         206   1.2914109760787071     
         206         207   1.2299775489743145     
         207         208   1.6181013009891649     
         208         209   1.2208410605664668     
         204         210  0.71081134389841527     
         206         210   1.2798237333662010     
         209         210   1.2363029177567211     
         209         211   1.3650364381968749     
         211         212   1.3660936898450857     
         212         213   1.2194729197296510     
         213         214   1.6206180214247548     
         204         215  0.71050116357561943     
         212         215   1.2368731492066383     
         214         216   1.2276273825970383     
         215         216   1.2770928972270146     
         140         217   1.2140590176291797     
         216         217   1.2968201595090807     
         217         218   1.2969145130975848     
         218         219   1.2275674208616347     
         219         220   1.6208797598111269     
         220         221   1.2193089915649993     
         221         222   1.3665413171934118     
         222         223   1.0541648175645473     
         223         224   1.4176293282678913     
         224         225   1.4651737101809532     
         225         226   1.4001668607790614     
         226         227   1.0399287730900733     
         227         228   1.2101679199021658     
         227         229   1.8163892291525663     
         228         229  0.18351511470863399     
         226         230   1.4001463484405903     
         223         231   1.4193095014103050     
         230         231   1.4627713403795266     
         222         232   1.3644198198934807     
         232         233   1.2209868818593383     
         233         234   1.6178630556709739     
         205         235   1.2916553213681581     
         234         235   1.2300265085698472     
         204         236  0.71083405256444498     
         232         236   1.2367228981311833     
         235         236   1.2794091972263291     
         204         237  0.71046492175036291     
         218         237   1.2772942733200856     
         221         237   1.2366090505461145     
         211         238   1.0539583546772575     
         238         239   1.4181674026008841     
         239         240   1.4648950104863199     
         240         241   1.4004149621920552     
         241         242   1.0398471467347226     
         242         243   1.2099343408290633     
         242         244   1.8167359362793261     
         243         244  0.18355770845114849     
         241         245   1.3999922048436202     
         238         246   1.4189703321399141     
         245         246   1.4629322988415632     
         207         247  0.99801114668648017     
         208         248  0.99789994261312009     
         213         249  0.99804749301786277     
         214         250  0.99803559449914381     
         219         251  0.99801654258243422     
         220         252  0.99800675070443501     
         224         253  0.98836057084443951     
         225         254  0.98552422358893688     
         228         255  0.94353999034514846     
         230         256  0.98578560743941768     
         231         257  0.98832866971551026     
         233         258  0.99792987811131861     
         234         259  0.99802272917275070     
         239         260  0.98826745091877555     
         240         261  0.98546513876315778     
         243         262  0.94356866395739558     
         245         263  0.98581010126847690     
         246         264  0.98838084952737115     
