    0.30495412
   -0.02632372
    0.05871583
   -0.03865096
   -0.03662740
    0.05792112
   -0.21253215
    0.00752161
    0.01861400
   -0.01509617
   -0.00889043
    0.04306127
    0.29536733
   -0.27727535
   -0.27613260
   -0.00943783
   -0.01582708
    0.05656166
   -0.03766659
   -0.03671759
   -0.20926794
    0.06278514
    0.01398699
    0.06268410
   -0.03679996
   -0.03772572
    0.05655454
   -0.20936288
    0.00748649
    0.01857302
   -0.01587813
   -0.00950022
    0.04302018
    0.29523737
   -0.27740802
   -0.27623389
   -0.00891559
   -0.01507464
    0.05794539
   -0.03660760
   -0.03863998
    0.05869975
   -0.21245979
    0.02470252
    0.03139487
    0.02496657
    0.03443848
    0.05211812
    0.05089921
    0.03326653
    0.02548427
    0.02795122
    0.02789028
    0.02539303
    0.03318517
    0.05082191
    0.05210842
    0.03444579
    0.02497590
    0.03139366
    0.30586608
   -0.02643623
    0.05871672
   -0.03867604
   -0.03662245
    0.05786226
   -0.21248595
    0.00749918
    0.01861588
   -0.01512402
   -0.00895692
    0.04306380
    0.29537480
   -0.27714351
   -0.27635046
   -0.00938113
   -0.01578635
    0.05644631
   -0.03770985
   -0.03679130
   -0.20923019
    0.06269214
    0.01385957
    0.06262999
   -0.03687151
   -0.03774493
    0.05642763
   -0.20927683
    0.00747171
    0.01856538
   -0.01586816
   -0.00946172
    0.04302600
    0.29522729
   -0.27731530
   -0.27639001
   -0.00896301
   -0.01507677
    0.05788897
   -0.03660403
   -0.03867454
    0.05870426
   -0.21245248
    0.02467971
    0.03138218
    0.02493962
    0.03434213
    0.05194044
    0.05099745
    0.03333032
    0.02550383
    0.02803673
    0.02797028
    0.02540042
    0.03319157
    0.05088260
    0.05197807
    0.03438319
    0.02496139
    0.03138013
   -0.02547954
   -0.02752081
   -0.02940093
   -0.02453789
   -0.02951287
   -0.02467163
   -0.02562200
   -0.02762786
    0.32707254
    0.00736778
    0.06276782
   -0.03920144
   -0.03772375
    0.05350980
   -0.20853274
    0.00969237
    0.01983269
   -0.01470825
   -0.00867221
    0.04346444
    0.29716927
   -0.27512738
   -0.27546691
   -0.00856793
   -0.01466258
    0.05350547
   -0.03774418
   -0.03922032
   -0.20865096
    0.06270911
    0.00733117
    0.06269450
   -0.03921299
   -0.03774631
    0.05347979
   -0.20851748
    0.00968958
    0.01980234
   -0.01470375
   -0.00869673
    0.04345552
    0.29711345
   -0.27549401
   -0.27519980
   -0.00858101
   -0.01465940
    0.05356148
   -0.03771261
   -0.03919912
    0.06277511
   -0.20864355
    0.02578408
    0.02414272
    0.03417017
    0.05166637
    0.05192660
    0.03433936
    0.02418751
    0.02590580
    0.02588771
    0.02415969
    0.03418089
    0.05166663
    0.05190868
    0.03427053
    0.02413097
    0.02578254
