           1           2   1.3696085682635863     
           2           3   1.2412338257858713     
           3           4   1.5948765254604946     
           4           5   1.2521553823639142     
           2           6   1.2299391946516220     
           5           6   1.2285585393594503     
           5           7   1.3385412341613616     
           7           8   1.0540837760489004     
           8           9   1.4144480270438458     
           9          10   1.4639169692800338     
          10          11   1.3825997781959760     
          11          12   1.1244753211551781     
          12          13   2.9618849626239507     
          11          14   1.3826787234698579     
           8          15   1.4142443060683141     
          14          15   1.4636157004243837     
           7          16   1.3674227174460896     
          16          17   1.1609549621734694     
          17          18   1.6919864958182116     
          16          19   1.3534781468803352     
          18          20   1.1658488845108639     
          19          20   1.4133239584541235     
          20          21   1.2861334194204017     
          21          22   1.2820827792848766     
          22          23   1.2697700246032888     
          23          24   1.5776441216373027     
          24          25   1.2609186633297054     
          22          26   1.2492931335683108     
          25          26   1.2225073220720644     
          25          27   1.3367508848784118     
          27          28   1.0560290091421565     
          28          29   1.4132318617652537     
          29          30   1.4644110249872584     
          30          31   1.3822123259487140     
          31          32   1.1246688562307567     
          32          33   2.9614537078419398     
          31          34   1.3820420222104810     
          28          35   1.4131582462521981     
          34          35   1.4642077768872395     
          27          36   1.3593688044057872     
          36          37   1.1516274338300083     
          37          38   1.7080492512806993     
           1          39   1.3852124063959248     
          38          39   1.1458762153765765     
          36          40   1.3784945615700446     
          39          40   1.3744000516259582     
           1          41  0.99557976841134577     
           3          42  0.99238213943884079     
           4          43  0.99829792793192829     
           6          44  0.96074904771092839     
           9          45  0.98600970384985021     
          10          46  0.98501398075019031     
          14          47  0.98510307473243020     
          15          48  0.98604723512817083     
          17          49  0.99778313847880284     
          18          50  0.99896669298607776     
          23          51  0.99790506702825443     
          24          52  0.99743954439819005     
          26          53  0.95980847743699194     
          29          54  0.98626386029026381     
          30          55  0.98521467824651421     
          34          56  0.98501342143479398     
          35          57  0.98593778848276781     
          37          58  0.99863694261848035     
          38          59  0.99292546344379307     
          60          61   1.3696491151591739     
          61          62   1.2411705946929761     
          62          63   1.5949519175606424     
          63          64   1.2521699245409486     
          61          65   1.2299939061607579     
          64          65   1.2283684077652750     
          64          66   1.3387190394678283     
          66          67   1.0536351710553904     
          67          68   1.4147339297316104     
          68          69   1.4637874849931696     
          69          70   1.3827341111677154     
          70          71   1.1244656684094423     
          71          72   2.9618967991098608     
          70          73   1.3826291376551849     
          67          74   1.4143678417879615     
          73          74   1.4635789197803259     
          66          75   1.3677566610056333     
          75          76   1.1611523447103418     
          76          77   1.6917601412661072     
          75          78   1.3528952517480621     
          77          79   1.1659385706267615     
          78          79   1.4140980426281360     
          79          80   1.2851115647881497     
          80          81   1.2818265903419197     
          81          82   1.2697653904314548     
          82          83   1.5776365679988784     
          83          84   1.2609449764311722     
          81          85   1.2496599459483166     
          84          85   1.2221365375155271     
          84          86   1.3370778375626995     
          86          87   1.0558675094627530     
          87          88   1.4131168383864492     
          88          89   1.4645023373183310     
          89          90   1.3820910153947397     
          90          91   1.1246890634464737     
          91          92   2.9614268593369584     
          90          93   1.3822042935641938     
          87          94   1.4134766260278917     
          93          94   1.4640455135166237     
          86          95   1.3592354497510653     
          95          96   1.1516966890700431     
          96          97   1.7079023248751648     
          60          98   1.3851113305811193     
          97          98   1.1459657451859877     
          95          99   1.3784662491144293     
          98          99   1.3743855885682472     
          60         100  0.99560258684272540     
          62         101  0.99240291518128654     
          63         102  0.99832857281665255     
          65         103  0.96073309217092384     
          68         104  0.98601825230871498     
          69         105  0.98501592155052775     
          73         106  0.98512368926879201     
          74         107  0.98602026084828875     
          76         108  0.99778111303984929     
          77         109  0.99905442285280499     
          82         110  0.99788646495622702     
          83         111  0.99746437383988529     
          85         112  0.95979214622261000     
          88         113  0.98626619910860791     
          89         114  0.98524882399883840     
          93         115  0.98499694476153077     
          94         116  0.98594365420554742     
          96         117  0.99865398856658072     
          97         118  0.99293871279790302     
         119         120   2.3716281634492513     
         120         121   1.3566256689438296     
          21         122   1.2222746639969706     
         119         122  0.16874888548738259     
         121         122   2.4695659571286024     
         119         123   1.3583737236572835     
         120         124  0.16846041336901230     
         123         124   2.4651948851961865     
         125         126   2.3605053747700713     
         126         127   1.3665357983951094     
         125         128  0.16743845909982685     
         127         128   2.4560811568912353     
         125         129   1.3665706925385299     
         126         130  0.16744565205212891     
         129         130   2.4560592331306181     
         131         132   2.3701961565034075     
         132         133   1.3595515620731355     
         131         134  0.16836849621339670     
         133         134   2.4638775901932570     
         131         135   1.3578354107667177     
          80         136   1.2234252863155493     
         132         136  0.16864827535095275     
         135         136   2.4681359810755037     
         124         137   1.2266168585761865     
         137         138   1.2762115365906113     
         138         139   1.2734545427418626     
         139         140   1.5724716421976641     
         140         141   1.2661219164012367     
         138         142   1.2516631474243869     
         141         142   1.2197591806361445     
         141         143   1.3323097142457740     
         143         144   1.0536446945523614     
         144         145   1.4145309581267680     
         145         146   1.4636213141825365     
         146         147   1.3825193600155199     
         147         148   1.1245498023905665     
         148         149   2.9615584586104231     
         147         150   1.3827126306875306     
         144         151   1.4149443160868109     
         150         151   1.4637450158328691     
         143         152   1.3740628769145353     
         152         153   1.1618393150841435     
         153         154   1.6896155673322450     
         152         155   1.3475256667146980     
         154         156   1.1682804475212161     
         155         156   1.4188214326776334     
         128         157   1.2345057534722326     
         156         157   1.2780159918585408     
         157         158   1.2737402489967666     
         158         159   1.2752096610123065     
         159         160   1.5709059129880345     
         160         161   1.2670085113731533     
         158         162   1.2521352343503738     
         161         162   1.2207991608621709     
         161         163   1.3302481045161281     
         163         164   1.0537304328047568     
         164         165   1.4146370154507906     
         165         166   1.4636556875549280     
         166         167   1.3825608385959918     
         167         168   1.1246249022436798     
         168         169   2.9614490622174041     
         167         170   1.3825387105895899     
         164         171   1.4146911103101083     
         170         171   1.4638127271410073     
         163         172   1.3753868437401267     
         172         173   1.1608008410631143     
         173         174   1.6912412804384283     
         137         175   1.2816848703740777     
         174         175   1.1671145824846976     
         172         176   1.3480283638171691     
         175         176   1.4165251293405510     
         139         177  0.99827645477426485     
         140         178  0.99819088075940909     
         142         179  0.96115593547692502     
         145         180  0.98606809299547549     
         146         181  0.98517020122322785     
         150         182  0.98516448506477972     
         151         183  0.98618776301138689     
         153         184  0.99835266916851173     
         154         185  0.99930543921058701     
         159         186  0.99817986115758972     
         160         187  0.99808163273549411     
         162         188  0.96125488429300587     
         165         189  0.98605528901424699     
         166         190  0.98509183694806701     
         170         191  0.98526117775499988     
         171         192  0.98622614925857754     
         173         193  0.99846490486257788     
         174         194  0.99934212979197945     
         130         195   1.2345209546227942     
         195         196   1.2736744477988307     
         196         197   1.2752434768595715     
         197         198   1.5708087871772400     
         198         199   1.2671305901748606     
         196         200   1.2521640703967187     
         199         200   1.2206763125066431     
         199         201   1.3303664741035934     
         201         202   1.0531212076692438     
         202         203   1.4148287844925680     
         203         204   1.4635726964044549     
         204         205   1.3825385012512827     
         205         206   1.1245710174004595     
         206         207   2.9614914247921136     
         205         208   1.3826892777643895     
         202         209   1.4150347567796981     
         208         209   1.4636674563083507     
         201         210   1.3759018344422917     
         210         211   1.1607923585195083     
         211         212   1.6913339140047956     
         210         213   1.3474391092820521     
         212         214   1.1670159983889228     
         213         214   1.4173572702076014     
         134         215   1.2277528300086056     
         214         215   1.2810313650344600     
         215         216   1.2757352534334838     
         216         217   1.2736829455362160     
         217         218   1.5722381866294326     
         218         219   1.2662434640007443     
         216         220   1.2519058408232180     
         219         220   1.2196169722515957     
         219         221   1.3322866423850268     
         221         222   1.0531124907311242     
         222         223   1.4148370745264940     
         223         224   1.4634943949076173     
         224         225   1.3826850577485519     
         225         226   1.1245294392257852     
         226         227   2.9615787666549935     
         225         228   1.3826525709761990     
         222         229   1.4151319966634359     
         228         229   1.4636767719365040     
         221         230   1.3745442015705669     
         230         231   1.1618333157301179     
         231         232   1.6897560178675330     
         195         233   1.2779126000616485     
         232         233   1.1681551350496138     
         230         234   1.3471431622007006     
         233         234   1.4191071740368082     
         197         235  0.99820367254938946     
         198         236  0.99811614494474965     
         200         237  0.96124290105702259     
         203         238  0.98602463178066413     
         204         239  0.98510358863459324     
         208         240  0.98527220898947576     
         209         241  0.98621489090340697     
         211         242  0.99847059942481897     
         212         243  0.99936638914259202     
         217         244  0.99828302005140279     
         218         245  0.99822091432001192     
         220         246  0.96115623920492099     
         223         247  0.98605307836534506     
         224         248  0.98513809841596423     
         228         249  0.98521576262949806     
         229         250  0.98617158111091374     
         231         251  0.99837992442075241     
         232         252  0.99933414591420677     
