           2           3   1.3920067795806395     
           3           4   1.1983125052538632     
           4           5   1.6431765524555100     
           5           6   1.2032190185945000     
           1           7  0.71626325180691908     
           3           7   1.2435857733549129     
           6           7   1.2487453394204140     
           6           8   1.3615877810261718     
           8           9   1.0550662385109204     
           9          10   1.4213569155106818     
          10          11   1.4545379816019723     
          11          12   1.4170540081590099     
          12          13  0.89094187479757947     
          13          14   1.8898274597221578     
          13          15   1.0784680013945525     
          13          16   1.8949512631468353     
          14          16  0.13438446231658138     
          15          16  0.10002031839505067     
          12          17   1.4175531949504891     
           9          18   1.4212445226076462     
          17          18   1.4542938380105255     
           8          19   1.3657390710094570     
          19          20   1.2086774092216610     
          20          21   1.6315940691391102     
           1          22  0.71220333588304263     
          19          22   1.2396592370211879     
          21          23   1.2187620006153874     
          22          23   1.2643262550922088     
          23          24   1.3058473698282858     
          24          25   1.3050973025877408     
          25          26   1.2190869860954758     
          26          27   1.6315080624152354     
          27          28   1.2084758238023363     
           1          29  0.71194905242592421     
          25          29   1.2655953783763358     
          28          29   1.2382049253252168     
          28          30   1.3674798839765994     
          30          31   1.0547503896318582     
          31          32   1.4218469081503364     
          32          33   1.4538355843154191     
          33          34   1.4182155866461557     
          34          35  0.89026670154375076     
          35          36   1.8877292847696359     
          35          37   1.0813937459664793     
          35          38   1.8986433890095977     
          36          38  0.13411426551442901     
          37          38  0.10130352891509024     
          34          39   1.4168606942488060     
          31          40   1.4211100400193981     
          39          40   1.4546621589447524     
          30          41   1.3600504096041470     
          41          42   1.2032960782503290     
          42          43   1.6435166000445620     
           2          44   1.3937610799597719     
          43          44   1.1977506506136275     
           1          45  0.71687814841167263     
          41          45   1.2503100617109035     
          44          45   1.2421285458757199     
           2          46  0.99691147499009614     
           4          47  0.99418524895220073     
           5          48  0.99897368208211446     
          10          49  0.98884226927501651     
          11          50  0.98507496496093494     
          15          51  0.93877125299012654     
          17          52  0.98483792676831816     
          18          53  0.98835260583775664     
          20          54  0.99804788489247398     
          21          55  0.99879004573815444     
          26          56  0.99878404667329901     
          27          57  0.99833000366035618     
          32          58  0.98872205420177672     
          33          59  0.98514762528642574     
          37          60  0.93893246065192015     
          39          61  0.98478739011851579     
          40          62  0.98844130639221772     
          42          63  0.99873874931481665     
          43          64  0.99416386746231966     
          66          67   1.3924852384352440     
          67          68   1.1981362824283666     
          68          69   1.6435049422589352     
          69          70   1.2030670914016177     
          65          71  0.71649059217562783     
          67          71   1.2433307399169540     
          70          71   1.2484481842629152     
          70          72   1.3622668868259389     
          72          73   1.0552796071871040     
          73          74   1.4210772919895183     
          74          75   1.4547435657948762     
          75          76   1.4168733942623064     
          76          77  0.89109393741878018     
          77          78   1.8902905639396665     
          77          79   1.0780760715956010     
          77          80   1.8941557388544950     
          78          80  0.13440349963843704     
          76          81   1.4175997832124241     
          73          82   1.4212456590332103     
          81          82   1.4542581861113069     
          72          83   1.3653553989741307     
          83          84   1.2083473759965266     
          84          85   1.6323307139182497     
          65          86  0.71286211966380864     
          83          86   1.2404702642608385     
          85          87   1.2182209274934492     
          86          87   1.2622372735534078     
          87          88   1.3094861048554123     
          88          89   1.3084217265658065     
          89          90   1.2186460910068024     
          90          91   1.6320218960232891     
          91          92   1.2083498288855068     
          65          93  0.71251874419604910     
          89          93   1.2635020259834864     
          92          93   1.2390696632578055     
          92          94   1.3667755446664414     
          94          95   1.0541743920048685     
          95          96   1.4222120768352140     
          96          97   1.4536022315115942     
          97          98   1.4184016215624711     
          98          99  0.89022531324628151     
          99         100   1.8875080036523852     
          99         101   1.0815694536574529     
          99         102   1.8990266949826693     
         100         102  0.13410367044015500     
         101         102  0.10131139533614823     
          98         103   1.4167907957774624     
          95         104   1.4212181751904949     
         103         104   1.4547024652764664     
          94         105   1.3616341847117093     
         105         106   1.2030254984101758     
         106         107   1.6438913078228556     
          66         108   1.3938937593502523     
         107         108   1.1976314305346261     
          65         109  0.71697863728087496     
         105         109   1.2494313393679477     
         108         109   1.2423130237819040     
          66         110  0.99685419678502141     
          68         111  0.99415540462741114     
          69         112  0.99892984269535345     
          74         113  0.98884782571766683     
          75         114  0.98506852141705226     
          79         115  0.93875824134294050     
          81         116  0.98481094647578860     
          82         117  0.98833435901338162     
          84         118  0.99799632039497255     
          85         119  0.99868498176678244     
          90         120  0.99868099005715882     
          91         121  0.99832195519589007     
          96         122  0.98870083953985466     
          97         123  0.98513272165839849     
         101         124  0.93902134339027465     
         103         125  0.98476723712263348     
         104         126  0.98838866500320866     
         106         127  0.99872134719501415     
         107         128  0.99413830231001232     
         129         130   2.3897714327313007     
         130         131   1.3472139121644973     
          24         132   1.2088506802385768     
         129         132  0.17631029102524595     
         131         132   2.4908535183056948     
         129         133   1.3483190426755893     
         130         134  0.17625802550194186     
         133         134   2.4876931770742976     
         135         136   2.3975717338923834     
         136         137   1.3419507477699162     
         135         138  0.17551303126776446     
         137         138   2.4944903125583719     
         135         139   1.3404752376334268     
          88         140   1.2024721587185141     
         136         140  0.17548391223338014     
         139         140   2.4985746149671604     
         134         142   1.2124770338856887     
         142         143   1.3011873831050877     
         143         144   1.2208349227563560     
         144         145   1.6286107322672347     
         145         146   1.2114223401418043     
         141         147  0.71014876387378190     
         143         147   1.2653801325633467     
         146         147   1.2391302031284543     
         146         148   1.3616375303943071     
         148         149   1.0560725031108456     
         149         150   1.4216469915966765     
         150         151   1.4536357795153452     
         151         152   1.4185978183576700     
         152         153  0.88989404327871546     
         153         154   1.8876376998953392     
         153         155   1.0817968319135354     
         153         156   1.8992549914142527     
         154         156  0.13421164101436009     
         155         156  0.10139363742557454     
         152         157   1.4171861390587115     
         149         158   1.4206980701543164     
         157         158   1.4547248683248801     
         148         159   1.3649701497710893     
         159         160   1.2096808319709305     
         160         161   1.6307757586546991     
         141         162  0.71280949086574763     
         159         162   1.2381470614709327     
         161         163   1.2192807846559632     
         162         163   1.2643405577929996     
         138         164   1.2071148523820756     
         163         164   1.3060027361711244     
         164         165   1.3038629215483744     
         165         166   1.2204333502277263     
         166         167   1.6291855768179808     
         167         168   1.2110705607538135     
         141         169  0.71067440187433195     
         165         169   1.2640165329297142     
         168         169   1.2400363067135018     
         168         170   1.3609321982699214     
         170         171   1.0564734944094454     
         171         172   1.4214705015038394     
         172         173   1.4538184296248406     
         173         174   1.4184224423873313     
         174         175  0.89010153271660930     
         175         176   1.8876194856004895     
         175         177   1.0813438189923135     
         175         178   1.8988217408606998     
         176         178  0.13421039343947633     
         177         178  0.10133265756620262     
         174         179   1.4170567544114270     
         171         180   1.4204671874559922     
         179         180   1.4548367346607676     
         170         181   1.3653212546080034     
         181         182   1.2101294300029333     
         182         183   1.6299628021512269     
         142         184   1.3032514346091471     
         183         184   1.2198364972601219     
         141         185  0.71198335977572780     
         181         185   1.2374127522787584     
         184         185   1.2658445418157529     
         144         186  0.99886971490565069     
         145         187  0.99852232910987360     
         150         188  0.98851531447803076     
         151         189  0.98484644408325872     
         155         190  0.93885101127579829     
         157         191  0.98479555179523481     
         158         192  0.98867485203280359     
         160         193  0.99826815421505000     
         161         194  0.99871746610329826     
         166         195  0.99879420839678235     
         167         196  0.99830331426114827     
         172         197  0.98852736887981085     
         173         198  0.98485577160999260     
         177         199  0.93890207652694890     
         179         200  0.98481917669306251     
         180         201  0.98867439440895155     
         182         202  0.99852143317738917     
         183         203  0.99885364360085360     
