    0.25613087
   -0.03383961
    0.05644028
   -0.04320017
   -0.03913357
    0.05440083
   -0.21477191
    0.00524953
    0.01341125
   -0.00786070
    0.00535261
    0.23299548
   -0.28314804
   -0.33116207
   -0.01896063
   -0.02391134
   -0.01275260
    0.05324119
   -0.04074040
   -0.03925176
   -0.21038438
    0.05999911
    0.00709305
    0.06013366
   -0.03931377
   -0.04090739
    0.05277991
   -0.21057963
    0.00457337
    0.01260447
   -0.01247777
   -0.02307274
   -0.01694301
    0.00504830
    0.23278160
   -0.27908434
   -0.33593434
   -0.01024039
    0.05378007
   -0.04019575
   -0.04387976
    0.05607995
   -0.21490925
    0.01453120
    0.02169624
    0.01556080
    0.03176203
    0.23805405
    0.04077938
    0.03288245
    0.02389562
    0.01438935
    0.01363239
    0.01376533
    0.01434438
    0.02431303
    0.03344441
    0.03953959
    0.23783263
    0.03249908
    0.01570458
    0.02153944
    0.25613371
   -0.03383789
    0.05643895
   -0.04320059
   -0.03913492
    0.05439955
   -0.21477046
    0.00525084
    0.01341073
   -0.00786549
    0.00534336
    0.23299913
   -0.28312562
   -0.33114440
   -0.01896508
   -0.02391237
   -0.01275676
    0.05324346
   -0.04073825
   -0.03924944
   -0.21038283
    0.06000151
    0.00709443
    0.06013040
   -0.03931375
   -0.04090837
    0.05277849
   -0.21057936
    0.00457335
    0.01260457
   -0.01247780
   -0.02307293
   -0.01694334
    0.00504785
    0.23278176
   -0.27908211
   -0.33593511
   -0.01024087
    0.05378253
   -0.04019558
   -0.04387860
    0.05608099
   -0.21491148
    0.01453107
    0.02169553
    0.01556066
    0.03175856
    0.23806202
    0.04077529
    0.03287925
    0.02389241
    0.01439062
    0.01363331
    0.01376490
    0.01434378
    0.02431447
    0.03344468
    0.03953934
    0.23783366
    0.03249744
    0.01570509
    0.02153947
   -0.03561974
   -0.03562099
