   -0.02195158
    0.06305638
   -0.03403095
   -0.03329163
    0.06260517
   -0.15967080
   -0.01830958
    0.05859440
   -0.03868385
   -0.03787639
   -0.28654407
    0.06571186
    0.01697644
    0.06783179
   -0.03258870
   -0.03318726
    0.06171035
   -0.15740145
   -0.01877557
    0.05974163
   -0.03892176
   -0.03942753
    0.06006364
   -0.28901854
    0.02946390
    0.04083919
    0.04124825
    0.16741657
    0.03102713
    0.03135813
    0.02671062
    0.03685114
    0.04144675
    0.16628594
    0.03070695
    0.03096155
    0.03060080
   -0.02193408
    0.06306226
   -0.03401861
   -0.03328335
    0.06261639
   -0.15966459
   -0.01830854
    0.05860841
   -0.03867498
   -0.03786670
   -0.28654151
    0.06571154
    0.01698890
    0.06784274
   -0.03257371
   -0.03317403
    0.06172225
   -0.15739711
   -0.01876632
    0.05975124
   -0.03891453
   -0.03941878
    0.06006990
   -0.28900618
    0.02948025
    0.04085425
    0.04126139
    0.16742191
    0.03103766
    0.03137190
    0.02672043
    0.03686755
    0.04146351
    0.16629169
    0.03072275
    0.03097596
    0.03061485
   -0.01628636
   -0.01878933
   -0.01454983
   -0.01413897
   -0.01602667
   -0.01248352
   -0.02046672
   -0.01423655
   -0.01559159
   -0.01960968
   -0.01388515
   -0.01511123
   -0.01540929
   -0.01348069
   -0.01982699
   -0.01510187
   -0.01505987
   -0.01963909
   -0.01334984
   -0.01508905
   -0.01491769
   -0.01346021
   -0.01941255
   -0.01510768
   -0.01495868
   -0.01940511
   -0.01326032
   -0.01486026
   -0.01485844
   -0.01326189
   -0.01940656
   -0.01496025
   -0.01510889
   -0.01941320
   -0.01345808
   -0.01491847
   -0.01508700
   -0.01335145
   -0.01963788
   -0.01506334
   -0.01509829
   -0.01983128
   -0.01347708
   -0.01541141
   -0.01510656
   -0.01388706
   -0.01960395
   -0.01559380
   -0.01421724
   -0.02046077
   -0.01245911
   -0.01601552
   -0.01411753
   -0.01453679
   -0.01877389
   -0.01627400
    0.01478665
    0.06725368
   -0.03458958
   -0.03396511
    0.06027673
   -0.15700923
   -0.01575275
    0.05750639
   -0.03898464
   -0.03881831
   -0.28623948
    0.06550413
    0.01591971
    0.06739263
   -0.03398766
   -0.03377722
    0.06051312
   -0.15677586
   -0.01586850
    0.05757589
   -0.03895565
   -0.03908938
    0.06537682
   -0.28664869
    0.03502718
    0.04028087
    0.16668622
    0.03134385
    0.03058913
    0.02564079
    0.03587206
    0.04065502
    0.16664391
    0.03139306
    0.03051154
    0.02518409
    0.01570284
    0.06737407
   -0.03407908
   -0.03375648
    0.06053658
   -0.15677898
   -0.01574328
    0.05766940
   -0.03887183
   -0.03878723
   -0.28628089
    0.06552842
    0.01576212
    0.06745955
   -0.03396604
   -0.03366042
    0.06056324
   -0.15678104
   -0.01571987
    0.05763556
   -0.03893803
   -0.03888653
    0.06544483
   -0.28628249
    0.03566715
    0.04062026
    0.16671266
    0.03151888
    0.03069884
    0.02559021
    0.03584546
    0.04072970
    0.16671308
    0.03153233
    0.03061364
    0.02542326
    0.01609993
    0.06750468
   -0.03379081
   -0.03355049
    0.06075784
   -0.15666661
   -0.01565975
    0.05784791
   -0.03875832
   -0.03866174
   -0.28613926
    0.06559166
    0.01602693
    0.06753330
   -0.03379026
   -0.03351956
    0.06075091
   -0.15668403
   -0.01563648
    0.05783439
   -0.03878087
   -0.03867103
    0.06556538
   -0.28611066
    0.03599657
    0.04091259
    0.16680588
    0.03174821
    0.03089601
    0.02574424
    0.03602037
    0.04093892
    0.16680914
    0.03175602
    0.03087497
    0.02572691
    0.01602610
    0.06753281
   -0.03379204
   -0.03352073
    0.06074959
   -0.15668305
   -0.01563447
    0.05783232
   -0.03878139
   -0.03867058
   -0.28610782
    0.06557471
    0.01609745
    0.06749586
   -0.03379348
   -0.03355134
    0.06075797
   -0.15667142
   -0.01566269
    0.05784779
   -0.03875836
   -0.03866232
    0.06559035
   -0.28614158
    0.03601386
    0.04093818
    0.16680993
    0.03175727
    0.03087326
    0.02573259
    0.03599020
    0.04091198
    0.16680622
    0.03174486
    0.03089491
    0.02574882
    0.01576123
    0.06745408
   -0.03396739
   -0.03366120
    0.06056321
   -0.15678467
   -0.01572280
    0.05763498
   -0.03893844
   -0.03888863
   -0.28628513
    0.06544277
    0.01569801
    0.06737448
   -0.03408206
   -0.03375747
    0.06053430
   -0.15677830
   -0.01574094
    0.05766725
   -0.03887229
   -0.03878705
    0.06553377
   -0.28627884
    0.03584107
    0.04072895
    0.16671341
    0.03152914
    0.03061208
    0.02542222
    0.03566298
    0.04061909
    0.16671329
    0.03152011
    0.03069784
    0.02559531
    0.01592935
    0.06739529
   -0.03398150
   -0.03377475
    0.06051874
   -0.15677306
   -0.01587143
    0.05758271
   -0.03895236
   -0.03908556
   -0.28664971
    0.06538034
    0.01478388
    0.06725151
   -0.03458528
   -0.03395974
    0.06028320
   -0.15701424
   -0.01575479
    0.05751149
   -0.03898290
   -0.03881434
    0.06550465
   -0.28623662
    0.03587891
    0.04066065
    0.16664589
    0.03139742
    0.03051654
    0.02518999
    0.03502750
    0.04028783
    0.16668841
    0.03134711
    0.03059381
    0.02564622
