    0.26039298
   -0.03045319
    0.05673873
   -0.04268385
   -0.03834028
    0.05574667
   -0.21342509
    0.00777434
    0.05536302
   -0.03754938
   -0.03660589
   -0.20832887
    0.06167490
    0.01226704
    0.06097688
   -0.03699231
   -0.03789737
    0.05569396
    0.00741861
    0.00610054
   -0.02525571
   -0.00179580
   -0.06079833
   -0.03236160
   -0.00150089
   -0.06057926
   -0.02539798
    0.05565957
   -0.03834185
   -0.04273350
    0.05682448
   -0.21358632
   -0.20850411
    0.00618966
   -0.02523760
   -0.00166977
   -0.06076134
   -0.03241464
   -0.00158281
   -0.06074499
   -0.02582272
    0.01587995
    0.02234957
    0.01406599
    0.01632982
    0.01677903
    0.01626339
    0.01564148
    0.01934786
    0.01750512
    0.02285956
    0.02083267
    0.02711431
    0.01929665
    0.01867324
    0.02474680
    0.01873837
    0.01356080
    0.02232874
    0.01927044
    0.01756459
    0.02010790
    0.02401272
    0.02712676
    0.02142975
    0.01926055
    0.02166453
    0.01830530
    0.26331712
   -0.02843858
    0.05693315
   -0.04187526
   -0.03794039
    0.05696158
   -0.21249505
    0.00788135
    0.05712856
   -0.03667021
   -0.03583652
   -0.20857794
    0.06238145
    0.01529034
    0.06198555
   -0.03598196
   -0.03687847
    0.05728950
    0.00735490
    0.00574894
   -0.02556548
   -0.00173369
   -0.06085784
   -0.03209858
   -0.00128538
   -0.06063822
   -0.02529387
    0.05685447
   -0.03772081
   -0.04184013
    0.05711827
   -0.21267020
   -0.20844255
    0.00613824
   -0.02546910
   -0.00147874
   -0.06087039
   -0.03212654
   -0.00126217
   -0.06071364
   -0.02568657
    0.01773703
    0.02357236
    0.01525224
    0.01689222
    0.01841860
    0.01902024
    0.01674022
    0.01951435
    0.01768837
    0.02332805
    0.02119417
    0.02767182
    0.01990511
    0.01911183
    0.02546878
    0.01962449
    0.01479817
    0.02365255
    0.01940178
    0.01804012
    0.02025433
    0.02437313
    0.02782266
    0.02199309
    0.01973589
    0.02177439
    0.01918881
   -0.03340708
   -0.03035191
   -0.02522962
   -0.03093898
    0.25799344
    0.00926619
    0.06137313
   -0.03841592
   -0.03767263
    0.05455216
   -0.20992179
    0.00924568
    0.05472401
   -0.03772147
   -0.03963796
   -0.21137076
    0.06129705
    0.00826423
    0.06137630
   -0.03936625
   -0.03766416
    0.05470005
    0.00913582
    0.00680402
   -0.02459799
   -0.00144237
   -0.06049529
   -0.03229668
   -0.00154649
   -0.06053832
   -0.02472701
    0.05445000
   -0.03785303
   -0.03860821
    0.06119507
   -0.21006068
   -0.21119638
    0.00676260
   -0.02483807
   -0.00159407
   -0.06053414
   -0.03229278
   -0.00143738
   -0.06047802
   -0.02461340
    0.01399990
    0.01385850
    0.01358588
    0.01380593
    0.01442250
    0.01357620
    0.01904090
    0.01771242
    0.02213098
    0.02131976
    0.02664711
    0.01939725
    0.01829666
    0.02347735
    0.01952027
    0.01386555
    0.01464521
    0.01965201
    0.01699356
    0.02436691
    0.02005502
    0.02648698
    0.01839149
    0.02095196
    0.02193598
    0.01893216
