    0.26099801
   -0.03483660
    0.05604061
   -0.04432086
   -0.03934609
    0.05487712
   -0.21739244
    0.00644139
    0.02535266
   -0.01556701
    0.05267701
   -0.26200627
    0.05197825
   -0.01650183
    0.05377351
   -0.03938706
   -0.03898858
   -0.21318018
    0.06071188
    0.00762587
    0.06073848
   -0.03901849
   -0.03937195
    0.05376877
   -0.21319113
    0.00639989
    0.02536773
   -0.01652574
    0.05201792
   -0.26202515
    0.05261979
   -0.01562402
    0.05485606
   -0.03933127
   -0.04431314
    0.05604258
   -0.21746013
    0.01411136
    0.02160506
    0.01727268
    0.02343660
    0.02477339
    0.02325739
    0.02201808
    0.01928602
    0.01698238
    0.01715611
    0.01947019
    0.02204915
    0.02329784
    0.02466518
    0.02324129
    0.01733047
    0.02161854
    0.26100199
   -0.03483762
    0.05604118
   -0.04432113
   -0.03934567
    0.05487670
   -0.21739273
    0.00644273
    0.02535288
   -0.01556687
    0.05267722
   -0.26200590
    0.05197839
   -0.01650166
    0.05377308
   -0.03938649
   -0.03898849
   -0.21317892
    0.06071279
    0.00762480
    0.06073948
   -0.03901836
   -0.03937125
    0.05376841
   -0.21319157
    0.00640081
    0.02536786
   -0.01652568
    0.05201818
   -0.26202463
    0.05261995
   -0.01562402
    0.05485563
   -0.03933079
   -0.04431325
    0.05604309
   -0.21745950
    0.01411141
    0.02160516
    0.01727310
    0.02343706
    0.02477371
    0.02325776
    0.02201809
    0.01928653
    0.01698246
    0.01715711
    0.01947069
    0.02204915
    0.02329796
    0.02466540
    0.02324161
    0.01733078
    0.02161882
   -0.03548057
   -0.03548001
