           1           2   1.3667243067986394     
           2           3   1.2424641594950485     
           3           4   1.5895853956818096     
           4           5   1.2568922610446487     
           2           6   1.2311583015673719     
           5           6   1.2222401576636293     
           5           7   1.3412003744493424     
           7           8   1.0530461948558112     
           8           9   1.4043710368215370     
           9          10   1.4017885175249341     
          10          11   1.0928048924505251     
          10          12   1.3689930183617138     
          12          13   1.0880636545926576     
          12          14   1.3587188257416072     
          14          15   1.1226006420395025     
           8          16   1.4119819666547937     
          14          16   1.3935028708366308     
           7          17   1.3669476612068654     
          17          18   1.1658849832737495     
          18          19   1.6849890068347626     
          17          20   1.3506907378667459     
          19          21   1.1698877358226047     
          20          21   1.4146409309726300     
          21          22   1.2835526821297203     
          22          23   1.2794379058867957     
          23          24   1.2732985838807582     
          24          25   1.5707756535264850     
          25          26   1.2666091852237427     
          23          27   1.2504761737495784     
          26          27   1.2196895291479235     
          26          28   1.3346616859671832     
          28          29   1.0553530457769627     
          29          30   1.4105464392065381     
          30          31   1.3942310720255031     
          31          32   1.1233947732000329     
          31          33   1.3579379997362830     
          33          34   1.0878650497020423     
          33          35   1.3693556711973232     
          35          36   1.0914459376382157     
          29          37   1.4035092365873472     
          35          37   1.4018994347780116     
          28          38   1.3634654060507341     
          38          39   1.1559933720004114     
          39          40   1.7021292044906777     
           1          41   1.3803062029732365     
          40          41   1.1486100697902597     
          38          42   1.3718262566690422     
          41          42   1.3771298375702925     
           1          43  0.99673343303016204     
           3          44  0.99392222155156318     
           4          45   1.0004679892092356     
           6          46  0.96185579430304469     
           9          47  0.99194519290776595     
          11          48  0.96257323655368598     
          13          49  0.96190930979685418     
          15          50  0.96466702051180198     
          16          51  0.99325311317535780     
          18          52  0.99999387906180226     
          19          53   1.0003259613604898     
          24          54  0.99920089614087071     
          25          55  0.99947295493422883     
          27          56  0.96115514724390616     
          30          57  0.99303611189134988     
          32          58  0.96453173865179176     
          34          59  0.96228145051128700     
          36          60  0.96342697711966285     
          37          61  0.99227548857408154     
          39          62   1.0008899514743557     
          40          63  0.99446091096689182     
          64          65   1.3671675568402313     
          65          66   1.2423676613292987     
          66          67   1.5900415001660113     
          67          68   1.2566277568027604     
          65          69   1.2308961735024748     
          68          69   1.2228019405162158     
          68          70   1.3412766053202281     
          70          71   1.0514750256849592     
          71          72   1.4054115342111833     
          72          73   1.4013136169192826     
          73          74   1.0927883923462249     
          73          75   1.3692638382197087     
          75          76   1.0879429855458060     
          75          77   1.3588215620606987     
          77          78   1.1227047570680917     
          71          79   1.4123760651632917     
          77          79   1.3932783267372810     
          70          80   1.3682322804064060     
          80          81   1.1652334789019161     
          81          82   1.6864242290387317     
          80          83   1.3506802520782539     
          82          84   1.1690390923225997     
          83          84   1.4144710558234368     
          84          85   1.2849847175477787     
          85          86   1.2812801833346659     
          86          87   1.2718797674698608     
          87          88   1.5726697360370645     
          88          89   1.2655568700513737     
          86          90   1.2501071322144195     
          89          90   1.2196489058860907     
          89          91   1.3363292353820178     
          91          92   1.0541108184574224     
          92          93   1.4114552526911690     
          93          94   1.3937049645271564     
          94          95   1.1238141281480123     
          94          96   1.3580574699136794     
          96          97   1.0879753616398014     
          96          98   1.3693413178034348     
          98          99   1.0915169951469521     
          92         100   1.4036966657080445     
          98         100   1.4017312299671887     
          91         101   1.3631531347270995     
         101         102   1.1558826941222196     
         102         103   1.7024731107871767     
          64         104   1.3807092158446161     
         103         104   1.1485094969196301     
         101         105   1.3725025017903758     
         104         105   1.3769101773978527     
          64         106  0.99677697511638819     
          66         107  0.99389378158287200     
          67         108   1.0005463011177886     
          69         109  0.96181741031447099     
          72         110  0.99192323755838263     
          74         111  0.96270021498079983     
          76         112  0.96192657673197823     
          78         113  0.96463724555713737     
          79         114  0.99311873644642090     
          81         115  0.99993274813855526     
          82         116   1.0002123209872074     
          87         117  0.99898914809131723     
          88         118  0.99934198889003722     
          90         119  0.96109066646069441     
          93         120  0.99299604872594927     
          95         121  0.96440063642342810     
          97         122  0.96225237478083703     
          99         123  0.96342869022421285     
         100         124  0.99216351427241489     
         102         125   1.0009463935230505     
         103         126  0.99443033197226516     
          22         128   1.2218538616295740     
         127         128   2.4914567756389094     
         127         129   1.3290315732824669     
         128         130  0.17489932032712283     
         129         130   2.4890292413587285     
         131         132   2.4916313756881503     
         131         133   1.3268441184491861     
          85         134   1.2190437117885657     
         132         134  0.17509757569608342     
         133         134   2.4942069329822498     
         130         135   1.2246454855347784     
         135         136   1.2742082559806160     
         136         137   1.2769029700011623     
         137         138   1.5654432752340397     
         138         139   1.2720549663470557     
         136         140   1.2523031150701209     
         139         140   1.2172958060007306     
         139         141   1.3310369848967325     
         141         142   1.0539476627050435     
         142         143   1.4114047193370642     
         143         144   1.3953610692389629     
         144         145   1.1155637369390314     
         144         146   1.3542753925633775     
         146         147   1.1133872531926028     
         146         148   1.3590220930508099     
         148         149   1.0880034331053103     
         142         150   1.4024420819752550     
         148         150   1.4079297278165237     
         141         151   1.3762137753286996     
         151         152   1.1652354585805067     
         152         153   1.6858998887397938     
         151         154   1.3451095269029552     
         153         155   1.1702552599830849     
         154         155   1.4175918027832766     
         132         156   1.2225268634274538     
         155         156   1.2806118891357607     
         156         157   1.2765998150769635     
         157         158   1.2752540428163068     
         158         159   1.5679490083665530     
         159         160   1.2703513625808331     
         157         161   1.2518344052337342     
         160         161   1.2171925314508398     
         160         162   1.3324950524529562     
         162         163   1.0525781586167267     
         163         164   1.4116598828481022     
         164         165   1.3940226522274695     
         165         166   1.1223721524964205     
         165         167   1.3586708365827140     
         167         168   1.0873247264344736     
         167         169   1.3695311123082348     
         169         170   1.0921085439808720     
         163         171   1.4056637607214379     
         169         171   1.4014322231818561     
         162         172   1.3758679659735855     
         172         173   1.1656390311443849     
         173         174   1.6850876671614052     
         135         175   1.2804131190747812     
         174         175   1.1705797068119439     
         172         176   1.3450855772778907     
         175         176   1.4181630956736777     
         137         177  0.99951405942867289     
         138         178   1.0001988333234133     
         140         179  0.96253871466621088     
         143         180  0.99294755460299811     
         145         181  0.96462513848866671     
         147         182  0.96275034023455974     
         149         183  0.96283543821550399     
         150         184  0.99232086089799354     
         152         185   1.0004913615450213     
         153         186   1.0004888702552257     
         158         187  0.99953595012016405     
         159         188   1.0003571163487865     
         161         189  0.96262685549537208     
         164         190  0.99322838642891842     
         166         191  0.96501016948049034     
         168         192  0.96240213679002351     
         170         193  0.96305678406153505     
         171         194  0.99216125570279445     
         173         195   1.0006326916259238     
         174         196   1.0005832572232012     
