3.3554
3.6895
3.8825
3.4143
3.7534
3.9417
3.4671
3.8093
3.9982
3.513
3.8588
4.045
3.6852
4.0052
4.1929
3.7199
4.042
4.2243
3.7581
4.0834
4.2625
3.7939
4.1191
4.2948
3.2499
3.5373
3.7093
3.3063
3.5996
3.7764
3.3625
3.6621
3.838
3.4074
3.7183
3.8926
3.77
4.0722
4.2418
3.8054
4.0998
4.2727
3.8385
4.129
4.3003
3.8674
4.1586
4.3271
3.4417
3.7506
3.9258
3.4902
3.8018
3.9797
3.5378
3.8544
4.0315
3.5788
3.8996
4.0753
3.7462
4.0596
4.2581
3.7755
4.0899
4.2755
3.8114
4.1255
4.3064
3.8431
4.1581
4.3351
3.692
4.0077
4.1918
3.7219
4.0422
4.2224
3.7601
4.0788
4.257
3.791
4.0638
4.2499
3.4135
3.7155
3.894
3.4618
3.7743
3.9508
3.5113
3.8274
4.002
3.5533
3.8719
4.0466
3.4961
3.8005
3.9847
3.5305
3.8473
4.0274
3.5749
3.8958
4.0745
3.6152
3.9386
4.1156
3.7589
4.089
4.2793
3.7914
4.1169
4.301
3.8275
4.1503
4.3315
3.8595
4.182
4.3598
3.4086
3.7116
3.8908
3.4608
3.7671
3.9441
3.5069
3.82
3.9971
3.5491
3.8671
4.0423
3.5005
3.7998
3.9811
3.5458
3.8509
4.0294
3.5908
3.8971
4.0779
3.6308
3.9399
4.116
3.3161
3.6146
3.7981
3.3694
3.681
3.8564
3.4192
3.7335
3.9108
3.4636
3.7818
3.957
3.7465
4.0493
4.2349
3.7766
4.0855
4.265
3.8138
4.1229
4.3003
3.8464
4.1564
4.3304
3.819
4.1549
4.3476
3.8488
4.176
4.3618
3.8827
4.2072
4.3885
3.9115
4.236
4.413
3.2432
3.5457
3.7115
3.3025
3.6137
3.7817
3.3586
3.6769
3.8455
3.4062
3.7267
3.898
3.2308
3.5267
3.6927
3.2915
3.5971
3.764
3.353
3.6587
3.8285
3.391
3.7129
3.8823
3.9999
4.34
4.5379
4.0168
4.3456
4.5345
4.0418
4.3697
4.5518
4.068
4.3893
4.5676
3.1877
3.5016
3.6783
3.2156
3.6078
3.8189
3.2742
3.7015
3.8865
3.361
3.7579
3.9427
3.5486
3.9178
4.096
3.5933
3.9663
4.1439
3.6396
4.0157
4.1924
3.6785
4.0574
4.2331
3.1283
3.4474
3.5628
3.1915
3.539
3.7071
3.2525
3.6059
3.7731
3.3004
3.668
3.8369
3.6243
3.9121
4.0737
3.6619
4.0019
4.1339
3.6999
4.0451
4.2097
3.7335
4.0782
4.2353
3.3133
3.6662
3.8192
3.3687
3.7328
3.9053
3.4232
3.7935
3.9656
3.4677
3.8449
4.0188
3.6169
3.9901
4.1338
3.6545
4.0289
4.2057
3.6949
4.0707
4.2457
3.7307
4.1088
4.2814
3.5598
3.9158
4.0943
3.6004
3.9593
4.1233
3.6426
4.0043
4.1714
3.6808
3.9728
4.1539
3.2881
3.5941
3.7761
3.3444
3.7057
3.8452
3.3982
3.767
3.9404
3.4433
3.8197
3.9929
3.3733
3.6779
3.8639
3.4248
3.775
3.9515
3.4576
3.833
4.0093
3.5165
3.8823
4.0583
3.629
3.9682
4.1559
3.6691
4.0429
4.2238
3.7095
4.0871
4.2653
3.7447
4.1244
4.3012
3.2359
3.6322
3.7521
3.2922
3.666
3.8457
3.3429
3.728
3.9117
3.4339
3.8098
3.9852
3.3914
3.7051
3.8431
3.4427
3.8022
3.9735
3.4931
3.8588
4.0318
3.5367
3.9079
4.0804
3.1897
3.4949
3.6304
3.2413
3.6111
3.7831
3.3069
3.6723
3.845
3.3545
3.7264
3.8974
3.6163
3.9807
4.1395
3.6568
4.0238
4.1947
3.6987
4.067
4.2381
3.7356
4.1048
4.2762
3.6896
4.0677
4.2525
3.7292
4.1036
4.2852
3.7639
4.1427
4.3223
3.8003
4.1778
4.3542
3.1314
3.4763
3.6368
3.1973
3.5552
3.7202
3.256
3.6264
3.7937
3.3042
3.6836
3.8524
3.1154
3.457
3.6166
3.1811
3.5368
3.7009
3.2456
3.6071
3.7746
3.2906
3.6657
3.8346
3.8614
4.2475
4.438
3.8908
4.271
4.4549
3.9212
4.3006
4.4814
3.9501
4.3284
4.5057
2.4562
2.848
3.0649
2.5004
2.9096
3.1267
2.5773
2.9777
3.1939
2.6451
3.047
3.2574
2.8352
3.163
3.3833
2.8784
3.2042
3.4155
2.9215
3.2469
3.4533
2.9659
3.2969
3.4975
2.4205
2.7318
2.9107
2.4873
2.7203
2.9517
2.5489
2.7984
3.0245
2.6104
2.8829
3.0972
3.0014
3.2296
3.4439
3.0363
3.2602
3.4393
3.0713
3.298
3.4793
3.105
3.3386
3.5197
2.5995
2.9477
3.147
2.6541
3.0142
3.2044
2.7088
3.069
3.2623
2.7645
3.124
3.3187
2.8979
3.0764
3.3799
2.9359
3.1262
3.3771
2.9745
3.1971
3.4336
3.0153
3.2607
3.4863
2.8441
3.2051
3.4104
2.8851
3.2465
3.4436
2.9254
3.2843
3.478
2.9699
3.2344
3.3778
2.5767
2.8998
3.1018
2.6343
2.9482
3.1526
2.6884
3.0073
3.2106
2.7438
3.0706
3.2694
2.6628
3.0094
3.2124
2.705
3.063
3.2619
2.7562
3.1119
3.3073
2.807
3.1666
3.3573
2.9197
3.2804
3.4949
2.9588
3.3071
3.5117
2.9958
3.343
3.5422
3.0363
3.3819
3.575
2.551
2.8499
3.0784
2.5979
2.8938
3.1153
2.6326
2.9698
3.1832
2.6917
3.0418
3.248
2.677
2.9473
3.1698
2.728
2.9526
3.1901
2.7773
3.0273
3.2537
2.8273
3.0951
3.3118
2.4777
2.7973
3.002
2.542
2.8561
3.0643
2.5996
2.9167
3.1231
2.6572
2.981
3.1872
2.8983
3.0814
3.339
2.9345
3.1342
3.3778
2.9745
3.203
3.4317
3.0159
3.2659
3.4838
2.9536
3.3354
3.5509
2.972
3.3381
3.5548
3.0115
3.3722
3.5802
3.056
3.4111
3.6142
2.4107
2.7771
2.9589
2.4719
2.8392
3.0253
2.5369
2.9049
3.0906
2.6011
2.9674
3.1543
2.3941
2.7353
2.9217
2.4568
2.8079
2.9939
2.5289
2.8753
3.0669
2.5807
2.9444
3.1297
3.1929
3.5376
3.754
3.21
3.5421
3.7463
3.2358
3.562
3.7555
3.2651
3.5861
3.7746
2.4327
2.7812
2.9405
2.4979
2.8471
3.0085
2.5691
2.9212
3.0845
2.6336
2.9878
3.1495
2.8205
3.1082
3.2731
2.8619
3.1551
3.3132
2.9076
3.2057
3.3639
2.9523
3.2547
3.4106
2.4164
2.6666
2.8125
2.4781
2.7088
2.8743
2.5407
2.7878
2.9525
2.5992
2.8627
3.0273
2.9784
3.2041
3.3417
3.0149
3.2433
3.3762
3.0516
3.2845
3.4211
3.086
3.3237
3.4622
2.5924
2.897
3.0432
2.6442
2.9573
3.1043
2.6995
3.0178
3.1661
2.7515
3.0738
3.2224
2.8879
3.0483
3.248
2.9256
3.1122
3.3007
2.966
3.1774
3.3589
3.0058
3.2357
3.4119
2.8266
3.1268
3.2818
2.8644
3.1779
3.3274
2.9079
3.2236
3.3724
2.9504
3.271
3.4707
2.571
2.8461
3.0049
2.6247
2.9105
3.0659
2.6802
2.9744
3.1299
2.7323
3.0352
3.1896
2.6417
2.9572
3.1074
2.6906
3.0091
3.1599
2.7424
3.0645
3.2151
2.7919
3.1175
3.2686
2.9102
3.2196
3.3828
2.9493
3.2587
3.4136
2.9895
3.3013
3.4534
3.0283
3.3422
3.4924
2.5412
2.8146
2.9922
2.594
2.8839
3.0446
2.6495
2.9502
3.1101
2.7068
3.0146
3.173
2.6489
2.8707
3.0598
2.6981
2.9234
3.092
2.749
2.9933
3.1601
2.7986
3.0567
3.2206
2.4718
2.7407
2.8957
2.5293
2.804
2.9605
2.5875
2.8733
3.0283
2.6421
2.9367
3.0922
2.88
3.1135
3.3025
2.9178
3.1234
3.3013
2.9591
3.1853
3.358
3.0005
3.2425
3.4106
2.9466
3.2739
3.4401
2.9785
3.2995
3.4589
3.0167
3.3381
3.4948
3.0558
3.3787
3.5322
2.4173
2.7297
2.8575
2.4806
2.7963
2.9332
2.541
2.8645
3.0044
2.5982
2.9265
3.0697
2.4029
2.6948
2.8281
2.4682
2.7714
2.9094
2.5354
2.842
2.9834
2.5864
2.9073
3.0501
3.1621
3.4638
3.6241
3.1811
3.479
3.6341
3.2109
3.5079
3.6586
3.2405
3.5373
3.6851
2.5502
2.9709
3.1973
2.6047
3.013
3.2337
2.6724
3.0782
3.2955
2.7378
3.1394
3.3504
2.9473
3.2705
3.5033
2.9767
3.2989
3.5165
3.0167
3.3406
3.5512
3.0568
3.3843
3.5885
2.5353
2.7997
3.0181
2.5824
2.8104
3.0405
2.6414
2.8887
3.1127
2.6976
2.9674
3.1869
3.0915
3.3149
3.5221
3.1235
3.3485
3.5339
3.1568
3.3878
3.5729
3.1891
3.4271
3.6101
2.7132
3.0718
3.2769
2.7512
3.11
3.3091
2.8015
3.1596
3.3563
2.8505
3.2097
3.4035
3.0164
3.1143
3.4116
3.0382
3.187
3.4572
3.0732
3.2612
3.5137
3.1092
3.3278
3.5659
2.9603
3.3059
3.5179
2.9811
3.341
3.5445
3.0185
3.3741
3.5717
3.0576
3.2862
3.6181
2.6892
2.9911
3.2139
2.7283
3.042
3.2536
2.7785
3.0988
3.3068
2.8287
3.1565
3.36
2.7601
3.131
3.342
2.7964
3.1628
3.3663
2.8434
3.2072
3.4064
2.8898
3.2533
3.4505
3.0355
3.394
3.6184
3.0611
3.4148
3.6227
3.0952
3.4436
3.6452
3.1304
3.4759
3.672
2.6359
2.9438
3.1963
2.6791
3.0036
3.2252
2.7343
3.0672
3.2831
2.79
3.1317
3.3406
2.7762
3.0114
3.2808
2.8107
3.0321
3.2681
2.8567
3.1022
3.3298
2.9033
3.1686
3.3871
2.5943
2.8983
3.1175
2.6455
2.9514
3.1615
2.6988
3.0093
3.2178
2.752
3.0707
3.2763
3.0141
3.2442
3.5153
3.0351
3.2226
3.4723
3.0709
3.2858
3.5219
3.1076
3.3461
3.5709
3.0683
3.4462
3.6694
3.0927
3.4561
3.6721
3.1257
3.483
3.6902
3.162
3.5151
3.7155
2.5335
2.8939
3.086
2.5831
2.9422
3.1312
2.654
3.0008
3.1887
2.6937
3.0576
3.2462
2.5122
2.8629
3.0559
2.5682
2.9171
3.1054
2.6333
2.978
3.1671
2.6825
3.038
3.2269
3.2971
3.6472
3.8774
3.3024
3.6478
3.8574
3.3268
3.6622
3.8611
3.3511
3.681
3.8723