           1           2   1.3738751382017087     
           2           3   1.2390411815480644     
           3           4   1.6011021591629480     
           4           5   1.2492271191477404     
           2           6   1.2294726375125178     
           5           6   1.2324475505142558     
           5           7   1.3402196665754702     
           7           8   1.0564108112732258     
           8           9   1.4101310482980072     
           9          10   1.4721575234058484     
          10          11   1.3900727876470613     
          11          12   1.0802912461549778     
          12          13   1.9450477648908659     
          11          14   1.3851890249674572     
           8          15   1.4150932226305706     
          14          15   1.4671477059137235     
           7          16   1.3660312890089434     
          16          17   1.1592440947999221     
          17          18   1.6960463261071090     
          16          19   1.3577130174685326     
          18          20   1.1634791654139967     
          19          20   1.4110739233849192     
          20          21   1.2902033218825897     
          21          22   1.2895076117519058     
          22          23   1.2638305023846899     
          23          24   1.5881059664618726     
          24          25   1.2553507552817977     
          22          26   1.2491620635119871     
          25          26   1.2233846710306229     
          25          27   1.3446933616351977     
          27          28   1.0587084381047156     
          28          29   1.4089845054194829     
          29          30   1.4723721392639142     
          30          31   1.3898065770255870     
          31          32   1.0807147878828880     
          32          33   1.9441379545817459     
          31          34   1.3844852807472570     
          28          35   1.4138704185003008     
          34          35   1.4682124054370729     
          27          36   1.3529053450434541     
          36          37   1.1518196153379423     
          37          38   1.7088669728017432     
           1          39   1.3869314234022438     
          38          39   1.1458514281938859     
          36          40   1.3849519146519909     
          39          40   1.3729388639203162     
           1          41  0.99507989360452687     
           3          42  0.99161296387459086     
           4          43  0.99790351082912976     
           6          44  0.96008816652652140     
           9          45  0.98784548664329230     
          10          46  0.98727750488977517     
          12          47  0.95334020984997347     
          14          48  0.98156035942349684     
          15          49  0.98722392849219953     
          17          50  0.99761333417153641     
          18          51  0.99821789683247941     
          23          52  0.99718027862756753     
          24          53  0.99711763220285388     
          26          54  0.95892505587450250     
          29          55  0.98768111250361201     
          30          56  0.98725663440674361     
          32          57  0.95340705793512304     
          34          58  0.98161935428584046     
          35          59  0.98746903843618106     
          37          60  0.99838467060220659     
          38          61  0.99215469464526140     
          62          63   1.3742161954202108     
          63          64   1.2388840883132062     
          64          65   1.6015567804795936     
          65          66   1.2489783797146838     
          63          67   1.2294081982132277     
          66          67   1.2327381165797691     
          66          68   1.3404748085927909     
          68          69   1.0561296248946810     
          69          70   1.4103238348410905     
          70          71   1.4720217933911186     
          71          72   1.3901938134795009     
          72          73   1.0802305562629444     
          73          74   1.9452383287654884     
          72          75   1.3852176750505190     
          69          76   1.4151312058259367     
          75          76   1.4671083857947358     
          68          77   1.3660732087101959     
          77          78   1.1590111870789963     
          78          79   1.6965887488546316     
          77          80   1.3581613080254440     
          79          81   1.1631614846913054     
          80          81   1.4107081398733976     
          81          82   1.2909445845703826     
          82          83   1.2908540486834521     
          83          84   1.2630685207599224     
          84          85   1.5892732015509721     
          85          86   1.2546858460175017     
          83          87   1.2489150849079729     
          86          87   1.2235175863621590     
          86          88   1.3456070804014988     
          88          89   1.0584195010335276     
          89          90   1.4092462625067128     
          90          91   1.4721816180087679     
          91          92   1.3899869600659192     
          92          93   1.0806321511043111     
          93          94   1.9443836365408853     
          92          95   1.3845257132261206     
          89          96   1.4139111169243119     
          95          96   1.4681838666341753     
          88          97   1.3524855308967776     
          97          98   1.1518019566761684     
          98          99   1.7089481142884761     
          62         100   1.3871200158064896     
          99         100   1.1458410758015964     
          97         101   1.3854790740368297     
         100         101   1.3727986661115485     
          62         102  0.99506441816526103     
          64         103  0.99157202803196531     
          65         104  0.99787555721243670     
          67         105  0.96003566791262251     
          70         106  0.98780078584748965     
          71         107  0.98723927197313566     
          73         108  0.95330007722224697     
          75         109  0.98153616070308081     
          76         110  0.98719831713007999     
          78         111  0.99756656121455944     
          79         112  0.99816515119564697     
          84         113  0.99707781921282335     
          85         114  0.99706786575131245     
          87         115  0.95886992370894308     
          90         116  0.98766401185200148     
          91         117  0.98723095343132672     
          93         118  0.95335806371699316     
          95         119  0.98157976486749687     
          96         120  0.98742670035056801     
          98         121  0.99836573790878302     
          99         122  0.99211073602676603     
          21         123   1.2166254429827563     
         123         124   2.4683915654098563     
         124         125   1.3601664751413227     
         123         126  0.16859206984044436     
         125         126   2.3483333115074427     
         126         127   1.3885932386244404     
         125         128  0.16270064776273568     
         127         128   2.3464717582898547     
         128         129   1.3629290506697573     
         127         130  0.16784520241279813     
         129         130   2.4622723154932937     
         131         132   2.4548649342402142     
         132         133   1.3693416363992534     
         131         134  0.16685977902303742     
         133         134   2.3371478675006276     
         134         135   1.3964709419123118     
         133         136  0.16130181810657046     
         135         136   2.3370806521331708     
         136         137   1.3695331492661496     
         135         138  0.16691780330084077     
         137         138   2.4546771722138701     
         139         140   2.4552881108747022     
         140         141   1.3691345602925014     
         139         142  0.16714723154017869     
         141         142   2.3377512570960182     
         142         143   1.3960996811903887     
         141         144  0.16160459068201344     
         143         144   2.3378315181293923     
         144         145   1.3690006396170056     
         143         146  0.16722173818282676     
         145         146   2.4556109353660682     
         147         148   2.4560652474196263     
         148         149   1.3687272128234627     
         147         150  0.16737549843449734     
         149         150   2.3383297901365308     
         150         151   1.3957560805012506     
         149         152  0.16178701206040258     
         151         152   2.3383140917293046     
         152         153   1.3687315948589900     
         151         154  0.16736303209904804     
         153         154   2.4559983869547062     
         155         156   2.4555956756593065     
         156         157   1.3690348954492200     
         155         158  0.16721113975833679     
         157         158   2.3377656183840032     
         158         159   1.3961563875425043     
         157         160  0.16160025571423947     
         159         160   2.3376466427161775     
         160         161   1.3691834852676656     
         159         162  0.16712859594056129     
         161         162   2.4551869335812979     
         163         164   2.4548655781199376     
         164         165   1.3694501599262161     
         163         166  0.16698541366807321     
         165         166   2.3372699188248514     
         166         167   1.3963492544484426     
         165         168  0.16138389127984701     
         167         168   2.3373600789934068     
         168         169   1.3691620990638871     
         167         170  0.16694831454091133     
         169         170   2.4551568105111325     
         171         172   2.4640119710451343     
         172         173   1.3616465800490449     
         171         174  0.16812967064967399     
         173         174   2.3482576541120066     
         174         175   1.3872176328921968     
         173         176  0.16300030999943246     
         175         176   2.3501739893209193     
         176         177   1.3588057827569338     
          82         178   1.2151392399290539     
         175         178  0.16889601518912459     
         177         178   2.4702474629194739     
         130         179   1.2220550120141309     
         179         180   1.2821447418265741     
         180         181   1.2692862453468667     
         181         182   1.5796698670800426     
         182         183   1.2621870148640302     
         180         184   1.2507397817422314     
         183         184   1.2222498299782640     
         183         185   1.3361695203890438     
         185         186   1.0550135491094703     
         186         187   1.4110643130865810     
         187         188   1.4718120906952126     
         188         189   1.3902833451212355     
         189         190   1.0802574993371399     
         190         191   1.9447291814450089     
         189         192   1.3851599311220861     
         186         193   1.4156915900441891     
         192         193   1.4670156385924860     
         185         194   1.3709214679102275     
         194         195   1.1601810340423890     
         195         196   1.6936070994627206     
         194         197   1.3527536811901937     
         196         198   1.1657550253188764     
         197         198   1.4154380403696671     
         131         199   1.2281769039956951     
         198         199   1.2834981417513471     
         199         200   1.2800926450284154     
         200         201   1.2704186436609730     
         201         202   1.5788457431716325     
         202         203   1.2625994953287469     
         200         204   1.2512654976767847     
         203         204   1.2231414919710630     
         203         205   1.3345997769802813     
         205         206   1.0554590165198665     
         206         207   1.4155882049379787     
         207         208   1.4674156505601970     
         208         209   1.3850184219908264     
         209         210   1.0803275717891994     
         210         211   1.9444178987110436     
         209         212   1.3902730992637105     
         206         213   1.4106806596195292     
         212         213   1.4717107024830753     
         205         214   1.3716925847637049     
         214         215   1.1597305696949354     
         215         216   1.6944090347866612     
         179         217   1.2858784155259344     
         216         217   1.1650970763004795     
         214         218   1.3531284907647396     
         217         218   1.4137842245033958     
         181         219  0.99750965511899869     
         182         220  0.99789868470147125     
         184         221  0.96034667057417178     
         187         222  0.98793807910374987     
         188         223  0.98739309232166794     
         190         224  0.95349225334918497     
         192         225  0.98159495322886026     
         193         226  0.98723082398437700     
         195         227  0.99815477748602921     
         196         228  0.99844614251616992     
         201         229  0.99736815248817390     
         202         230  0.99770523420259161     
         204         231  0.96045087869174506     
         207         232  0.98742329491535952     
         208         233  0.98164410186154327     
         210         234  0.95352250485923906     
         212         235  0.98733290403459284     
         213         236  0.98776787382471998     
         215         237  0.99825866509068495     
         216         238  0.99854054843291407     
         138         239   1.2282569709106881     
         239         240   1.2794481906645234     
         240         241   1.2707653621664108     
         241         242   1.5783652400676986     
         242         243   1.2631102829769816     
         240         244   1.2515042985684965     
         243         244   1.2226100610085417     
         243         245   1.3347975035203627     
         245         246   1.0555115130491275     
         246         247   1.4108152977097819     
         247         248   1.4718726282367283     
         248         249   1.3902644511488838     
         249         250   1.0801789188372077     
         250         251   1.9447291852608717     
         249         252   1.3851501764085101     
         246         253   1.4154988623577975     
         252         253   1.4670803724600694     
         245         254   1.3718534101402651     
         254         255   1.1601198996293864     
         255         256   1.6938065564931077     
         254         257   1.3521313399267723     
         256         258   1.1656303481825694     
         257         258   1.4157817694939909     
         139         259   1.2278702370986214     
         258         259   1.2832583368008610     
         259         260   1.2803087029188180     
         260         261   1.2701294332651316     
         261         262   1.5792953054880405     
         262         263   1.2624791365979537     
         260         264   1.2514382368726693     
         263         264   1.2226146660795909     
         263         265   1.3353910590343905     
         265         266   1.0554640829121744     
         266         267   1.4156087573105731     
         267         268   1.4673984191963774     
         268         269   1.3850560918268386     
         269         270   1.0802094603159020     
         270         271   1.9445500181414939     
         269         272   1.3903755175661578     
         266         273   1.4107606964167281     
         272         273   1.4716258878143613     
         265         274   1.3712684595863405     
         274         275   1.1604450503639079     
         275         276   1.6932477955273022     
         239         277   1.2833892060598904     
         276         277   1.1659699139308581     
         274         278   1.3525125047280118     
         277         278   1.4154416818037125     
         241         279  0.99750748446138027     
         242         280  0.99781453273953957     
         244         281  0.96036607327128487     
         247         282  0.98797131530008797     
         248         283  0.98741097537864986     
         250         284  0.95349468482298338     
         252         285  0.98158269533785159     
         253         286  0.98724543874859993     
         255         287  0.99817029934940704     
         256         288  0.99847480018360268     
         261         289  0.99740805431213564     
         262         290  0.99774305216505010     
         264         291  0.96041933141958069     
         267         292  0.98742451879120030     
         268         293  0.98162875078685119     
         270         294  0.95351060006545130     
         272         295  0.98735208732908464     
         273         296  0.98777410961266754     
         275         297  0.99825128243276728     
         276         298  0.99853978173241520     
         146         299   1.2276074558666876     
         299         300   1.2803746874695876     
         300         301   1.2703184344378142     
         301         302   1.5791711725317821     
         302         303   1.2626269799805288     
         300         304   1.2513564720951962     
         303         304   1.2228127452200388     
         303         305   1.3354061776772175     
         305         306   1.0554575039069209     
         306         307   1.4106378875820771     
         307         308   1.4719475631763552     
         308         309   1.3902257426695839     
         309         310   1.0800872415014315     
         310         311   1.9448747274823568     
         309         312   1.3853273939022865     
         306         313   1.4157321087381041     
         312         313   1.4669081739922956     
         305         314   1.3712585146765921     
         314         315   1.1600394558035654     
         315         316   1.6940015806380151     
         314         317   1.3529112413078901     
         316         318   1.1654943530068926     
         317         318   1.4151368941475821     
         147         319   1.2272809921043870     
         318         319   1.2840121360260905     
         319         320   1.2806657243483097     
         320         321   1.2698450974238900     
         321         322   1.5798590638334835     
         322         323   1.2621637563455523     
         320         324   1.2514716896731506     
         323         324   1.2226683327946199     
         323         325   1.3359526660400072     
         325         326   1.0556621364978875     
         326         327   1.4153051772068630     
         327         328   1.4675400425327416     
         328         329   1.3849780097555802     
         329         330   1.0801489062385328     
         330         331   1.9446810675286046     
         329         332   1.3905153162553989     
         326         333   1.4108786433184197     
         332         333   1.4714979837634219     
         325         334   1.3705889689596027     
         334         335   1.1604089484658864     
         335         336   1.6933979395149921     
         299         337   1.2838423992797721     
         336         337   1.1658728644286314     
         334         338   1.3532292122556295     
         337         338   1.4149629466863298     
         301         339  0.99742298023135445     
         302         340  0.99776359690235938     
         304         341  0.96030125832931790     
         307         342  0.98794683051095189     
         308         343  0.98736932525862842     
         310         344  0.95347015844349592     
         312         345  0.98157919638033353     
         313         346  0.98723704976906179     
         315         347  0.99816776718928291     
         316         348  0.99846136896565041     
         321         349  0.99737912081024760     
         322         350  0.99769660219015621     
         324         351  0.96032900776214492     
         327         352  0.98740083713239712     
         328         353  0.98157863397795986     
         330         354  0.95346457391172723     
         332         355  0.98735296491284874     
         333         356  0.98778119765440597     
         335         357  0.99820412163678318     
         336         358  0.99850787688351705     
         154         359   1.2273356516941356     
         359         360   1.2805236894070751     
         360         361   1.2701497157005428     
         361         362   1.5793616912736315     
         362         363   1.2625013826673879     
         360         364   1.2513774856610522     
         363         364   1.2227086605041666     
         363         365   1.3356510157032004     
         365         366   1.0553762995619467     
         366         367   1.4107427549407565     
         367         368   1.4718898448551567     
         368         369   1.3902657641225740     
         369         370   1.0800824123772175     
         370         371   1.9448911870738803     
         369         372   1.3853113085672686     
         366         373   1.4157106460568054     
         372         373   1.4669285060137691     
         365         374   1.3711275415012429     
         374         375   1.1601377924321572     
         375         376   1.6938627713246004     
         374         377   1.3529238503506122     
         376         378   1.1655806681244802     
         377         378   1.4151870869467063     
         155         379   1.2276186831158979     
         378         379   1.2839022291876863     
         379         380   1.2804568494227770     
         380         381   1.2700508627579279     
         381         382   1.5796052689193318     
         382         383   1.2623377329296694     
         380         384   1.2514156931718095     
         383         384   1.2228092062787204     
         383         385   1.3355851855571657     
         385         386   1.0557525068282081     
         386         387   1.4152855963052640     
         387         388   1.4675470046650962     
         388         389   1.3849781828960388     
         389         390   1.0801644111282154     
         390         391   1.9446512778352723     
         389         392   1.3904827260834920     
         386         393   1.4108087907317681     
         392         393   1.4715341098367289     
         385         394   1.3708664797243832     
         394         395   1.1603076650051154     
         395         396   1.6935525038825718     
         359         397   1.2839139588514286     
         396         397   1.1657708948693126     
         394         398   1.3530807454765863     
         397         398   1.4150362817363122     
         361         399  0.99741985406088596     
         362         400  0.99776459336528445     
         364         401  0.96030183340505448     
         367         402  0.98794595279440633     
         368         403  0.98737559622144233     
         370         404  0.95346319524065193     
         372         405  0.98157036310776180     
         373         406  0.98722761431252015     
         375         407  0.99817269014588716     
         376         408  0.99845763221613271     
         381         409  0.99740103227239674     
         382         410  0.99769847442905546     
         384         411  0.96034063597128816     
         387         412  0.98740651164886817     
         388         413  0.98158060253259516     
         390         414  0.95346597357768481     
         392         415  0.98735325437083254     
         393         416  0.98778516309171682     
         395         417  0.99819557783852353     
         396         418  0.99849129515302615     
         162         419   1.2279543435357938     
         419         420   1.2800832410938356     
         420         421   1.2704707867635419     
         421         422   1.5787662028975364     
         422         423   1.2628357505281265     
         420         424   1.2513900902959094     
         423         424   1.2226806238756633     
         423         425   1.3350363245070467     
         425         426   1.0553179061542100     
         426         427   1.4109371506029260     
         427         428   1.4718006936195602     
         428         429   1.3903086464568684     
         429         430   1.0801598864141706     
         430         431   1.9447552588568682     
         429         432   1.3851711060519338     
         426         433   1.4155628586782272     
         432         433   1.4670673810529302     
         425         434   1.3717543602431361     
         434         435   1.1601791453590125     
         435         436   1.6937031716372217     
         434         437   1.3522402780024401     
         436         438   1.1656966633928794     
         437         438   1.4156276174514233     
         163         439   1.2281208143839688     
         438         439   1.2833442090690974     
         439         440   1.2797715769056126     
         440         441   1.2703674991623690     
         441         442   1.5789451973696458     
         442         443   1.2627245772668303     
         440         444   1.2515525308859679     
         443         444   1.2225705033844612     
         443         445   1.3351610693551086     
         445         446   1.0557344886917048     
         446         447   1.4154429366280890     
         447         448   1.4674869131112203     
         448         449   1.3850033795931898     
         449         450   1.0802459658654751     
         450         451   1.9444962550998419     
         449         452   1.3903610199419763     
         446         453   1.4106693811472482     
         452         453   1.4716453409263726     
         445         454   1.3713289354437668     
         454         455   1.1603828269708749     
         455         456   1.6933640585810166     
         419         457   1.2832709183931021     
         456         457   1.1658922339867608     
         454         458   1.3524373932381364     
         457         458   1.4155845893158077     
         421         459  0.99743755390394007     
         422         460  0.99779725039308242     
         424         461  0.96038119938494226     
         427         462  0.98797170834662262     
         428         463  0.98742257829757007     
         430         464  0.95347428818581792     
         432         465  0.98156339964684747     
         433         466  0.98722524465999040     
         435         467  0.99820810087237477     
         436         468  0.99850754661164265     
         441         469  0.99745606740080628     
         442         470  0.99775113249362635     
         444         471  0.96039455364835413     
         447         472  0.98742300144332373     
         448         473  0.98160736510274949     
         450         474  0.95349466083543366     
         452         475  0.98736672888162202     
         453         476  0.98779286933355048     
         455         477  0.99820066052252054     
         456         478  0.99850576339205666     
         170         479   1.2279747282777085     
         479         480   1.2803777516422441     
         480         481   1.2704866184475172     
         481         482   1.5787579113015564     
         482         483   1.2626694162393315     
         480         484   1.2510587068651851     
         483         484   1.2233920046924074     
         483         485   1.3345288555285126     
         485         486   1.0553596598510115     
         486         487   1.4108703783338961     
         487         488   1.4717966078391267     
         488         489   1.3903263807223607     
         489         490   1.0801464002679153     
         490         491   1.9447752932965943     
         489         492   1.3851659617272976     
         486         493   1.4155123479741216     
         492         493   1.4670948482622286     
         485         494   1.3717958487257929     
         494         495   1.1592499017582454     
         495         496   1.6952338015598221     
         494         497   1.3535538540470939     
         496         498   1.1645837045289338     
         497         498   1.4132012480291740     
         171         499   1.2206964155843494     
         498         499   1.2869402370987519     
         499         500   1.2830041638428091     
         500         501   1.2685287385949973     
         501         502   1.5808219205727938     
         502         503   1.2614592496461527     
         500         504   1.2506205417696798     
         503         504   1.2224564402828524     
         503         505   1.3367512423575689     
         505         506   1.0555374391922674     
         506         507   1.4156306015267044     
         507         508   1.4673999727878932     
         508         509   1.3850926711675380     
         509         510   1.0802320941325578     
         510         511   1.9445712331270177     
         509         512   1.3903876381842348     
         506         513   1.4106613171298783     
         512         513   1.4716184548806299     
         505         514   1.3700687585366707     
         514         515   1.1604638780681642     
         515         516   1.6931784793022764     
         479         517   1.2836033885562408     
         516         517   1.1660101633826347     
         514         518   1.3533435432124641     
         517         518   1.4151290061793409     
         481         519  0.99737733920722571     
         482         520  0.99774268289239787     
         484         521  0.96038989965271482     
         487         522  0.98798394944862311     
         488         523  0.98741988419684035     
         490         524  0.95343238202571201     
         492         525  0.98152434384298359     
         493         526  0.98719962338550671     
         495         527  0.99817056266623350     
         496         528  0.99842065686143333     
         501         529  0.99740460861248348     
         502         530  0.99776555601456129     
         504         531  0.96033843831390553     
         507         532  0.98739554976493515     
         508         533  0.98157866494571966     
         510         534  0.95345497760168685     
         512         535  0.98735116539807477     
         513         536  0.98777274206009447     
         515         537  0.99815256904238103     
         516         538  0.99844895965141645     
