    0.25599179
   -0.03326385
    0.05616843
   -0.04393627
   -0.03929968
    0.05460611
   -0.21515889
    0.00729760
   -0.00162449
   -0.04048163
    0.08024938
   -0.29586932
    0.06496004
   -0.30492948
    0.07186713
   -0.30467958
   -0.04679793
    0.05323593
   -0.04125597
   -0.04180166
   -0.21081989
    0.06044738
    0.00799420
    0.06081865
   -0.04113681
   -0.04004053
    0.05379654
   -0.21085456
    0.00753674
   -0.00151211
   -0.03996320
    0.08074340
   -0.29500035
    0.06488154
   -0.30487485
    0.07138888
   -0.30533246
   -0.04749290
    0.05404867
   -0.04063037
   -0.04468500
    0.05584919
   -0.21507212
    0.01403924
    0.02129210
    0.01789972
    0.02609871
    0.23006725
    0.23531371
    0.23013206
    0.02628301
    0.01753064
    0.01896149
    0.01922279
    0.01879322
    0.02690157
    0.23039383
    0.23496605
    0.22913795
    0.02520682
    0.01697809
    0.02093831
    0.25598861
   -0.03326988
    0.05616749
   -0.04393917
   -0.03930792
    0.05459847
   -0.21516023
    0.00730652
   -0.00161628
   -0.04049175
    0.08025033
   -0.29586380
    0.06495348
   -0.30493647
    0.07186529
   -0.30468426
   -0.04680920
    0.05323422
   -0.04125349
   -0.04180252
   -0.21080499
    0.06044999
    0.00799111
    0.06082413
   -0.04113296
   -0.04004135
    0.05379639
   -0.21087140
    0.00754578
   -0.00150578
   -0.03996925
    0.08073684
   -0.29500980
    0.06487503
   -0.30488299
    0.07139275
   -0.30532938
   -0.04749666
    0.05405285
   -0.04062589
   -0.04468490
    0.05585205
   -0.21507190
    0.01403696
    0.02128803
    0.01790213
    0.02610519
    0.23007187
    0.23531230
    0.23011710
    0.02627240
    0.01754789
    0.01896136
    0.01922345
    0.01879273
    0.02690811
    0.23038967
    0.23496518
    0.22914008
    0.02520658
    0.01699190
    0.02093685
   -0.02737676
   -0.03172558
   -0.02746065
   -0.02894678
   -0.02894621
   -0.02746202
   -0.03172509
   -0.02737885
