           2           3   1.3860231079470831     
           3           4   1.2033394357941802     
           4           5   1.6339894127054582     
           5           6   1.2129816860681562     
           1           7  0.71368255000972569     
           3           7   1.2571004513017259     
           6           7   1.2394305065390252     
           6           8   1.3747457821411007     
           8           9   1.0438382337209027     
           9          10   1.4173785689992913     
          10          11   1.3921447452463698     
          11          12   1.1217442835053295     
          11          13   1.3598874707782487     
          13          14   1.0857153551275855     
          13          15   1.3701783883826919     
          15          16   1.0915642270851682     
           9          17   1.4095755614564094     
          15          17   1.4000337027712375     
           8          18   1.3633978937782489     
          18          19   1.2273955981549709     
          19          20   1.6067731943235473     
           1          21  0.71340398564945406     
          18          21   1.2326512766465276     
          20          22   1.2361448234452868     
          21          22   1.2836160968145054     
          22          23   1.2814647941728361     
          23          24   1.2829188049708669     
          24          25   1.2344889169771356     
          25          26   1.6097449499383605     
          26          27   1.2259276039997926     
           1          28  0.71350135316676322     
          24          28   1.2838543268079052     
          27          28   1.2315295925904284     
          27          29   1.3662355259805592     
          29          30   1.0422094262753709     
          30          31   1.4183903755950042     
          31          32   1.3920155526049447     
          32          33   1.1226394006108440     
          32          34   1.3595153062050684     
          34          35   1.0853913492328455     
          34          36   1.3708907926731280     
          36          37   1.0906528283280739     
          30          38   1.4101283895837968     
          36          38   1.3993903010167763     
          29          39   1.3731015126578987     
          39          40   1.2138734525929533     
          40          41   1.6320623727257337     
           2          42   1.3845109662909902     
          41          42   1.2045500377111948     
           1          43  0.71371669970087803     
          39          43   1.2399085064385562     
          42          43   1.2574625740107443     
           2          44  0.99722805340990639     
           4          45  0.99434579177704741     
           5          46   1.0007151155179779     
          10          47  0.99369364540738403     
          12          48  0.96557717481784033     
          14          49  0.96288820025384936     
          16          50  0.96328581447182071     
          17          51  0.99206978428460080     
          19          52  0.99974667175907506     
          20          53  0.99935122889100725     
          25          54  0.99933621757930091     
          26          55  0.99969212922253525     
          31          56  0.99347632305993339     
          33          57  0.96538819135720233     
          35          58  0.96315824753168144     
          37          59  0.96388773808401107     
          38          60  0.99211224884242588     
          40          61   1.0008342001612134     
          41          62  0.99439084995478333     
          64          65   1.3860503498636569     
          65          66   1.2033057824138731     
          66          67   1.6340285051632020     
          67          68   1.2129633424289714     
          63          69  0.71369952234214384     
          65          69   1.2571060120326820     
          68          69   1.2393851183391942     
          68          70   1.3748845898536910     
          70          71   1.0435716460107280     
          71          72   1.4175277325164619     
          72          73   1.3920834376896907     
          73          74   1.1217635224442351     
          73          75   1.3599022115272477     
          75          76   1.0856934465977481     
          75          77   1.3702141722930965     
          77          78   1.0915613296863718     
          71          79   1.4096759466004438     
          77          79   1.3999895215099092     
          70          80   1.3634595031897823     
          80          81   1.2273907481852020     
          81          82   1.6067957698914910     
          63          83  0.71348438674177905     
          80          83   1.2325904491980535     
          82          84   1.2361261910407098     
          83          84   1.2836650162044194     
          84          85   1.2814009380258065     
          85          86   1.2829867941285760     
          86          87   1.2344757127490793     
          87          88   1.6097710991137877     
          88          89   1.2259075118414222     
          63          90  0.71343174771101370     
          86          90   1.2838410352912282     
          89          90   1.2315069979261999     
          89          91   1.3663509246806314     
          91          92   1.0420232421451512     
          92          93   1.4185004695236612     
          93          94   1.3919575087869929     
          94          95   1.1226308549913349     
          94          96   1.3595605342592030     
          96          97   1.0853752244093755     
          96          98   1.3708793243820352     
          98          99   1.0906610720970991     
          92         100   1.4101809671211618     
          98         100   1.3993847766910499     
          91         101   1.3731091419415240     
         101         102   1.2138750273483125     
         102         103   1.6320481024486344     
          64         104   1.3844859963410752     
         103         104   1.2045674757700160     
          63         105  0.71371498043531789     
         101         105   1.2398980906930979     
         104         105   1.2574652315050772     
          64         106  0.99722928054618154     
          66         107  0.99435153412347199     
          67         108   1.0007331804169102     
          72         109  0.99367604091993644     
          74         110  0.96557196987777416     
          76         111  0.96289106912837918     
          78         112  0.96329276882841375     
          79         113  0.99205667215957993     
          81         114  0.99976120366089549     
          82         115  0.99934779165858789     
          87         116  0.99934320257472986     
          88         117  0.99970370991489332     
          93         118  0.99347169278253233     
          95         119  0.96538988816950833     
          97         120  0.96315984595615223     
          99         121  0.96388142119436560     
         100         122  0.99209384653338939     
         102         123   1.0008473519799581     
         103         124  0.99438936093467167     
          23         125   1.2367938586460072     
         125         126   2.4395079259155135     
         126         127   1.3785867069673656     
         125         128  0.15878781372998721     
         127         128   2.3195230398444489     
         128         129   1.4070317031821880     
         127         130  0.15298874350705255     
         129         130   2.3195335625818529     
         130         131   1.3785692702817387     
          85         132   1.2367855893122983     
         129         132  0.15877987116562858     
         131         132   2.4395363753086725     
