    0.27766619
   -0.02533728
    0.05822720
   -0.04026766
   -0.03569283
    0.05912623
   -0.21376132
    0.01117850
    0.00343430
   -0.03793429
    0.03039628
   -0.23941486
    0.03620123
   -0.05911981
    0.05847904
   -0.03501278
   -0.03707605
   -0.21065834
    0.06359916
    0.01576699
    0.06361417
   -0.03705140
   -0.03499670
    0.05848381
   -0.21068438
    0.01119856
    0.00344068
   -0.03791750
    0.03041384
   -0.23938540
    0.03623262
   -0.05915344
    0.05913088
   -0.03568885
   -0.04026942
    0.05822448
   -0.21372332
    0.02171430
    0.02736930
    0.01998790
    0.01909905
    0.01847637
    0.02582648
    0.16754043
    0.04040256
    0.01222584
    0.02084273
    0.02491966
    0.02500702
    0.02088308
    0.01910866
    0.01849120
    0.02583074
    0.16759168
    0.04043186
    0.01222516
    0.01998624
    0.02734960
    0.27414082
   -0.02480668
    0.05831877
   -0.04013030
   -0.03560884
    0.05935263
   -0.21385454
    0.01142351
    0.00344252
   -0.03787034
    0.03036044
   -0.23936073
    0.03624007
   -0.05899965
    0.05870681
   -0.03475839
   -0.03684543
   -0.21077758
    0.06393493
    0.01602575
    0.06352217
   -0.03706698
   -0.03494878
    0.05869209
   -0.21106394
    0.01121081
    0.00340668
   -0.03792530
    0.03043085
   -0.23946319
    0.03619715
   -0.05924901
    0.05934912
   -0.03565722
   -0.04012189
    0.05829322
   -0.21380960
    0.02194609
    0.02747983
    0.02009595
    0.01915987
    0.01855613
    0.02588740
    0.16756308
    0.04058205
    0.01230345
    0.02104255
    0.02528837
    0.02467405
    0.02080794
    0.01912571
    0.01842455
    0.02590540
    0.16761662
    0.04038001
    0.01225864
    0.02002725
    0.02746613
   -0.02132617
   -0.02370202
   -0.02144747
   -0.01996185
   -0.02356960
   -0.01825330
   -0.02781198
   -0.01896000
   -0.02250072
   -0.02762480
   -0.02205663
   -0.02380483
   -0.02369661
   -0.02197585
   -0.02730882
   -0.02224838
   -0.01883201
   -0.02790978
   -0.01803305
   -0.02343598
   -0.01970282
   -0.02115948
   -0.02345947
   -0.02096149
    0.31697833
    0.00879625
    0.06304853
   -0.04004489
   -0.03611026
    0.05513718
   -0.20914643
    0.01265278
    0.00477857
   -0.03695702
    0.03079246
   -0.24001863
    0.03616149
   -0.05903899
    0.05507084
   -0.03613595
   -0.03950987
   -0.20823046
    0.06234130
    0.01015268
    0.06258204
   -0.03969398
   -0.03631038
    0.05525895
   -0.20850379
    0.01245735
    0.00384414
   -0.03676292
    0.03064460
   -0.23989071
    0.03593184
   -0.05888645
    0.05514523
   -0.03543141
   -0.03978371
    0.06281833
   -0.20872597
    0.02291313
    0.01904470
    0.02070191
    0.02542929
    0.01977670
    0.16710276
    0.03950105
    0.01225515
    0.01913473
    0.02333185
    0.02371157
    0.01972057
    0.01989511
    0.02715814
    0.01797885
    0.16690094
    0.03941710
    0.01173537
    0.01949270
    0.02264045
    0.31477683
    0.01059230
    0.06292520
   -0.03954879
   -0.03639787
    0.05529405
   -0.20868880
    0.01273330
    0.00472352
   -0.03683379
    0.03085609
   -0.23990500
    0.03615554
   -0.05925013
    0.05517450
   -0.03576459
   -0.03987819
   -0.20897218
    0.06262468
    0.00865684
    0.06274056
   -0.04010375
   -0.03601673
    0.05536534
   -0.20931359
    0.01245849
    0.00391074
   -0.03701635
    0.03065293
   -0.23969473
    0.03609935
   -0.05899098
    0.05537441
   -0.03574495
   -0.03924243
    0.06269656
   -0.20828948
    0.02346683
    0.01910282
    0.02092364
    0.02526025
    0.02013457
    0.16721021
    0.03938663
    0.01199768
    0.01917072
    0.02282038
    0.02301267
    0.01964931
    0.01963683
    0.02668023
    0.01803008
    0.16707744
    0.03964185
    0.01187515
    0.01961989
    0.02334128
