           2           3   1.3858890635516627     
           3           4   1.1978034463601752     
           4           5   1.6429753274381049     
           5           6   1.2057631800781179     
           1           7  0.59722908333707825     
           3           7   1.2744875937462135     
           6           7   1.2693852466030702     
           6           8   1.3646156704712951     
           8           9   1.0457212108756022     
           9          10   1.8020351177273424     
          10          11   1.0094242292237128     
          11          12  0.96618702272294010     
          12          13   1.1820006488575387     
           9          14   1.1188312061675600     
          13          14   1.7065184451001294     
           8          15   1.3639142267892643     
          15          16   1.2154390928082957     
          16          17   1.6258736803718628     
           1          18  0.59448243675600498     
          15          18   1.2581343437763519     
          17          19   1.2223501407739377     
          18          19   1.2993515210693516     
          19          20   1.2917865370483570     
          20          21   1.2916973955129152     
          21          22   1.2223238106016956     
          22          23   1.6259075508122478     
          23          24   1.2154407821042301     
           1          25  0.59439502178518355     
          21          25   1.2994347942980371     
          24          25   1.2580316407187646     
          24          26   1.3640295692871327     
          26          27   1.0457267150720608     
          27          28   1.8019021089531342     
          28          29   1.0094578813345421     
          29          30  0.96610378703211142     
          30          31   1.1821369539142406     
          27          32   1.1189303821849825     
          31          32   1.7063240190250395     
          26          33   1.3645111829581340     
          33          34   1.2057965628971290     
          34          35   1.6429081424857508     
           2          36   1.3858547402444759     
          35          36   1.1978564366808258     
           1          37  0.59735357992252114     
          33          37   1.2694405921214602     
          36          37   1.2744312207716300     
           2          38  0.99807865217843184     
           4          39  0.99408753038969777     
           5          40   1.0004692866998957     
          10          41  0.98702176344118864     
          11          42  0.98702502880499454     
          11          43  0.97990109700319650     
          12          44  0.95588625234228919     
          13          45  0.97970798271155579     
          14          46  0.98740001208376671     
          16          47   1.0001414575528520     
          17          48  0.99911785216361237     
          22          49  0.99910141946848907     
          23          50   1.0001131267125329     
          28          51  0.98701616786717172     
          29          52  0.98696861233395139     
          29          53  0.97989229927184573     
          30          54  0.95583778208599401     
          31          55  0.97971290863510330     
          32          56  0.98739904655747746     
          34          57   1.0004709172114112     
          35          58  0.99408875399374352     
          60          61   1.3858743897676158     
          61          62   1.1976892040728391     
          62          63   1.6431886403100329     
          63          64   1.2056881799410741     
          59          65  0.59462745793961980     
          61          65   1.2749723935252071     
          64          65   1.2706899082112977     
          64          66   1.3637885569164121     
          66          67   1.0460326567210736     
          67          68   1.8018254274935002     
          68          69   1.0093975313763044     
          69          70  0.96637370126785938     
          70          71   1.1818959111536276     
          67          72   1.1186536450471150     
          71          72   1.7068318831059743     
          66          73   1.3646951195966128     
          73          74   1.2146625050814834     
          74          75   1.6271785479327141     
          59          76  0.59256973048801065     
          73          76   1.2586996118436797     
          75          77   1.2215164156952323     
          76          77   1.2999178040114776     
          77          78   1.2916589156964178     
          78          79   1.2944398914479271     
          79          80   1.2214483255511974     
          80          81   1.6271505684266236     
          81          82   1.2145471295787884     
          59          83  0.59167884240461444     
          79          83   1.2991173734228891     
          82          83   1.2594806042896356     
          82          84   1.3643318440009844     
          84          85   1.0457988045480000     
          85          86   1.8017841784121682     
          86          87   1.0095225267911865     
          87          88  0.96602389036316649     
          88          89   1.1821296715313070     
          85          90   1.1189782066098186     
          89          90   1.7062000675236328     
          84          91   1.3640516793607063     
          91          92   1.2054033986483332     
          92          93   1.6434462989094283     
          60          94   1.3862792660212082     
          93          94   1.1975959548909254     
          59          95  0.59559179930973249     
          91          95   1.2706018250626809     
          94          95   1.2746507751121583     
          60          96  0.99809053412857962     
          62          97  0.99408572905221260     
          63          98   1.0004364884140293     
          68          99  0.98704182515650196     
          69         100  0.98711809781583360     
          69         101  0.97987438488866208     
          70         102  0.95594062198723539     
          71         103  0.97967651787541188     
          72         104  0.98737526493328676     
          74         105   1.0000532023594506     
          75         106  0.99926553153278241     
          80         107  0.99903662469188526     
          81         108   1.0001969906016466     
          86         109  0.98700898231882139     
          87         110  0.98690912509534323     
          87         111  0.97989080260005845     
          88         112  0.95579272761379208     
          89         113  0.97970221123681644     
          90         114  0.98738923353925878     
          92         115   1.0004579869131960     
          93         116  0.99406757786002653     
          20         117   1.2218809089633453     
         117         118   2.4620068905667241     
         118         119   1.3638645079540994     
         117         120  0.16494529224132007     
         119         120   2.3404086556572787     
         120         121   1.3933895696255780     
         119         122  0.15897619356290907     
         121         122   2.3380506918896176     
         122         123   1.3674398477725724     
         121         124  0.16410340959391309     
         123         124   2.4545785876937622     
         125         126   2.4419235111442492     
         126         127   1.3777472911766637     
         125         128  0.16164292170003364     
         127         128   2.3231932265174424     
         128         129   1.4055615346612069     
         127         130  0.15600653189965655     
         129         130   2.3232828633466518     
         130         131   1.3776212116836013     
         129         132  0.16168830669323520     
         131         132   2.4421990594004237     
         133         134   2.4568286719230863     
         134         135   1.3656402028253922     
         133         136  0.16455727057609318     
         135         136   2.3404322618082882     
         136         137   1.3914792726352869     
         135         138  0.15950918444872852     
         137         138   2.3428908907552470     
         138         139   1.3620716970007665     
          78         140   1.2197787377911846     
         137         140  0.16553745933402661     
         139         140   2.4643998370491413     
         124         142   1.2277293885929159     
         142         143   1.2833407684565468     
         143         144   1.2273525787232218     
         144         145   1.6187376583174213     
         145         146   1.2194885005526297     
         141         147  0.61765329115222323     
         143         147   1.2986209349110232     
         146         147   1.2446232331210061     
         146         148   1.3687694202771243     
         148         149   1.0451469971582372     
         149         150   1.8006822189847418     
         150         151   1.0092075280588406     
         151         152  0.96743996437480584     
         152         153   1.1802452674403321     
         149         154   1.1198304715820113     
         153         154   1.7052448677351864     
         148         155   1.3607234577782290     
         155         156   1.2237333490295048     
         156         157   1.6141928490471371     
         141         158  0.61801680742687859     
         155         158   1.2473148468137749     
         157         159   1.2304316875298904     
         158         159   1.2986007610360562     
         125         160   1.2382929765543633     
         159         160   1.2795110698320733     
         160         161   1.2785208756192996     
         161         162   1.2311998005334737     
         162         163   1.6140211345629178     
         163         164   1.2226215297342617     
         141         165  0.61722469602990959     
         161         165   1.2993740779944407     
         164         165   1.2467334675019861     
         164         166   1.3625172301089719     
         166         167   1.0470679461193280     
         167         168   1.8014463252440471     
         168         169   1.0097468811369730     
         169         170  0.96616324764518935     
         170         171   1.1815896426085690     
         167         172   1.1186548097130571     
         171         172   1.7072283088251874     
         166         173   1.3654602552983459     
         173         174   1.2208739240281326     
         174         175   1.6182918934820720     
         142         176   1.2841827311450524     
         175         176   1.2269836469224442     
         141         177  0.61875195777029390     
         173         177   1.2457150984815142     
         176         177   1.2976497153546120     
         144         178  0.99940452398225332     
         145         179   1.0007773346025923     
         150         180  0.98607632418205748     
         151         181  0.97752966586580958     
         151         182  0.98738246072724611     
         152         183  0.95612278221389813     
         153         184  0.97978816242667888     
         154         185  0.98805495820961764     
         156         186  0.99974168290439647     
         157         187  0.99943863344436801     
         162         188  0.99938467588206448     
         163         189   1.0000008809133492     
         168         190  0.98715393602104173     
         169         191  0.97957022690546658     
         169         192  0.98722681274492841     
         170         193  0.95627983189433730     
         171         194  0.97989259840213694     
         172         195  0.98763780878990537     
         174         196   1.0006924271704802     
         175         197  0.99929770655133410     
         132         199   1.2378680938671156     
         199         200   1.2785863690215657     
         200         201   1.2300951012798476     
         201         202   1.6154852556114356     
         202         203   1.2215897174583625     
         198         204  0.61565208680879069     
         200         204   1.3004589038998549     
         203         204   1.2459745183399491     
         203         205   1.3648125151141146     
         205         206   1.0449977865750781     
         206         207   1.8008417262588949     
         207         208   1.0092767308291635     
         208         209  0.96720273098336151     
         209         210   1.1806244827791086     
         206         211   1.1198519682157415     
         210         211   1.7048282086018918     
         205         212   1.3648780683558350     
         212         213   1.2210387699327370     
         213         214   1.6184144771835283     
         198         215  0.61703144077364613     
         212         215   1.2468653986295992     
         214         216   1.2269279472712680     
         215         216   1.2975232295417944     
         133         217   1.2260814403389835     
         216         217   1.2847822222310890     
         217         218   1.2846700919682912     
         218         219   1.2274890718189975     
         219         220   1.6183948326007263     
         220         221   1.2198476910497311     
         198         222  0.61605503103937675     
         218         222   1.2980515742783914     
         221         222   1.2464573472195775     
         221         223   1.3667908502077206     
         223         224   1.0463255522569606     
         224         225   1.8018650496122126     
         225         226   1.0096281209580424     
         226         227  0.96599641109792167     
         227         228   1.1819689561701332     
         224         229   1.1188953292000727     
         228         229   1.7066295359999206     
         223         230   1.3616896687430518     
         230         231   1.2226937094277155     
         231         232   1.6154866383880466     
         199         233   1.2799844709761565     
         232         233   1.2293561506263375     
         198         234  0.61701483338415541     
         230         234   1.2472081163724660     
         233         234   1.2990648590666616     
         201         235  0.99934536434838706     
         202         236   1.0006755799788996     
         207         237  0.98605681476193008     
         208         238  0.97758424331707838     
         208         239  0.98720569743184250     
         209         240  0.95600618672337234     
         210         241  0.97982371781112165     
         211         242  0.98804777127318955     
         213         243  0.99982288657132490     
         214         244  0.99945428198608743     
         219         245  0.99939642450395993     
         220         246   1.0001455668893919     
         225         247  0.98710902146526680     
         226         248  0.97970480343216426     
         226         249  0.98706687636770829     
         227         250  0.95608096830605660     
         228         251  0.97984943956545345     
         229         252  0.98758734820032090     
         231         253   1.0006193617390939     
         232         254  0.99930585735979416     
