    0.26291959
   -0.03146857
    0.05651116
   -0.04290532
   -0.03963836
    0.05549090
   -0.21679463
    0.00570494
    0.05419735
   -0.04058942
   -0.04052254
   -0.21277975
    0.06142625
    0.00970712
    0.06129150
   -0.04060961
   -0.04067027
    0.05420450
    0.00565387
    0.01661313
   -0.01795905
   -0.01401633
    0.00301515
    0.23152709
   -0.28256465
   -0.33545725
   -0.01574194
   -0.01825398
    0.05556840
   -0.03954240
   -0.04283489
    0.05649550
   -0.21665904
   -0.21291859
    0.01674374
   -0.01793675
   -0.01393311
    0.00304499
    0.23156655
   -0.28261733
   -0.33532546
   -0.01571174
   -0.01829808
    0.01718380
    0.02398731
    0.01798437
    0.01836254
    0.02212927
    0.02206532
    0.01822997
    0.02628354
    0.04010383
    0.23865621
    0.04191361
    0.02656052
    0.01794639
    0.02402321
    0.02641230
    0.04018783
    0.23866330
    0.04187565
    0.02654239
    0.26298543
   -0.03146688
    0.05650641
   -0.04291092
   -0.03965032
    0.05547982
   -0.21678483
    0.00569915
    0.05419906
   -0.04059009
   -0.04051388
   -0.21279096
    0.06143430
    0.00970863
    0.06126782
   -0.04061946
   -0.04067644
    0.05420287
    0.00563902
    0.01659167
   -0.01796645
   -0.01402975
    0.00300411
    0.23152636
   -0.28257671
   -0.33546400
   -0.01575178
   -0.01825081
    0.05557916
   -0.03953766
   -0.04283071
    0.05648803
   -0.21666222
   -0.21290031
    0.01676050
   -0.01793583
   -0.01392351
    0.00304446
    0.23160012
   -0.28263885
   -0.33528078
   -0.01571069
   -0.01830098
    0.01718559
    0.02398221
    0.01798852
    0.01837061
    0.02213440
    0.02205688
    0.01821502
    0.02626295
    0.04009158
    0.23864715
    0.04191251
    0.02654992
    0.01794131
    0.02402511
    0.02643015
    0.04019617
    0.23866297
    0.04187241
    0.02654365
   -0.02731293
   -0.02731418
   -0.03073510
   -0.02699081
   -0.03073434
   -0.02699041
