   -0.03913448
    0.05662721
   -0.04626368
   -0.04067565
    0.05367685
   -0.16592555
    0.00286267
   -0.00128538
   -0.02283631
   -0.04324585
    0.08371603
   -0.30229134
   -0.03752464
   -0.02355588
    0.05066119
   -0.04449048
   -0.04470473
   -0.29287664
    0.05983214
    0.00458242
    0.06120744
   -0.04218195
   -0.04130944
    0.05335195
   -0.16173717
    0.00043113
   -0.00146689
   -0.02282554
   -0.03689016
    0.08335883
   -0.30239608
   -0.04427844
   -0.02408110
    0.05245601
   -0.04429879
   -0.04812346
    0.05343142
   -0.29856207
    0.01257857
    0.02456109
    0.01829637
    0.15831778
    0.02265761
    0.03188619
    0.22235517
    0.03153489
    0.02217941
    0.01048403
    0.01434126
    0.02365034
    0.01929760
    0.15638592
    0.02349103
    0.03258106
    0.22150715
    0.03016313
    0.02082917
    0.00921230
    0.01554484
   -0.03913692
    0.05662908
   -0.04626300
   -0.04067496
    0.05367886
   -0.16592307
    0.00285930
   -0.00128646
   -0.02283319
   -0.04324363
    0.08371535
   -0.30229177
   -0.03752613
   -0.02355756
    0.05066311
   -0.04449123
   -0.04470301
   -0.29287610
    0.05982934
    0.00458227
    0.06120741
   -0.04218582
   -0.04130940
    0.05334901
   -0.16173065
    0.00043570
   -0.00146703
   -0.02282790
   -0.03689143
    0.08335834
   -0.30239617
   -0.04427695
   -0.02407886
    0.05245184
   -0.04429536
   -0.04812291
    0.05343365
   -0.29856295
    0.01257863
    0.02456105
    0.01829693
    0.15831305
    0.02265867
    0.03188775
    0.22235424
    0.03153424
    0.02217820
    0.01048265
    0.01434292
    0.02364936
    0.01929923
    0.15638073
    0.02348917
    0.03258065
    0.22150708
    0.03016438
    0.02083053
    0.00921200
    0.01554595
   -0.03415385
   -0.03096407
   -0.03414214
   -0.03096146
