           2           3   1.3911355293633396     
           3           4   1.2015179454990612     
           4           5   1.6413196594464523     
           5           6   1.2097919128984094     
           1           7  0.71253884654867705     
           3           7   1.2552796474816321     
           6           7   1.2483004905672712     
           6           8   1.3722498195382449     
           8           9   1.0420589217745813     
           9          10   1.4173178279570495     
          10          11   1.3911453218464211     
          11          12   1.1248048064540901     
          11          13   1.3587853762841584     
          13          14   1.0891975245020165     
          13          15   1.3697570630930618     
          15          16   1.0940829153409428     
           9          17   1.4093392047721669     
          15          17   1.3986068817978716     
           8          18   1.3693695710612424     
          18          19   1.2198403065190839     
          19          20   1.6217587487543521     
           1          21  0.71207557669704236     
          18          21   1.2395717105272839     
          20          22   1.2280476853170417     
          21          22   1.2792991878046949     
          22          23   1.2967241675460595     
          23          24   1.2970044269196652     
          24          25   1.2276424002964317     
          25          26   1.6224206763372724     
          26          27   1.2193085516601161     
           1          28  0.71186410761463759     
          24          28   1.2796000179919291     
          27          28   1.2387867591990736     
          27          29   1.3700569731193428     
          29          30   1.0464002627263156     
          30          31   1.4152646827046205     
          31          32   1.3921500817709116     
          32          33   1.1253414535877395     
          32          34   1.3579391363714517     
          34          35   1.0895956026704132     
          34          36   1.3696711613777957     
          36          37   1.0930510997564771     
          30          38   1.4073495484845460     
          36          38   1.3996439030946399     
          29          39   1.3686992747079152     
          39          40   1.2112663746223129     
          40          41   1.6385392856430381     
           2          42   1.3902240644735069     
          41          42   1.2027533159339070     
           1          43  0.71202927748294842     
          39          43   1.2499297718619939     
          42          43   1.2547987291351088     
           2          44  0.99644238835510457     
           4          45  0.99302414079109713     
           5          46  0.99982517121703407     
          10          47  0.99290254420529322     
          12          48  0.96372344987928549     
          14          49  0.96128121810189371     
          16          50  0.96236790983216780     
          17          51  0.99178581542199096     
          19          52  0.99889080282179787     
          20          53  0.99820415001794971     
          25          54  0.99808332193948734     
          26          55  0.99868828585579128     
          31          56  0.99297720464298744     
          33          57  0.96363428943814378     
          35          58  0.96141705049102877     
          37          59  0.96275710764712796     
          38          60  0.99198387380884412     
          40          61  0.99980909668646900     
          41          62  0.99303495313013279     
          64          65   1.3912768696231992     
          65          66   1.2015254610327537     
          66          67   1.6413540750328572     
          67          68   1.2097962042474784     
          63          69  0.71225409158314701     
          65          69   1.2552777019790728     
          68          69   1.2486523312755555     
          68          70   1.3720990441219616     
          70          71   1.0419896350350317     
          71          72   1.4173895678157642     
          72          73   1.3911437350076545     
          73          74   1.1248306584019625     
          73          75   1.3587971902148590     
          75          76   1.0890889394357066     
          75          77   1.3698598576577430     
          77          78   1.0939289304850164     
          71          79   1.4093393274499963     
          77          79   1.3986514427771806     
          70          80   1.3696332403903364     
          80          81   1.2195852297610916     
          81          82   1.6221498857921357     
          63          83  0.71186259769067850     
          80          83   1.2397697463551722     
          82          84   1.2278236208709230     
          83          84   1.2793007136521961     
          84          85   1.2971333155417815     
          85          86   1.2974280107589327     
          86          87   1.2273293361540283     
          87          88   1.6229611176233600     
          88          89   1.2190357076325755     
          63          90  0.71185663099169660     
          86          90   1.2796133593821084     
          89          90   1.2389547829643464     
          89          91   1.3703565059794358     
          91          92   1.0461997549408728     
          92          93   1.4152404121395512     
          93          94   1.3920746654944136     
          94          95   1.1255863616228767     
          94          96   1.3577806467774638     
          96          97   1.0898826991081318     
          96          98   1.3696473347836926     
          98          99   1.0931603987797558     
          92         100   1.4074397843494959     
          98         100   1.3995007792152991     
          91         101   1.3686686976268450     
         101         102   1.2112339584697833     
         102         103   1.6387142059581639     
          64         104   1.3903648568066302     
         103         104   1.2027151537355012     
          63         105  0.71191571257472219     
         101         105   1.2501990943583512     
         104         105   1.2548491108043092     
          64         106  0.99644723586124884     
          66         107  0.99301380863771660     
          67         108  0.99983131880264853     
          72         109  0.99286652320661617     
          74         110  0.96373022476426817     
          76         111  0.96134742436819343     
          78         112  0.96242818853283829     
          79         113  0.99178137819169387     
          81         114  0.99886920112459920     
          82         115  0.99813844191072443     
          87         116  0.99802684184613788     
          88         117  0.99862958330342377     
          93         118  0.99297850147621802     
          95         119  0.96349865779330279     
          97         120  0.96132572219724277     
          99         121  0.96274715511783460     
         100         122  0.99196066989099929     
         102         123  0.99980433052189799     
         103         124  0.99301189298941883     
         125         126   2.3734408155099138     
         126         127   1.3568184803769521     
          23         128   1.2208427383577833     
         125         128  0.16939933337310825     
         127         128   2.4733973463028285     
         125         129   1.3583424015306393     
         126         130  0.16916965473338619     
         129         130   2.4695505100403707     
         131         132   2.3719667319947910     
         132         133   1.3586169328577973     
         131         134  0.16897515368716459     
         133         134   2.4693037701169569     
         131         135   1.3585982917564416     
         132         136  0.16898686104102761     
         135         136   2.4693449885901617     
         137         138   2.3739783261742105     
         138         139   1.3580470576967809     
         137         140  0.16936581298793346     
         139         140   2.4701673492868426     
         137         141   1.3565357338349648     
          85         142   1.2204485812338444     
         138         142  0.16961117223078201     
         141         142   2.4740040079862156     
         130         144   1.2249203783889233     
         144         145   1.2913335182490364     
         145         146   1.2310272869897305     
         146         147   1.6167722619856451     
         147         148   1.2236386893432813     
         143         149  0.71043246133236282     
         145         149   1.2798831825253254     
         148         149   1.2367265196776451     
         148         150   1.3666830331691990     
         150         151   1.0519238046579407     
         151         152   1.4124904241688074     
         152         153   1.3944162335127348     
         153         154   1.1165383108695670     
         153         155   1.3540363679504934     
         155         156   1.1155905746435208     
         155         157   1.3580714294254979     
         157         158   1.0898185004854779     
         151         159   1.4033147437400137     
         157         159   1.4076853793759114     
         150         160   1.3682784477852505     
         160         161   1.2229861263619448     
         161         162   1.6175394925671465     
         143         163  0.71054851821451559     
         160         163   1.2356720295336097     
         162         164   1.2309540084562758     
         163         164   1.2812165524433381     
         134         165   1.2247676398798666     
         164         165   1.2909148334789726     
         165         166   1.2939204150277099     
         166         167   1.2292167797339109     
         167         168   1.6196660139940355     
         168         169   1.2218049513320908     
         143         170  0.71157963212070485     
         166         170   1.2791976514795391     
         169         170   1.2366794415551576     
         169         171   1.3681840830791241     
         171         172   1.0489643022513726     
         172         173   1.4136483934500494     
         173         174   1.3901594911076642     
         174         175   1.1320354020912524     
         174         176   1.3641944274849345     
         176         177   1.0520915983100441     
         176         178   1.3782174888728349     
         178         179   1.1103263729370334     
         172         180   1.4146294852195942     
         178         180   1.3909572848714922     
         171         181   1.3694575164855367     
         181         182   1.2217672216484965     
         182         183   1.6192479922550327     
         144         184   1.2924818881583608     
         183         184   1.2295727598829969     
         143         185  0.71076642574290938     
         181         185   1.2354761232662059     
         184         185   1.2803082620737549     
         146         186  0.99856145596632861     
         147         187  0.99942129851159989     
         152         188  0.99309551284158082     
         154         189  0.96416371262168354     
         156         190  0.96183044178210031     
         158         191  0.96187509693297446     
         159         192  0.99240549091301211     
         161         193  0.99917668497102496     
         162         194  0.99838620553558588     
         167         195  0.99840253282594738     
         168         196  0.99910728258776782     
         173         197  0.99259847331177997     
         175         198  0.96284388135768506     
         177         199  0.96086312609413960     
         179         200  0.96697914255831918     
         180         201  0.99255452071446260     
         182         202  0.99933943784644708     
         183         203  0.99854920147410142     
         136         205   1.2247457512881259     
         205         206   1.2922406602910792     
         206         207   1.2308133017399132     
         207         208   1.6172279256585220     
         208         209   1.2235217429675014     
         204         210  0.71076507852461102     
         206         210   1.2795756021818485     
         209         210   1.2373902171587237     
         209         211   1.3661575389550842     
         211         212   1.0519544167223789     
         212         213   1.4122754113704186     
         213         214   1.3944371254764663     
         214         215   1.1163723509071386     
         214         216   1.3540018116324894     
         216         217   1.1157855776154413     
         216         218   1.3579648257428545     
         218         219   1.0901489486025417     
         212         220   1.4034202377814622     
         218         220   1.4076437261738037     
         211         221   1.3688612999803127     
         221         222   1.2227146210933508     
         222         223   1.6178580509500486     
         204         224  0.71023927919162133     
         221         224   1.2355596945718228     
         223         225   1.2306588949526986     
         224         225   1.2812478446943691     
         140         226   1.2245190612241070     
         225         226   1.2910681689629249     
         226         227   1.2935310631819945     
         227         228   1.2291406222568197     
         228         229   1.6196333108848902     
         229         230   1.2217558213695310     
         204         231  0.71108751614423382     
         227         231   1.2793378372740172     
         230         231   1.2365536520959801     
         230         232   1.3685713751476094     
         232         233   1.0486796225805117     
         233         234   1.4135949047959653     
         234         235   1.3901877432365652     
         235         236   1.1319844943585791     
         235         237   1.3640476243889017     
         237         238   1.0523543178363728     
         237         239   1.3783172587605030     
         239         240   1.1101600548969794     
         233         241   1.4148637705801648     
         239         241   1.3909277255140298     
         232         242   1.3692951257856973     
         242         243   1.2217035747677654     
         243         244   1.6194877979702602     
         205         245   1.2927315605274567     
         244         245   1.2295675978074647     
         204         246  0.71097461270925799     
         242         246   1.2356821773655868     
         245         246   1.2804311987154269     
         207         247  0.99841169060101764     
         208         248  0.99929918087629233     
         213         249  0.99312058529629288     
         215         250  0.96430205678495018     
         217         251  0.96169284663658539     
         219         252  0.96170115765531294     
         220         253  0.99237105736026565     
         222         254  0.99923639078088633     
         223         255  0.99843267343061548     
         228         256  0.99853987664321475     
         229         257  0.99921277130871089     
         234         258  0.99259624423849580     
         236         259  0.96284481097093022     
         238         260  0.96078678039018162     
         240         261  0.96700286328692564     
         241         262  0.99252913339916271     
         243         263  0.99923702825449856     
         244         264  0.99840364657634950     
