    0.24844811
   -0.03681574
    0.05461605
   -0.04700933
   -0.04061608
    0.05336946
   -0.21628508
    0.00667409
    0.00472823
   -0.03869598
    0.03045177
   -0.24162732
    0.03453701
   -0.05691160
    0.05263260
   -0.04054634
   -0.04218045
   -0.21137797
    0.05968022
    0.00638328
    0.05958362
   -0.04223742
   -0.04055985
    0.05256544
   -0.21135278
    0.00661658
    0.00469276
   -0.03877835
    0.03041619
   -0.24175385
    0.03452110
   -0.05678938
    0.05343876
   -0.04054906
   -0.04696392
    0.05462193
   -0.21636122
    0.00956785
    0.01637681
    0.01013534
    0.01355606
    0.01378619
    0.02157336
    0.16287078
    0.03578656
    0.00792085
    0.01090757
    0.01538004
    0.01532061
    0.01077649
    0.01338517
    0.01361281
    0.02163980
    0.16282447
    0.03584576
    0.00809487
    0.01022171
    0.01639779
    0.24845020
   -0.03681528
    0.05461555
   -0.04700687
   -0.04061438
    0.05337333
   -0.21629010
    0.00667002
    0.00472735
   -0.03869500
    0.03045042
   -0.24163044
    0.03453499
   -0.05690775
    0.05263674
   -0.04054480
   -0.04217386
   -0.21138528
    0.05967592
    0.00638153
    0.05958592
   -0.04224063
   -0.04056109
    0.05256387
   -0.21134843
    0.00661918
    0.00469269
   -0.03877701
    0.03041598
   -0.24175526
    0.03452193
   -0.05679059
    0.05343834
   -0.04055034
   -0.04696464
    0.05462265
   -0.21635148
    0.00956802
    0.01637808
    0.01013724
    0.01355502
    0.01378511
    0.02157520
    0.16286773
    0.03578708
    0.00792358
    0.01090664
    0.01538245
    0.01532347
    0.01077710
    0.01338694
    0.01361422
    0.02164039
    0.16282728
    0.03584559
    0.00809471
    0.01022156
    0.01639807
   -0.03459238
   -0.03198475
   -0.03457357
   -0.03197069
