   -0.08197194
   -0.01869989
    0.06058587
   -0.04155563
   -0.04041741
    0.06242961
   -0.17309938
    0.01062106
    0.01913606
   -0.01711537
   -0.01126343
   -0.01024440
    0.14359104
   -0.30315367
   -0.01728212
   -0.01849623
    0.06212453
   -0.03831074
   -0.03818720
   -0.17064133
    0.06727526
    0.02151353
    0.06699593
   -0.03819110
   -0.03832370
    0.06215346
   -0.17076667
    0.01000934
    0.01872799
   -0.01851165
   -0.01759254
   -0.01028649
    0.14337832
   -0.30324977
   -0.01128825
   -0.01681139
    0.06265357
   -0.04019342
   -0.04138870
    0.06061990
   -0.17301320
    0.02404810
    0.02624618
    0.01927873
    0.02885631
    0.03694443
    0.03543993
    0.03841392
    0.02696518
    0.02210047
    0.02565760
    0.02542033
    0.02145984
    0.02668142
    0.03808974
    0.03507619
    0.03717954
    0.02907330
    0.01893438
    0.02633600
   -0.08197008
   -0.01869902
    0.06058446
   -0.04155588
   -0.04041904
    0.06243200
   -0.17310183
    0.01061873
    0.01913290
   -0.01711264
   -0.01126504
   -0.01024565
    0.14358850
   -0.30315585
   -0.01728401
   -0.01849979
    0.06212410
   -0.03830961
   -0.03818816
   -0.17063717
    0.06727345
    0.02151516
    0.06699898
   -0.03819098
   -0.03832363
    0.06215345
   -0.17077276
    0.01000873
    0.01872640
   -0.01851024
   -0.01759433
   -0.01028786
    0.14337651
   -0.30325176
   -0.01128878
   -0.01681200
    0.06265174
   -0.04019209
   -0.04138821
    0.06061893
   -0.17300723
    0.02404907
    0.02624614
    0.01927820
    0.02885600
    0.03694342
    0.03543925
    0.03841284
    0.02695950
    0.02209828
    0.02566570
    0.02541313
    0.02146089
    0.02668293
    0.03808877
    0.03508384
    0.03717895
    0.02906931
    0.01893131
    0.02633527
   -0.01697019
   -0.01697236
   -0.02147526
   -0.01550122
   -0.02147740
   -0.01549884
