   -0.02867867
    0.05992812
   -0.03933165
   -0.03663550
    0.05926462
   -0.16102303
    0.00537927
    0.05688982
   -0.03979030
   -0.03887100
   -0.28810892
    0.06342341
    0.01304512
    0.06427959
   -0.03624448
   -0.03663052
    0.05892828
    0.00356076
    0.01544321
   -0.01802175
   -0.01312010
    0.00389809
    0.23207449
   -0.28222812
   -0.33287989
   -0.01547736
   -0.01857692
    0.05806358
   -0.04036198
   -0.04217837
    0.05713235
   -0.29193033
   -0.15840452
    0.01578835
   -0.01936125
   -0.01564510
    0.00435962
    0.23236174
   -0.28205167
   -0.33216336
   -0.01233485
   -0.01660372
    0.02310555
    0.03427607
    0.02658951
    0.16249986
    0.01934219
    0.02271623
    0.03137224
    0.02778290
    0.03038938
    0.04327256
    0.24027312
    0.04317986
    0.02823618
    0.01765632
    0.02512698
    0.16072669
    0.02884743
    0.04326886
    0.24056746
    0.04411480
    0.03077591
   -0.02852485
    0.05981733
   -0.03935038
   -0.03677456
    0.05934421
   -0.16102612
    0.00497514
    0.05696295
   -0.03979165
   -0.03884535
   -0.28819238
    0.06328813
    0.01321125
    0.06399581
   -0.03634812
   -0.03677645
    0.05894900
    0.00323745
    0.01530651
   -0.01808625
   -0.01325346
    0.00378307
    0.23196423
   -0.28222862
   -0.33319391
   -0.01553845
   -0.01866948
    0.05816658
   -0.04035068
   -0.04212442
    0.05709111
   -0.29198710
   -0.15844129
    0.01569316
   -0.01935649
   -0.01562642
    0.00430408
    0.23231296
   -0.28201577
   -0.33239509
   -0.01249065
   -0.01669390
    0.02318909
    0.03426903
    0.02649813
    0.16245232
    0.01933759
    0.02293069
    0.03136797
    0.02765616
    0.03037064
    0.04310102
    0.24023475
    0.04312655
    0.02804699
    0.01768873
    0.02517678
    0.16066494
    0.02889206
    0.04333742
    0.24057788
    0.04382774
    0.03040095
   -0.02417138
   -0.02478141
   -0.02713545
   -0.02181700
   -0.02721970
   -0.02161123
   -0.02403725
   -0.02474574
    0.00922969
    0.06417205
   -0.03831073
   -0.03676215
    0.05729591
   -0.15823183
    0.00729541
    0.05554862
   -0.04049121
   -0.04091728
   -0.28855838
    0.06260265
    0.00909169
    0.06403384
   -0.03853323
   -0.03696458
    0.05717122
    0.00743411
    0.01643579
   -0.01645027
   -0.01253432
    0.00426061
    0.23229938
   -0.28205340
   -0.33288983
   -0.01532761
   -0.01854433
    0.05566764
   -0.04026372
   -0.04070129
    0.06282386
   -0.28849681
   -0.15822951
    0.01643929
   -0.01755234
   -0.01301357
    0.00427752
    0.23230253
   -0.28172408
   -0.33326346
   -0.01486987
   -0.01742114
    0.02907537
    0.02629222
    0.16092953
    0.01738811
    0.02028158
    0.02893192
    0.02599155
    0.03013795
    0.04316984
    0.24002885
    0.04341420
    0.02960281
    0.01773479
    0.02033641
    0.16095581
    0.03036315
    0.04277934
    0.24012498
    0.04370815
    0.02918336
