           1           2   1.3729158476293621     
           2           3   1.2406060805880836     
           3           4   1.5977739891054943     
           4           5   1.2526125848624874     
           2           6   1.2296420869670825     
           5           6   1.2285336364779262     
           5           7   1.3431623116489562     
           7           8   1.0536717914843230     
           8           9   1.4079150607829991     
           9          10   1.4668729644318284     
          10          11   1.3755570127235046     
          11          12   1.1497520658637559     
          11          13   1.3765222594942266     
           8          14   1.4086215387059227     
          13          14   1.4646915273585173     
           7          15   1.3642354594576820     
          15          16   1.1644338517722728     
          16          17   1.6900037550968030     
          15          18   1.3592665968421609     
          17          19   1.1687555290898071     
          18          19   1.4114697689625977     
          19          20   1.2939849709561575     
          20          21   1.2941902573766342     
          21          22   1.2675726828250078     
          22          23   1.5846951758529897     
          23          24   1.2594656116830898     
          21          25   1.2487414238762398     
          24          25   1.2244743164834313     
          24          26   1.3437272954773731     
          26          27   1.0552305280287728     
          27          28   1.4074970784303606     
          28          29   1.4664578911232906     
          29          30   1.3757438078490876     
          30          31   1.1493462463301902     
          30          32   1.3763256049660233     
          27          33   1.4076905635730317     
          32          33   1.4655632583887950     
          26          34   1.3560930171695382     
          34          35   1.1554510690386299     
          35          36   1.7045509919787099     
           1          37   1.3833732658333113     
          36          37   1.1484486964851253     
          34          38   1.3811364862467792     
          37          38   1.3751044874816714     
           1          39  0.99631778081523947     
           3          40  0.99317309508630736     
           4          41  0.99946525536546005     
           6          42  0.96150082588380137     
           9          43  0.98989811681724760     
          10          44  0.98892691755773465     
          12          45  0.97114807421691252     
          12          46  0.97065640041202028     
          13          47  0.98920714312591784     
          14          48  0.98949669872610768     
          16          49  0.99912912542441445     
          17          50  0.99943306353560690     
          22          51  0.99855246168181711     
          23          52  0.99865005251319328     
          25          53  0.96106216970161673     
          28          54  0.98992292958037031     
          29          55  0.98916100731814782     
          31          56  0.97111003751125635     
          31          57  0.97113389735490740     
          32          58  0.98898589666814951     
          33          59  0.98946801698273557     
          35          60   1.0001359476671590     
          36          61  0.99370728343271786     
          62          63   1.3724308815813722     
          63          64   1.2410856721795698     
          64          65   1.5969900758674263     
          65          66   1.2533119233918149     
          63          67   1.2296403906720721     
          66          67   1.2286651258157923     
          66          68   1.3418903033270213     
          68          69   1.0563337628385390     
          69          70   1.4067623431995588     
          70          71   1.4672685988984076     
          71          72   1.3753341485504089     
          72          73   1.1498657288099445     
          72          74   1.3761403882261984     
          69          75   1.4074458188821404     
          74          75   1.4654400516293549     
          68          76   1.3634318543374244     
          76          77   1.1651739364198117     
          77          78   1.6880839016852573     
          76          79   1.3586260760407984     
          78          80   1.1694596507509898     
          79          80   1.4129867539101277     
          80          81   1.2911071000709307     
          81          82   1.2917266725364400     
          82          83   1.2684342187990985     
          83          84   1.5829526076003548     
          84          85   1.2603345156111607     
          82          86   1.2496772676208798     
          85          86   1.2241851075084480     
          85          87   1.3427368705029945     
          87          88   1.0571156034672522     
          88          89   1.4067248549325448     
          89          90   1.4669389660614822     
          90          91   1.3754390880998506     
          91          92   1.1496010429597501     
          91          93   1.3759959399256556     
          88          94   1.4067154013883210     
          93          94   1.4659327515701768     
          87          95   1.3554338942368969     
          95          96   1.1558176442313328     
          96          97   1.7041472604423020     
          62          98   1.3833449224609249     
          97          98   1.1486374107248589     
          95          99   1.3811620145261787     
          98          99   1.3749605944727399     
          62         100  0.99632986851076144     
          64         101  0.99322368551463280     
          65         102  0.99946681512838087     
          67         103  0.96157892036434156     
          70         104  0.98965647138334090     
          71         105  0.98893827147801783     
          73         106  0.97112239317038318     
          73         107  0.97068051412211487     
          74         108  0.98924530264997013     
          75         109  0.98958021549029707     
          77         110  0.99890282756009752     
          78         111  0.99978612828034530     
          83         112  0.99892775609965190     
          84         113  0.99835035904792402     
          86         114  0.96093843080586139     
          89         115  0.98999890954787118     
          90         116  0.98918945416882009     
          92         117  0.97097495940642731     
          92         118  0.97111443663893005     
          93         119  0.98902213553183282     
          94         120  0.98922011504704188     
          96         121   1.0001489181096974     
          97         122  0.99375488668295575     
          20         123   1.2037468077149984     
         123         124   2.6195586564287456     
         125         126   2.6013700777995834     
         127         128   2.5992438549668213     
         129         130   2.6001465802912933     
         131         132   2.6001353212116860     
         133         134   2.5993452947154605     
         135         136   2.6010490347982036     
          81         138   1.2088351000738538     
         137         138   2.6155255485995084     
         124         139   1.2063229729257703     
         139         140   1.2880847445953196     
         140         141   1.2715043382350777     
         141         142   1.5781779191174050     
         142         143   1.2651073460851945     
         140         144   1.2509673962133654     
         143         144   1.2229544439355162     
         143         145   1.3382031953059526     
         145         146   1.0569108065480470     
         146         147   1.4066729965108162     
         147         148   1.4674337261720736     
         148         149   1.3752513762593419     
         149         150   1.1497481464065260     
         149         151   1.3761651316091428     
         146         152   1.4077897821061556     
         151         152   1.4656279364697582     
         145         153   1.3677879853592834     
         153         154   1.1662106200772080     
         154         155   1.6854025467697713     
         153         156   1.3553602915192717     
         155         157   1.1728618748723412     
         156         157   1.4169229498226392     
         125         158   1.2235754127308314     
         157         158   1.2835396928762552     
         158         159   1.2816352892082044     
         159         160   1.2761001357033077     
         160         161   1.5739701092107250     
         161         162   1.2676302438681673     
         159         163   1.2517145299023100     
         162         163   1.2255156054369900     
         162         164   1.3328314749526826     
         164         165   1.0568755005805028     
         165         166   1.4069589246730541     
         166         167   1.4660749302555915     
         167         168   1.3759892729572760     
         168         169   1.1494574363896177     
         168         170   1.3756725364281233     
         165         171   1.4075252163983358     
         170         171   1.4668434714676322     
         164         172   1.3724437222783357     
         172         173   1.1640389076005471     
         173         174   1.6896139530684382     
         139         175   1.2904125136690772     
         174         175   1.1697654123318304     
         172         176   1.3544850072033392     
         175         176   1.4146996312059004     
         141         177  0.99896437478546585     
         142         178  0.99947974401944839     
         144         179  0.96267584474791845     
         147         180  0.98982916257346809     
         148         181  0.98895982028910279     
         150         182  0.97084711907639476     
         150         183  0.97121205123057297     
         151         184  0.98922185737235779     
         152         185  0.98976270202837335     
         154         186  0.99977257403905717     
         155         187  0.99942644429548100     
         160         188  0.99853506942594172     
         161         189  0.99929877909678122     
         163         190  0.96276908113725945     
         166         191  0.98937982347032416     
         167         192  0.98905149668019021     
         169         193  0.97106361292281662     
         169         194  0.97123280160544379     
         170         195  0.98915357717062879     
         171         196  0.99018517397366279     
         173         197  0.99991353363291935     
         174         198  0.99961665756968987     
         126         199   1.2240392656619363     
         199         200   1.2796728792504992     
         200         201   1.2767108583498621     
         201         202   1.5727438757641139     
         202         203   1.2685983372232286     
         200         204   1.2529267380381681     
         203         204   1.2237594418846198     
         203         205   1.3334170346007950     
         205         206   1.0619054154324217     
         206         207   1.4046428349295987     
         207         208   1.4685741449172278     
         208         209   1.3746854319738384     
         209         210   1.1501887349704927     
         209         211   1.3753993276944578     
         206         212   1.4052215550119140     
         211         212   1.4669322330116548     
         205         213   1.3679978013581273     
         213         214   1.1667891110038910     
         214         215   1.6844169041718615     
         213         216   1.3543806107118610     
         215         217   1.1736334888613511     
         216         217   1.4174062568691044     
         127         218   1.2258406609709627     
         217         218   1.2820282215317864     
         218         219   1.2794247333946853     
         219         220   1.2772397523732673     
         220         221   1.5724647453202292     
         221         222   1.2688531819789375     
         219         223   1.2527030617803441     
         222         223   1.2246752315789169     
         222         224   1.3321402259723820     
         224         225   1.0616008688912879     
         225         226   1.4052536426916489     
         226         227   1.4670288962943070     
         227         228   1.3753788485377383     
         228         229   1.1501493656597468     
         228         230   1.3747740188068804     
         225         231   1.4049121332911567     
         230         231   1.4683082773685825     
         224         232   1.3695140978376188     
         232         233   1.1664531012300772     
         233         234   1.6849605346178502     
         199         235   1.2823740470889855     
         234         235   1.1730458269588109     
         232         236   1.3535824418175793     
         235         236   1.4177069606976955     
         201         237  0.99861842263351086     
         202         238  0.99923999942367714     
         204         239  0.96274825284053300     
         207         240  0.99000125566011632     
         208         241  0.98900505328497434     
         210         242  0.97081457269789417     
         210         243  0.97112681510529175     
         211         244  0.98914418434086060     
         212         245  0.98954558546736837     
         214         246  0.99971755637677528     
         215         247  0.99930369832946697     
         220         248  0.99854716215003081     
         221         249  0.99922271166919097     
         223         250  0.96277879690686374     
         226         251  0.98949899502975180     
         227         252  0.98910000573460521     
         229         253  0.97090155312863036     
         229         254  0.97110700932783478     
         230         255  0.98905081075495327     
         231         256  0.99003262899977307     
         233         257  0.99976146349113226     
         234         258  0.99932126199746796     
         128         259   1.2257156992808629     
         259         260   1.2796810371802050     
         260         261   1.2770243188764192     
         261         262   1.5727860922454970     
         262         263   1.2687158568327075     
         260         264   1.2526733204270222     
         263         264   1.2244901629605833     
         263         265   1.3327255448612143     
         265         266   1.0618956989247328     
         266         267   1.4046269964023532     
         267         268   1.4685596758810249     
         268         269   1.3746842710172436     
         269         270   1.1501739970389113     
         269         271   1.3754202298846907     
         266         272   1.4052183406313685     
         271         272   1.4669646547955257     
         265         273   1.3687181056517417     
         273         274   1.1665966832025403     
         274         275   1.6848179877708851     
         273         276   1.3540704323368009     
         275         277   1.1733140881746615     
         276         277   1.4176269931234418     
         129         278   1.2250938430540761     
         277         278   1.2822274908612774     
         278         279   1.2800621770230114     
         279         280   1.2768445767993313     
         280         281   1.5730448645750403     
         281         282   1.2685281524507306     
         279         283   1.2525680287733671     
         282         283   1.2246015210436891     
         282         284   1.3327514613128917     
         284         285   1.0617337811623577     
         285         286   1.4052038872306272     
         286         287   1.4670139245928999     
         287         288   1.3753786905144028     
         288         289   1.1502067326258389     
         288         290   1.3747124652423275     
         285         291   1.4047961486937415     
         290         291   1.4684255880794177     
         284         292   1.3688454789211277     
         292         293   1.1667126440628370     
         293         294   1.6846440178652673     
         259         295   1.2818170170131746     
         294         295   1.1734064250024949     
         292         296   1.3538974416430052     
         295         296   1.4178499202881827     
         261         297  0.99855955396964791     
         262         298  0.99924770019845255     
         264         299  0.96277427222394674     
         267         300  0.98999936483093365     
         268         301  0.98901054031834146     
         270         302  0.97084749696329586     
         270         303  0.97114180376566317     
         271         304  0.98912266210285904     
         272         305  0.98952441221420639     
         274         306  0.99970807862480249     
         275         307  0.99935121386948700     
         280         308  0.99856593040032793     
         281         309  0.99922752492141520     
         283         310  0.96277315660259755     
         286         311  0.98950365045071276     
         287         312  0.98910821213733857     
         289         313  0.97086157588400657     
         289         314  0.97110730553436220     
         290         315  0.98902519729459482     
         291         316  0.99001013614199018     
         293         317  0.99974066715524745     
         294         318  0.99936275849290623     
         130         319   1.2250233511688131     
         319         320   1.2801239891388032     
         320         321   1.2768107035928566     
         321         322   1.5731459901626172     
         322         323   1.2684702054318922     
         320         324   1.2525326632795171     
         323         324   1.2246240434386493     
         323         325   1.3328975451208191     
         325         326   1.0618535318547606     
         326         327   1.4046716784782376     
         327         328   1.4685143735248243     
         328         329   1.3746835569703948     
         329         330   1.1502396964674690     
         329         331   1.3753754095630379     
         326         332   1.4051866152841166     
         331         332   1.4670080807678973     
         325         333   1.3685697850498388     
         333         334   1.1665802762227189     
         334         335   1.6848882155262472     
         333         336   1.3543207652623734     
         335         337   1.1732796064221549     
         336         337   1.4174571017591497     
         131         338   1.2250430999244926     
         337         338   1.2824179240694109     
         338         339   1.2801239449474380     
         339         340   1.2768138237618807     
         340         341   1.5731546369776779     
         341         342   1.2684812097493456     
         339         343   1.2525407513362359     
         342         343   1.2246367907156226     
         342         344   1.3328544399970592     
         344         345   1.0618542169073246     
         345         346   1.4051757422226705     
         346         347   1.4670150203050543     
         347         348   1.3753685765890200     
         348         349   1.1502580305628680     
         348         350   1.3746697411398472     
         345         351   1.4046765017807572     
         350         351   1.4685165540697971     
         344         352   1.3686346832785050     
         352         353   1.1665928824862399     
         353         354   1.6849106033515178     
         319         355   1.2824235733112894     
         354         355   1.1732523316102768     
         352         356   1.3542480085758963     
         355         356   1.4175122882397915     
         321         357  0.99858925564320655     
         322         358  0.99921578890711438     
         324         359  0.96276097726467225     
         327         360  0.99000360843939195     
         328         361  0.98901132860921148     
         330         362  0.97083764860021338     
         330         363  0.97111765346306822     
         331         364  0.98911367141734552     
         332         365  0.98950779357587049     
         334         366  0.99971369848267311     
         335         367  0.99935024218323154     
         340         368  0.99857305087375092     
         341         369  0.99921912135634816     
         343         370  0.96275555358763965     
         346         371  0.98950571868097625     
         347         372  0.98911224414639232     
         349         373  0.97082943685003054     
         349         374  0.97111219403976079     
         350         375  0.98901244877899619     
         351         376  0.99000312982855898     
         353         377  0.99971464180199476     
         354         378  0.99935067991554849     
         132         379   1.2251013253100385     
         379         380   1.2800906677874426     
         380         381   1.2768412509837714     
         381         382   1.5730486899911984     
         382         383   1.2685315455657220     
         380         384   1.2525527775275118     
         383         384   1.2246042153378260     
         383         385   1.3327851572279621     
         385         386   1.0617358687627092     
         386         387   1.4048047846906306     
         387         388   1.4684043870012013     
         388         389   1.3747567807734806     
         389         390   1.1501770418078838     
         389         391   1.3753710444839604     
         386         392   1.4052060550120080     
         391         392   1.4670254863085987     
         385         393   1.3688336292369734     
         393         394   1.1666738401617074     
         394         395   1.6846955582235681     
         393         396   1.3539436187259608     
         395         397   1.1733705285161158     
         396         397   1.4178717659058035     
         133         398   1.2256483233614208     
         397         398   1.2818256693124084     
         398         399   1.2797787080088321     
         399         400   1.2769995688809352     
         400         401   1.5728165049393199     
         401         402   1.2686814776184561     
         399         403   1.2526420917679537     
         402         403   1.2245220124426097     
         402         404   1.3327154322105204     
         404         405   1.0619471651593233     
         405         406   1.4052092513219956     
         406         407   1.4669688562400545     
         407         408   1.3754193316990759     
         408         409   1.1501771555214004     
         408         410   1.3746830086296458     
         405         411   1.4045849115695161     
         410         411   1.4685780825024135     
         404         412   1.3686787665412172     
         412         413   1.1665698718098694     
         413         414   1.6848368362684962     
         379         415   1.2822131660716396     
         414         415   1.1733256907185554     
         412         416   1.3541226099645554     
         415         416   1.4176079760500055     
         381         417  0.99857833383831740     
         382         418  0.99922994907500218     
         384         419  0.96276490634076506     
         387         420  0.99001079888877586     
         388         421  0.98902212293399461     
         390         422  0.97087497593049510     
         390         423  0.97112978398571359     
         391         424  0.98910996770682247     
         392         425  0.98950184570698241     
         394         426  0.99973670926734759     
         395         427  0.99935686386738654     
         400         428  0.99856449228876420     
         401         429  0.99924123390669151     
         403         430  0.96276438258007058     
         406         431  0.98952273557589365     
         407         432  0.98912650735792162     
         409         433  0.97084716319152387     
         409         434  0.97115563971587082     
         410         435  0.98900718936994525     
         411         436  0.99000469551324655     
         413         437  0.99970468388244949     
         414         438  0.99932783086592858     
         134         439   1.2257192090298963     
         439         440   1.2794772615722751     
         440         441   1.2772129029550805     
         441         442   1.5724630194400828     
         442         443   1.2689119353106297     
         440         444   1.2526646888383766     
         443         444   1.2246678407855534     
         443         445   1.3320410300838395     
         445         446   1.0615922822828499     
         446         447   1.4050285627030659     
         447         448   1.4682090858454535     
         448         449   1.3748681675899070     
         449         450   1.1500899874945001     
         449         451   1.3753503657036712     
         446         452   1.4051632129752165     
         451         452   1.4670973606948592     
         445         453   1.3696755643589575     
         453         454   1.1664382641226752     
         454         455   1.6849630504631463     
         453         456   1.3534265015425269     
         455         457   1.1730248466637621     
         456         457   1.4179876088857111     
         135         458   1.2242154556122193     
         457         458   1.2821838007521713     
         458         459   1.2798056804650737     
         459         460   1.2765915226454267     
         460         461   1.5728685518189305     
         461         462   1.2685691780963060     
         459         463   1.2529070046634725     
         462         463   1.2238089154716836     
         462         464   1.3334366349859434     
         464         465   1.0616671540024827     
         465         466   1.4053332031761054     
         466         467   1.4668796434747153     
         467         468   1.3754413379921662     
         468         469   1.1501039445228061     
         468         470   1.3747683510702911     
         465         471   1.4047734917176973     
         470         471   1.4684856967952602     
         464         472   1.3682111020215728     
         472         473   1.1667029634427555     
         473         474   1.6845793454275522     
         439         475   1.2820862793081795     
         474         475   1.1735090680001359     
         472         476   1.3543000630815136     
         475         476   1.4175253993768864     
         441         477  0.99852692260114062     
         442         478  0.99922107919363912     
         444         479  0.96279668957448339     
         447         480  0.99003183930991112     
         448         481  0.98906240312562155     
         450         482  0.97091453405710870     
         450         483  0.97114191758456980     
         451         484  0.98909705498503042     
         452         485  0.98949615346554221     
         454         486  0.99975531731163192     
         455         487  0.99938708376803254     
         460         488  0.99862474860910699     
         461         489  0.99924961610782048     
         463         490  0.96276468937910276     
         466         491  0.98953424252947786     
         467         492  0.98914885703298716     
         469         493  0.97082419331552738     
         469         494  0.97118094159902157     
         470         495  0.98900645721319747     
         471         496  0.98999425280944375     
         473         497  0.99973045093270996     
         474         498  0.99934847314233310     
         136         499   1.2238426583782807     
         499         500   1.2812643605587921     
         500         501   1.2763620194147192     
         501         502   1.5733834428157134     
         502         503   1.2682469899426079     
         500         504   1.2519359200932063     
         503         504   1.2255012151041647     
         503         505   1.3318640118640981     
         505         506   1.0594774687802619     
         506         507   1.4063307752684582     
         507         508   1.4673177724893363     
         508         509   1.3753397124331610     
         509         510   1.1497686018984485     
         509         511   1.3755698796305764     
         506         512   1.4057857809741294     
         511         512   1.4668014062207013     
         505         513   1.3713424516167618     
         513         514   1.1648646952871760     
         514         515   1.6876738631334067     
         513         516   1.3540156715804406     
         515         517   1.1703418661989549     
         516         517   1.4160476294628692     
         137         518   1.2114520935266784     
         517         518   1.2879578232083277     
         518         519   1.2851738177657919     
         519         520   1.2727969056444250     
         520         521   1.5761152598313164     
         521         522   1.2663113579379042     
         519         523   1.2521494805897093     
         522         523   1.2225781287394448     
         522         524   1.3370358252526964     
         524         525   1.0595849366920980     
         525         526   1.4065374556236294     
         526         527   1.4661207914557151     
         527         528   1.3757883427118425     
         528         529   1.1500740504506939     
         528         530   1.3748619423293871     
         525         531   1.4054394675855697     
         530         531   1.4681552691952562     
         524         532   1.3666320335739885     
         532         533   1.1667912997733085     
         533         534   1.6847107181428165     
         499         535   1.2831470310289552     
         534         535   1.1731980385100951     
         532         536   1.3554997878599313     
         535         536   1.4168160939268075     
         501         537  0.99863056169315545     
         502         538  0.99920418418753143     
         504         539  0.96279256366101063     
         507         540  0.99000241315435722     
         508         541  0.98916890071703056     
         510         542  0.97102512047230449     
         510         543  0.97113504150571472     
         511         544  0.98907537525891542     
         512         545  0.98944611481259104     
         514         546  0.99966614629279715     
         515         547  0.99988933603052954     
         520         548  0.99908255157883630     
         521         549  0.99913853697217792     
         523         550  0.96258087099240752     
         526         551  0.98953179066621344     
         527         552  0.98924948855303085     
         529         553  0.97077332992245957     
         529         554  0.97115025786585429     
         530         555  0.98897019335062419     
         531         556  0.98989738300583541     
         533         557  0.99971536045651022     
         534         558  0.99940093169858546     
