           2           3   1.3878220431620989     
           3           4   1.1997558877162164     
           4           5   1.6380581785208441     
           5           6   1.2036067225535034     
           1           7  0.71458885997674049     
           3           7   1.2496989900180226     
           6           7   1.2506314280714568     
           6           8   1.3636002165015801     
           8           9   1.3699499537229487     
           9          10   1.2065272124857722     
          10          11   1.6310740694615029     
           1          12  0.71398175344291981     
           9          12   1.2429222965503028     
          11          13   1.2200850614678942     
          12          13   1.2716230788263660     
          13          14   1.3092085145038421     
          14          15   1.3033538087803624     
          15          16   1.2188843041296216     
          16          17   1.6285535339234489     
          17          18   1.2068317658575607     
          18          19   1.3757291142178412     
          19          20   1.0375353832905401     
          20          21   1.3803864724728734     
          21          22   1.1205049807370586     
          22          23  0.98349822392506270     
          21          24   1.3865258445747124     
          24          25   1.4390967797264809     
          25          26   1.4384552299676494     
          20          27   1.3786905671628646     
          26          27   1.3864166003178446     
          27          28   1.1211023175840771     
          28          29  0.98483752795400992     
          19          30   1.3580672318490736     
          30          31   1.2033299149062799     
          31          32   1.6397913451021051     
           2          33   1.3918554468547235     
          32          33   1.1998753182668094     
           1          34  0.71567443472741665     
          30          34   1.2544456125207575     
          33          34   1.2451076275432267     
           1          35  0.71283339758575426     
          15          35   1.2774864917404354     
          18          35   1.2379551695171689     
           8          36   1.0378327854470042     
          36          37   1.3780249899949883     
          37          38   1.1222415825878218     
          38          39  0.98449870200104461     
          37          40   1.3863656005817813     
          40          41   1.4388412413045764     
          41          42   1.4385567809857336     
          36          43   1.3808171982095732     
          42          43   1.3867130323890966     
          43          44   1.1188094569594043     
          44          45  0.98377709240936717     
           2          46  0.99941692931541581     
           4          47  0.99611390968997215     
           5          48   1.0014594967234958     
          10          49  0.99962368741270946     
          11          50   1.0012602602983844     
          16          51   1.0004860811498981     
          17          52   1.0005992358035196     
          23          53  0.99624681552165939     
          23          54  0.98635422406007800     
          23          55  0.99746095732220075     
          24          56  0.98999889366739480     
          25          57  0.98635187858741613     
          26          58  0.98953755575688884     
          29          59  0.98717604151988392     
          29          60  0.99699571176391444     
          29          61  0.99683307125843335     
          31          62   1.0000886659546395     
          32          63  0.99697820791012015     
          39          64  0.98684310692035215     
          39          65  0.99717840537525049     
          39          66  0.99628505577091464     
          40          67  0.98947402338205914     
          41          68  0.98631772926598937     
          42          69  0.98993074269317538     
          45          70  0.99601131050795955     
          45          71  0.98665342725347849     
          45          72  0.99810843549352346     
          74          75   1.3885350457620320     
          75          76   1.1992447196789398     
          76          77   1.6381058631503054     
          77          78   1.2044000953514791     
          73          79  0.71618421489927331     
          75          79   1.2477711097085986     
          78          79   1.2518621754010211     
          78          80   1.3606093594773596     
          80          81   1.3715141444156875     
          81          82   1.2073470412192089     
          82          83   1.6273476071127515     
          73          84  0.71388894742396491     
          81          84   1.2387135087657146     
          83          85   1.2228215684232067     
          84          85   1.2767612287487606     
          85          86   1.2973009652624110     
          86          87   1.2994655237372938     
          87          88   1.2226468271937700     
          88          89   1.6278195415680861     
          89          90   1.2077485296597412     
          90          91   1.3693273393158969     
          91          92   1.0378203543727063     
          92          93   1.3778915350742882     
          93          94   1.1222292099082607     
          94          95  0.98465163066403860     
          93          96   1.3864196962309883     
          96          97   1.4387754330467950     
          97          98   1.4387681959651106     
          92          99   1.3812730348407047     
          98          99   1.3865600178281507     
          99         100   1.1187864426713543     
         100         101  0.98367600583174053     
          91         102   1.3618791860943222     
         102         103   1.2038777334460635     
         103         104   1.6377269446698484     
          74         105   1.3873279517910264     
         104         105   1.1994395279444707     
          73         106  0.71655034035154441     
         102         106   1.2505709882863403     
         105         106   1.2489807981867176     
          73         107  0.71449191115122002     
          87         107   1.2742484000919694     
          90         107   1.2404213956015533     
          80         108   1.0358115798287262     
         108         109   1.3815011981627594     
         109         110   1.1197399852910268     
         110         111  0.98359979666761543     
         109         112   1.3862173762066921     
         112         113   1.4389515551389813     
         113         114   1.4388558365406099     
         108         115   1.3792715189189000     
         114         115   1.3859507324273099     
         115         116   1.1217691711580824     
         116         117  0.98484883215859176     
          74         118  0.99956578999346402     
          76         119  0.99632197036358106     
          77         120   1.0014581099315254     
          82         121  0.99948588552692619     
          83         122   1.0007313259800326     
          88         123   1.0000857929057927     
          89         124  0.99932297455109409     
          95         125  0.99727101980771871     
          95         126  0.98702886526454536     
          95         127  0.99624263654815559     
          96         128  0.98951743421308558     
          97         129  0.98630573334024041     
          98         130  0.98991913391827702     
         101         131  0.98669348806118562     
         101         132  0.99806316137020767     
         101         133  0.99606970052726074     
         103         134   1.0014633265012252     
         104         135  0.99619817445410208     
         111         136  0.98656332903363353     
         111         137  0.99801346002957680     
         111         138  0.99600357131953776     
         112         139  0.98990097221009199     
         113         140  0.98631413285395408     
         114         141  0.98949676927926733     
         117         142  0.99622970032455826     
         117         143  0.98706688370777940     
         117         144  0.99733207900060084     
          14         145   1.2018278159597369     
         145         146   2.6348228565556209     
          86         148   1.2142591138837258     
         147         148   2.6237907429867646     
         146         150   1.2008769559988550     
         150         151   1.3039188528227914     
         151         152   1.2224836517897029     
         152         153   1.6261562311561679     
         153         154   1.2084017138832466     
         149         155  0.71689672144175676     
         151         155   1.2741124773931360     
         154         155   1.2341330896528939     
         154         156   1.3744869771924895     
         156         157   1.3618913992376134     
         157         158   1.2123863623293900     
         158         159   1.6250351230279396     
         149         160  0.71545652075780020     
         157         160   1.2440822655412158     
         159         161   1.2227317362577330     
         160         161   1.2654946328190468     
         147         162   1.2103485047397216     
         161         162   1.3066212519757596     
         162         163   1.2975280272130918     
         163         164   1.2238047482519707     
         164         165   1.6249046678979180     
         165         166   1.2083939899075404     
         166         167   1.3760489020680577     
         167         168   1.0448192917616148     
         168         169   1.3759896008026506     
         169         170   1.1227273546798568     
         170         171  0.98378475722112568     
         169         172   1.3874933705486678     
         172         173   1.4382313908630282     
         173         174   1.4385202028511332     
         168         175   1.3770076587951137     
         174         175   1.3874253302787740     
         175         176   1.1214886058258391     
         176         177  0.98314879241774400     
         167         178   1.3594238185822636     
         178         179   1.2123643545584140     
         179         180   1.6241335854521108     
         150         181   1.3091980752212993     
         180         181   1.2226424571548484     
         149         182  0.71524133909587451     
         178         182   1.2447112222543921     
         181         182   1.2640971138574066     
         149         183  0.71683074974434491     
         163         183   1.2768640882701472     
         166         183   1.2312762371600088     
         156         184   1.0430004617920188     
         184         185   1.3763294115050302     
         185         186   1.1230137606790183     
         186         187  0.98356654588061243     
         185         188   1.3869682735058473     
         188         189   1.4383994308304604     
         189         190   1.4385746127651897     
         184         191   1.3778951265207100     
         190         191   1.3869999520994376     
         191         192   1.1215422009394984     
         192         193  0.98311919899123290     
         152         194   1.0000157053477994     
         153         195   1.0006703527316652     
         158         196   1.0000152341315907     
         159         197   1.0005935414328468     
         164         198   1.0006155606581995     
         165         199   1.0006007179543017     
         171         200  0.99722986562406080     
         171         201  0.98653893623602329     
         171         202  0.99629771864810301     
         172         203  0.98991510022048168     
         173         204  0.98647092329355779     
         174         205  0.99008722081491440     
         177         206  0.98629151449435448     
         177         207  0.99596012503929654     
         177         208  0.99781496693536154     
         179         209   1.0003027368896411     
         180         210   1.0015240828726475     
         187         211  0.99677780528213888     
         187         212  0.98635941675515038     
         187         213  0.99677955586480482     
         188         214  0.98980978307123413     
         189         215  0.98649989790094117     
         190         216  0.99000420710820569     
         193         217  0.99615177880999128     
         193         218  0.99762291756452148     
         193         219  0.98620031607906500     
