           2           3   1.3930250948038267     
           3           4   1.2047485255503780     
           4           5   1.6336065841609018     
           5           6   1.2116876073563021     
           1           7  0.86559380060750724     
           3           7   1.2235961877886328     
           6           7   1.2285608839070181     
           6           8   1.3628541730257808     
           8           9   1.0419746247888240     
           9          10   1.4243072370724312     
          10          11   1.4433776660469031     
          11          12   1.3970687110259536     
          12          13   1.1188863791495891     
          12          14   1.3871555761566359     
           9          15   1.4155908165174200     
          14          15   1.4536312060048531     
           8          16   1.3728980467779601     
          16          17   1.2161425342104151     
          17          18   1.6219671635565265     
           1          19  0.85993149511515377     
          16          19   1.2155768659298294     
          18          20   1.2277413576531013     
          19          20   1.2498147310250971     
          20          21   1.3017055070392063     
          21          22   1.3018339975967037     
          22          23   1.2286541174232570     
          23          24   1.6197745789978364     
          24          25   1.2181375416412439     
           1          26  0.85886163833788498     
          22          26   1.2474787982448614     
          25          26   1.2185643466523157     
          25          27   1.3675212122469449     
          27          28   1.0484169302728881     
          28          29   1.4127411275945547     
          29          30   1.4551116723843192     
          30          31   1.3863355246189479     
          31          32   1.1197445471162062     
          31          33   1.3960722116803872     
          28          34   1.4210983668196859     
          33          34   1.4450187532623546     
          27          35   1.3638426831966999     
          35          36   1.2114067056599898     
          36          37   1.6328798568700411     
           2          38   1.3915756677797146     
          37          38   1.2052609620674455     
           1          39  0.86651339132079430     
          35          39   1.2269756173436452     
          38          39   1.2248928457629478     
           2          40  0.99759725100478391     
           4          41  0.99447608316461711     
           5          42   1.0005995924950843     
          10          43  0.99027624765632938     
          11          44  0.98274048056760188     
          13          45  0.96711740629202381     
          14          46  0.98399835716124917     
          15          47  0.99066938310674990     
          17          48  0.99967039366907706     
          18          49  0.99939175675138747     
          23          50  0.99940158536832591     
          24          51  0.99942639581854487     
          29          52  0.99073643626945196     
          30          53  0.98381825376200949     
          32          54  0.96701594901566246     
          33          55  0.98265166806693349     
          34          56  0.99045280143311576     
          36          57   1.0003967261651265     
          37          58  0.99436502085247580     
          60          61   1.3930325782489705     
          61          62   1.2047503768579162     
          62          63   1.6335945153430391     
          63          64   1.2116667816982012     
          59          65  0.86559285044372603     
          61          65   1.2236065996990875     
          64          65   1.2286017673795997     
          64          66   1.3628417634563872     
          66          67   1.0419319882475360     
          67          68   1.4243202538930135     
          68          69   1.4433649478291954     
          69          70   1.3970860873635333     
          70          71   1.1188735082193879     
          70          72   1.3871543703585851     
          67          73   1.4156212816507221     
          72          73   1.4536233409791601     
          66          74   1.3729837330758132     
          74          75   1.2161168306459595     
          75          76   1.6220797966526712     
          59          77  0.86019143027211598     
          74          77   1.2154688869997468     
          76          78   1.2276107668039067     
          77          78   1.2498241413514322     
          78          79   1.3018581929194146     
          79          80   1.3017256179502799     
          80          81   1.2286665040692761     
          81          82   1.6197761319732304     
          82          83   1.2181280039782367     
          59          84  0.85851451425270886     
          80          84   1.2476302031926099     
          83          84   1.2185681290541863     
          83          85   1.3676109236489551     
          85          86   1.0482472139179437     
          86          87   1.4128690118264202     
          87          88   1.4550347538715263     
          88          89   1.3863855581395481     
          89          90   1.1197140582395342     
          89          91   1.3960808882481686     
          86          92   1.4211400307788897     
          91          92   1.4450094491930159     
          85          93   1.3638989941145410     
          93          94   1.2113674850919574     
          94          95   1.6329091517411067     
          60          96   1.3915848363622800     
          95          96   1.2052433382647554     
          59          97  0.86681713008999184     
          93          97   1.2268850887201848     
          96          97   1.2248475974235498     
          60          98  0.99759761124173674     
          62          99  0.99447517600052115     
          63         100   1.0006056806480474     
          68         101  0.99027702124742500     
          69         102  0.98273902190619944     
          71         103  0.96711981420022330     
          72         104  0.98399945501891251     
          73         105  0.99066796233053189     
          75         106  0.99966983775297602     
          76         107  0.99937398337302574     
          81         108  0.99942232526120200     
          82         109  0.99943581299929130     
          87         110  0.99072865424408108     
          88         111  0.98382085419628129     
          90         112  0.96702210821195489     
          91         113  0.98264908847522003     
          92         114  0.99045184826027599     
          94         115   1.0004058284956729     
          95         116  0.99436245825185521     
          21         118   1.2134473734607643     
         117         118   2.5091989246781834     
         117         119   1.3255625886741831     
          79         120   1.2134397358151658     
         118         120  0.18848786596473638     
         119         120   2.5091614164523341     
