           1           2   1.3724543186202125     
           2           3   1.2408858009285588     
           3           4   1.5971600066625136     
           4           5   1.2529046361444587     
           2           6   1.2297277998356788     
           5           6   1.2280097473314182     
           5           7   1.3430757807135829     
           7           8   1.0543534602940581     
           8           9   1.4075569215884107     
           9          10   1.4670904879521685     
          10          11   1.3754468597702647     
          11          12   1.1495706703663695     
          11          13   1.3765895715024123     
           8          14   1.4085512567718674     
          13          14   1.4646559109510819     
           7          15   1.3636023309657823     
          15          16   1.1646267802272730     
          16          17   1.6893522880859799     
          15          18   1.3594238536528747     
          17          19   1.1691688604786992     
          18          19   1.4111982977407562     
          19          20   1.2937189807039220     
          20          21   1.2934872001822737     
          21          22   1.2681478153148997     
          22          23   1.5837332614710624     
          23          24   1.2599265296306534     
          21          25   1.2487143914515457     
          24          25   1.2243951697811735     
          24          26   1.3430276971498611     
          26          27   1.0551731862809246     
          27          28   1.4075572179990619     
          28          29   1.4664042762885587     
          29          30   1.3757722149259506     
          30          31   1.1490988825215900     
          30          32   1.3763746616803356     
          27          33   1.4078512846540017     
          32          33   1.4654470381444673     
          26          34   1.3565339317780283     
          34          35   1.1554224482419264     
          35          36   1.7043399390576937     
           1          37   1.3832045863146418     
          36          37   1.1485755124938750     
          34          38   1.3807102388603905     
          37          38   1.3750796049905147     
           1          39  0.99637167217555356     
           3          40  0.99326591940916631     
           4          41  0.99951497129145284     
           6          42  0.96163434514464019     
           9          43  0.98997017807825249     
          10          44  0.98894924186823419     
          12          45  0.97123596484566832     
          12          46  0.97067667985500428     
          13          47  0.98926638901112718     
          14          48  0.98956074535000527     
          16          49  0.99914579213403609     
          17          50  0.99950873196181922     
          22          51  0.99870086995921670     
          23          52  0.99868649240540275     
          25          53  0.96118854680577714     
          28          54  0.98997083509623329     
          29          55  0.98921599132719862     
          31          56  0.97107061590409138     
          31          57  0.97129249316568123     
          32          58  0.98901520589015002     
          33          59  0.98949222436105044     
          35          60   1.0002146992781860     
          36          61  0.99380298486156959     
          62          63   1.3719709274958631     
          63          64   1.2413801994514877     
          64          65   1.5962162338771662     
          65          66   1.2537520211292301     
          63          67   1.2296936918954355     
          66          67   1.2283164055647693     
          66          68   1.3412631462452116     
          68          69   1.0577141511672912     
          69          70   1.4062839533750549     
          70          71   1.4675324318314265     
          71          72   1.3751982364802824     
          72          73   1.1497500559644307     
          72          74   1.3760583424952877     
          69          75   1.4068435973390236     
          74          75   1.4657012159342031     
          68          76   1.3629707615860109     
          76          77   1.1657288172312092     
          77          78   1.6870142749956982     
          76          79   1.3579479477571554     
          78          80   1.1700793846947970     
          79          80   1.4136490589367987     
          80          81   1.2896774453738686     
          81          82   1.2909856023636381     
          82          83   1.2692982514734625     
          83          84   1.5817293157801935     
          84          85   1.2610257301121044     
          82          86   1.2493501160872551     
          85          86   1.2243923821878193     
          85          87   1.3414031011043472     
          87          88   1.0579288783577363     
          88          89   1.4066165039858707     
          89          90   1.4669305095525911     
          90          91   1.3755488674848990     
          91          92   1.1492641226665470     
          91          93   1.3759930499198338     
          88          94   1.4063343240701700     
          93          94   1.4661221464247935     
          87          95   1.3558214953148731     
          95          96   1.1558524656641158     
          96          97   1.7038585748964248     
          62          98   1.3830544970313043     
          97          98   1.1487954774984199     
          95          99   1.3806460544999304     
          98          99   1.3750552022755651     
          62         100  0.99637794185900241     
          64         101  0.99332889227970367     
          65         102  0.99949247918031470     
          67         103  0.96166390802179291     
          70         104  0.98972911085427440     
          71         105  0.98897738296868054     
          73         106  0.97118277196840486     
          73         107  0.97068693421264740     
          74         108  0.98928833346318568     
          75         109  0.98968031272911783     
          77         110  0.99887380421249394     
          78         111  0.99976132992164890     
          83         112  0.99894850283264947     
          84         113  0.99840741292624147     
          86         114  0.96111693722205316     
          89         115  0.99009473841101692     
          90         116  0.98926198580238456     
          92         117  0.97113822858547627     
          92         118  0.97117988292357538     
          93         119  0.98901343157283361     
          94         120  0.98926426476602569     
          96         121   1.0001774205922398     
          97         122  0.99385200921957606     
          20         123   1.2042171879479338     
         123         124   2.6186034418210045     
         125         126   2.6003722776037814     
         127         128   2.5980578258852565     
         129         130   2.5985091717161519     
         131         132   2.5982114789372743     
         133         134   2.6000315226289601     
          81         136   1.2103628128210904     
         135         136   2.6137811409302194     
         124         137   1.2066712103861450     
         137         138   1.2873875407652347     
         138         139   1.2719474878119823     
         139         140   1.5774024229121872     
         140         141   1.2654501240662033     
         138         142   1.2509902094037209     
         141         142   1.2226710955221267     
         141         143   1.3379042370465710     
         143         144   1.0561807593610530     
         144         145   1.4073006423411916     
         145         146   1.4669955522379721     
         146         147   1.3756038953894534     
         147         148   1.1491645353190527     
         147         149   1.3763638516870935     
         144         150   1.4081059664842663     
         149         150   1.4654197571270582     
         143         151   1.3685767591323106     
         151         152   1.1662608666471082     
         152         153   1.6851267704992834     
         151         154   1.3545568845850791     
         153         155   1.1730569635495824     
         154         155   1.4175404516680170     
         125         156   1.2242050359351375     
         155         156   1.2827100084309682     
         156         157   1.2812795484526533     
         157         158   1.2764885157683199     
         158         159   1.5733764074307821     
         159         160   1.2678603842844356     
         157         161   1.2516034635365465     
         160         161   1.2252886266486924     
         160         162   1.3325569669611950     
         162         163   1.0561817239473108     
         163         164   1.4073296628561298     
         164         165   1.4658535289339669     
         165         166   1.3761935597094763     
         166         167   1.1489176858787780     
         166         168   1.3759536080820705     
         163         169   1.4080445255939351     
         168         169   1.4664815362227930     
         162         170   1.3730593735415924     
         170         171   1.1640699886781392     
         171         172   1.6893311489084009     
         137         173   1.2900504778278394     
         172         173   1.1699257814030759     
         170         174   1.3538912398244574     
         173         174   1.4149561923135698     
         139         175  0.99908396505335872     
         140         176  0.99956722031122214     
         142         177  0.96276358658146000     
         145         178  0.98983882744512230     
         146         179  0.98902008364373939     
         148         180  0.97106367995570420     
         148         181  0.97132668727516103     
         149         182  0.98926917663324732     
         150         183  0.98978156416387675     
         152         184  0.99984557337127233     
         153         185  0.99946930907967690     
         158         186  0.99862458003362453     
         159         187  0.99939450241491257     
         161         188  0.96288206175778457     
         164         189  0.98939974361421268     
         165         190  0.98910394823606729     
         167         191  0.97126416558114959     
         167         192  0.97135677616533234     
         168         193  0.98921157061466303     
         169         194  0.99021750791160845     
         171         195   1.0000054327268901     
         172         196  0.99972382622637379     
         126         197   1.2246521688943062     
         197         198   1.2793033594625869     
         198         199   1.2770653235757261     
         199         200   1.5722569225343306     
         200         201   1.2687596902590210     
         198         202   1.2528216001287873     
         201         202   1.2235600786592409     
         201         203   1.3332676256498663     
         203         204   1.0607746713418633     
         204         205   1.4054169412950257     
         205         206   1.4680415545672860     
         206         207   1.3750604864532308     
         207         208   1.1496370268093614     
         207         209   1.3755646902387237     
         204         210   1.4057115262144841     
         209         210   1.4666846674264988     
         203         211   1.3689252690445892     
         211         212   1.1668369683264652     
         212         213   1.6843357830465513     
         211         214   1.3535461359292582     
         213         215   1.1736777528957514     
         214         215   1.4180243973108579     
         127         216   1.2266754676147680     
         215         216   1.2814514658246272     
         216         217   1.2786854386374171     
         217         218   1.2778445297268100     
         218         219   1.5717184257932861     
         219         220   1.2692453458966608     
         217         221   1.2526257180282740     
         220         221   1.2244778421795963     
         220         222   1.3317448642348959     
         222         223   1.0609752239756165     
         223         224   1.4055794555843459     
         224         225   1.4668296230444133     
         225         226   1.3755429373660348     
         226         227   1.1496411228234613     
         226         228   1.3750339893516277     
         223         229   1.4053672045503875     
         228         229   1.4679941412137203     
         222         230   1.3703348392581258     
         230         231   1.1664427942254965     
         231         232   1.6847638369505542     
         197         233   1.2816769403259753     
         232         233   1.1732001389110300     
         230         234   1.3528126067112480     
         233         234   1.4183298986117454     
         199         235  0.99870075517810264     
         200         236  0.99935486541219609     
         202         237  0.96286226142434850     
         205         238  0.99001438134474562     
         206         239  0.98905434029354111     
         208         240  0.97098835483286527     
         208         241  0.97124632460884908     
         209         242  0.98920123172010943     
         210         243  0.98955111538103502     
         212         244  0.99983682241872540     
         213         245  0.99934731167168123     
         218         246  0.99858191540434527     
         219         247  0.99931667432367444     
         221         248  0.96291323588069466     
         224         249  0.98952704203549990     
         225         250  0.98914174431221014     
         227         251  0.97105376485722183     
         227         252  0.97122776350200413     
         228         253  0.98910714912633491     
         229         254  0.99005118276378534     
         231         255  0.99984186813606279     
         232         256  0.99936874110769724     
         128         257   1.2266069885278885     
         257         258   1.2791255375675239     
         258         259   1.2775504054713662     
         259         260   1.5721650133120777     
         260         261   1.2689453116505856     
         258         262   1.2525818200520928     
         261         262   1.2242905281770136     
         261         263   1.3324922662908727     
         263         264   1.0606194280317245     
         264         265   1.4055231732300224     
         265         266   1.4679734323995626     
         266         267   1.3750613496577582     
         267         268   1.1496091728211988     
         267         269   1.3755972398969509     
         264         270   1.4057284179813216     
         269         270   1.4666940650318219     
         263         271   1.3698193913623269     
         271         272   1.1666423420244245     
         272         273   1.6845858897723411     
         271         274   1.3531499067030559     
         273         275   1.1735530826429352     
         274         275   1.4183504860559193     
         129         276   1.2262898875020156     
         275         276   1.2812423523271974     
         276         277   1.2793356052806881     
         277         278   1.2774654291437271     
         278         279   1.5722689510566932     
         279         280   1.2689047540307634     
         277         281   1.2525011461057121     
         280         281   1.2243958903357917     
         280         282   1.3323696548069541     
         282         283   1.0609771824881047     
         283         284   1.4056080162878966     
         284         285   1.4667612820224578     
         285         286   1.3755867381668221     
         286         287   1.1496492565844358     
         286         288   1.3749867396929243     
         283         289   1.4053039905654585     
         288         289   1.4680935798627068     
         282         290   1.3696902782690128     
         290         291   1.1666782779044167     
         291         292   1.6844271618889521     
         257         293   1.2810047497297696     
         292         293   1.1736460316310326     
         290         294   1.3531746746699458     
         293         294   1.4183796339982242     
         259         295  0.99857933014658484     
         260         296  0.99938661131621465     
         262         297  0.96290012144562709     
         265         298  0.99000926249625731     
         266         299  0.98906919875913701     
         268         300  0.97101638258821676     
         268         301  0.97126278076722983     
         269         302  0.98916895453586595     
         270         303  0.98952715485598153     
         272         304  0.99984156948115477     
         273         305  0.99939345937605206     
         278         306  0.99861011839656000     
         279         307  0.99934293046491540     
         281         308  0.96290742850209732     
         284         309  0.98953131842560826     
         285         310  0.98915547710200613     
         287         311  0.97101252289054307     
         287         312  0.97127166282438782     
         288         313  0.98907710240639291     
         289         314  0.99002814782524839     
         291         315  0.99983962549920402     
         292         316  0.99938328911207208     
         130         317   1.2262601107713020     
         317         318   1.2792430902742153     
         318         319   1.2774859457420988     
         319         320   1.5722441076688010     
         320         321   1.2689314631040294     
         318         322   1.2525370941015905     
         321         322   1.2243735056392313     
         321         323   1.3323848767726711     
         323         324   1.0609197995040962     
         324         325   1.4053739922402289     
         325         326   1.4680365117901601     
         326         327   1.3750273730251672     
         327         328   1.1496487320245503     
         327         329   1.3755543996597426     
         324         330   1.4056028819633566     
         329         330   1.4667842941512483     
         323         331   1.3697282802818533     
         331         332   1.1666807146082598     
         332         333   1.6844868868320158     
         331         334   1.3531634764673499     
         333         335   1.1736034197330174     
         334         335   1.4183842322040376     
         131         336   1.2265064421541789     
         335         336   1.2811115068494809     
         336         337   1.2791645392011928     
         337         338   1.2774701202943595     
         338         339   1.5722316795322788     
         339         340   1.2688944810388476     
         337         341   1.2526186284217353     
         340         341   1.2242701093505879     
         340         342   1.3325576424595131     
         342         343   1.0608681119452334     
         343         344   1.4056117387206120     
         344         345   1.4667650960201342     
         345         346   1.3755425064078104     
         346         347   1.1496681424928876     
         346         348   1.3750214926719950     
         343         349   1.4054016644019478     
         348         349   1.4680405812864186     
         342         350   1.3695395119612457     
         350         351   1.1666851507883222     
         351         352   1.6845214326521425     
         317         353   1.2813910306339191     
         352         353   1.1736072550215260     
         350         354   1.3533588040244386     
         353         354   1.4181281471614382     
         319         355  0.99861334044258343     
         320         356  0.99934272147691616     
         322         357  0.96289225371444043     
         325         358  0.99002594948696654     
         326         359  0.98907777510015082     
         328         360  0.97102281912103627     
         328         361  0.97125193666420684     
         329         362  0.98915626222476938     
         330         363  0.98952702275085802     
         332         364  0.99984572951739714     
         333         365  0.99936869166859865     
         338         366  0.99858456736996304     
         339         367  0.99936211841807721     
         341         368  0.96289010450465651     
         344         369  0.98953194193405014     
         345         370  0.98916836882258874     
         347         371  0.97099528947268299     
         347         372  0.97124862037323045     
         348         373  0.98906644501805896     
         349         374  0.99001800897703396     
         351         375  0.99983411112748988     
         352         376  0.99939233857500320     
         132         377   1.2265320652090579     
         377         378   1.2791396347864352     
         378         379   1.2775762257828591     
         379         380   1.5719588787695677     
         380         381   1.2691537672393671     
         378         382   1.2525517158125017     
         381         382   1.2245096078812201     
         381         383   1.3318050352527211     
         383         384   1.0608743053866294     
         384         385   1.4054591569883415     
         385         386   1.4679452375798385     
         386         387   1.3750770907333549     
         387         388   1.1495490152384580     
         387         389   1.3756024345925626     
         384         390   1.4056101521577176     
         389         390   1.4667892365709763     
         383         391   1.3703955863356956     
         391         392   1.1664589584389327     
         392         393   1.6847244169406894     
         391         394   1.3527270152621782     
         393         395   1.1731987798453407     
         394         395   1.4185099277429920     
         133         396   1.2248573437989274     
         395         396   1.2815090383108760     
         396         397   1.2794001725163524     
         397         398   1.2770891090696619     
         398         399   1.5722054661798077     
         399         400   1.2688921510589486     
         397         401   1.2527507876198396     
         400         401   1.2237339575305999     
         400         402   1.3329555466085223     
         402         403   1.0606554814178726     
         403         404   1.4057623467148128     
         404         405   1.4666216595181631     
         405         406   1.3756283809872798     
         406         407   1.1496076679642775     
         406         408   1.3750458159352061     
         403         409   1.4054982139668628     
         408         409   1.4680239020236043     
         402         410   1.3694481087976575     
         410         411   1.1667993642993408     
         411         412   1.6844153914623188     
         377         413   1.2811274263424932     
         412         413   1.1736144897501475     
         410         414   1.3531528570384681     
         413         414   1.4184474985551272     
         379         415  0.99858432116203077     
         380         416  0.99933390129385824     
         382         417  0.96291848070070629     
         385         418  0.99004231629398842     
         386         419  0.98911909331198511     
         388         420  0.97108817758119426     
         388         421  0.97124109182938745     
         389         422  0.98913962713363734     
         390         423  0.98952537081509473     
         392         424  0.99982639668166517     
         393         425  0.99948493398284044     
         398         426  0.99863439503383056     
         399         427  0.99937099665284035     
         401         428  0.96287800180320171     
         404         429  0.98954216388730976     
         405         430  0.98919532317644321     
         407         431  0.97099061554658883     
         407         432  0.97125774092020911     
         408         433  0.98906371408410432     
         409         434  0.99000497115258890     
         411         435  0.99982429561102382     
         412         436  0.99937308719736451     
         134         437   1.2244894573934455     
         437         438   1.2804709351011803     
         438         439   1.2768343228503747     
         439         440   1.5726921517338697     
         440         441   1.2685618058147694     
         438         442   1.2520971534987684     
         441         442   1.2250584000324898     
         441         443   1.3317746268756634     
         443         444   1.0588806436060307     
         444         445   1.4066235768067701     
         445         446   1.4671219555899682     
         446         447   1.3755540349353712     
         447         448   1.1491624587765950     
         447         449   1.3758962944503874     
         444         450   1.4063171700744099     
         449         450   1.4664287244688532     
         443         451   1.3718140182317791     
         451         452   1.1649441701313443     
         452         453   1.6873435730295354     
         451         454   1.3535099402482513     
         453         455   1.1706618410150234     
         454         455   1.4164377367500236     
         135         456   1.2128229174574667     
         455         456   1.2871643677317519     
         456         457   1.2840785389717893     
         457         458   1.2734592559788536     
         458         459   1.5751944880806790     
         459         460   1.2668007413476547     
         457         461   1.2523735180455928     
         460         461   1.2221816530779424     
         460         462   1.3367298301551509     
         462         463   1.0588945668834870     
         463         464   1.4071089336667546     
         464         465   1.4657198416761821     
         465         466   1.3760891972320115     
         466         467   1.1495628597463339     
         466         468   1.3750036042951299     
         463         469   1.4057473511092233     
         468         469   1.4679770864739479     
         462         470   1.3673944446512836     
         470         471   1.1668043337091187     
         471         472   1.6846212958671387     
         437         473   1.2827097373848639     
         472         473   1.1732617201442703     
         470         474   1.3547577624037732     
         473         474   1.4173228060191880     
         439         475  0.99870733026744951     
         440         476  0.99928370979830994     
         442         477  0.96290772872142083     
         445         478  0.99001688232551577     
         446         479  0.98921882942392225     
         448         480  0.97120478108247721     
         448         481  0.97131456122928650     
         449         482  0.98913259298709300     
         450         483  0.98946749481803054     
         452         484  0.99978375560005461     
         453         485  0.99990019070441649     
         458         486  0.99920862445781355     
         459         487  0.99925006619549750     
         461         488  0.96270336410173707     
         464         489  0.98954725321288073     
         465         490  0.98930783642332587     
         467         491  0.97090911624036003     
         467         492  0.97126822549170466     
         468         493  0.98902035384819575     
         469         494  0.98992949976318989     
         471         495  0.99980555132016002     
         472         496  0.99946223732635509     
