   -0.03337704
    0.05779756
   -0.04338652
   -0.03825924
    0.05796625
   -0.16329400
    0.00515995
    0.00393057
   -0.03938657
    0.03023055
   -0.24040807
    0.03549396
   -0.05775290
    0.05588741
   -0.03993436
   -0.04100048
   -0.29157238
    0.06175329
    0.00928868
    0.06311126
   -0.03872449
   -0.03703472
    0.05771247
   -0.16043980
    0.00435816
    0.00327781
   -0.03822689
    0.03016422
   -0.24101403
    0.03495690
   -0.05826055
    0.05622605
   -0.04132618
   -0.04568573
    0.05508084
   -0.29490687
    0.01672511
    0.02809857
    0.02061719
    0.15969068
    0.01870769
    0.02298881
    0.01637521
    0.16504093
    0.03812433
    0.01215770
    0.01328570
    0.01749076
    0.02620281
    0.02163928
    0.15790939
    0.01825788
    0.02350118
    0.01607593
    0.16461535
    0.03780380
    0.01266745
    0.01197970
    0.01911644
   -0.03320571
    0.05775005
   -0.04340540
   -0.03834950
    0.05805744
   -0.16318928
    0.00499456
    0.00390532
   -0.03950196
    0.03024265
   -0.24040472
    0.03555714
   -0.05780384
    0.05605389
   -0.03979511
   -0.04084056
   -0.29163772
    0.06180266
    0.00942139
    0.06309270
   -0.03871272
   -0.03705164
    0.05778522
   -0.16040925
    0.00427653
    0.00325041
   -0.03821008
    0.03020223
   -0.24096659
    0.03495402
   -0.05839601
    0.05633864
   -0.04127555
   -0.04559588
    0.05509948
   -0.29488538
    0.01682744
    0.02811720
    0.02062679
    0.15970082
    0.01858430
    0.02300433
    0.01628651
    0.16512398
    0.03823308
    0.01230812
    0.01334508
    0.01759421
    0.02627329
    0.02168441
    0.15792833
    0.01834779
    0.02350290
    0.01617512
    0.16469538
    0.03774918
    0.01250410
    0.01202116
    0.01919200
   -0.02748682
   -0.02544591
   -0.02907309
   -0.02386098
   -0.02904740
   -0.02360531
   -0.02728744
   -0.02533244
    0.00739953
    0.06343636
   -0.03957345
   -0.03697777
    0.05732652
   -0.16026843
    0.00827006
    0.00539760
   -0.03804575
    0.03074101
   -0.24116600
    0.03550204
   -0.05764019
    0.05523415
   -0.04048832
   -0.04236440
   -0.29063969
    0.06111967
    0.00725027
    0.06352188
   -0.03955856
   -0.03691438
    0.05731171
   -0.16032223
    0.00838119
    0.00542044
   -0.03803813
    0.03074524
   -0.24113828
    0.03551872
   -0.05763480
    0.05516037
   -0.04056402
   -0.04240900
    0.06116500
   -0.29049150
    0.02543321
    0.02089853
    0.15868253
    0.02097099
    0.02377853
    0.01738762
    0.16491593
    0.03737866
    0.01254076
    0.01195491
    0.01598474
    0.02548429
    0.02093177
    0.15869885
    0.02095888
    0.02380043
    0.01737991
    0.16493406
    0.03737958
    0.01255172
    0.01191888
    0.01601958
