   -0.02644063
    0.06116237
   -0.03708892
   -0.03472325
    0.06052206
   -0.16029668
    0.00686545
    0.01570246
   -0.01764034
   -0.01153817
    0.03101775
    0.45059911
   -0.28102789
   -0.29346700
   -0.28049819
   -0.01051297
   -0.01571824
    0.05767152
   -0.03815756
   -0.03618998
   -0.28609052
    0.06382812
    0.01562252
    0.06488655
   -0.03343793
   -0.03474151
    0.06005117
   -0.15765383
    0.00514413
    0.01537415
   -0.01716588
   -0.01108047
    0.03062528
    0.45008301
   -0.28011245
   -0.29160655
   -0.28361147
   -0.01159265
   -0.01680196
    0.05902382
   -0.03899056
   -0.04070800
    0.05824863
   -0.29006507
    0.02570241
    0.03712490
    0.03030836
    0.16307255
    0.03208710
    0.04177226
    0.22632379
    0.04378303
    0.03358568
    0.02119660
    0.02037605
    0.02954150
    0.03084162
    0.16081286
    0.03304124
    0.04260770
    0.22716975
    0.04203838
    0.03180290
    0.02030860
    0.02768018
   -0.02543551
    0.06145677
   -0.03645826
   -0.03428768
    0.06122686
   -0.15991130
    0.00686765
    0.01549130
   -0.01750725
   -0.01127791
    0.03115435
    0.45070157
   -0.27968080
   -0.29355232
   -0.28121525
   -0.01064371
   -0.01584722
    0.05848617
   -0.03755375
   -0.03567239
   -0.28574796
    0.06394826
    0.01678134
    0.06520393
   -0.03259862
   -0.03394204
    0.06078637
   -0.15739364
    0.00548588
    0.01512974
   -0.01710488
   -0.01106724
    0.03069439
    0.45008760
   -0.27946259
   -0.29111078
   -0.28397490
   -0.01155937
   -0.01683193
    0.05960999
   -0.03857414
   -0.04024296
    0.05858213
   -0.28941255
    0.02651404
    0.03779403
    0.03086875
    0.16344923
    0.03259334
    0.04213705
    0.22624253
    0.04380789
    0.03305395
    0.02245556
    0.02202881
    0.03092648
    0.03203178
    0.16118252
    0.03320369
    0.04267333
    0.22748494
    0.04248718
    0.03192334
    0.02090281
    0.02831655
   -0.02933752
   -0.02505114
   -0.02763775
   -0.02802054
   -0.02355838
   -0.02827417
    0.00987361
    0.06421710
   -0.03675089
   -0.03546974
    0.05761948
   -0.15793749
    0.00856003
    0.01626424
   -0.01570215
   -0.01088777
    0.03093197
    0.45020141
   -0.28069370
   -0.29269129
   -0.28188833
   -0.01123394
   -0.01693126
    0.05563373
   -0.03908040
   -0.03878714
   -0.28632963
    0.06277564
    0.01219318
    0.06483168
   -0.03461523
   -0.03453522
    0.05818274
   -0.15715297
    0.00874927
    0.01621368
   -0.01571191
   -0.01095134
    0.03087826
    0.44987729
   -0.28355381
   -0.29136570
   -0.27928555
   -0.01113586
   -0.01666581
    0.05609169
   -0.03889961
   -0.03879366
    0.06286867
   -0.28711856
    0.02640264
    0.02863337
    0.16048740
    0.03266800
    0.04275308
    0.22624253
    0.04174685
    0.03256113
    0.01949548
    0.01807749
    0.02722833
    0.02887421
    0.16008868
    0.03257127
    0.04294700
    0.22618741
    0.04171371
    0.03303947
    0.01983932
    0.01726966
    0.01281928
    0.06499907
   -0.03419147
   -0.03444511
    0.05861396
   -0.15703187
    0.00846665
    0.01592214
   -0.01585694
   -0.01096236
    0.03094965
    0.44986162
   -0.28328835
   -0.29111377
   -0.27896712
   -0.01110900
   -0.01658021
    0.05681986
   -0.03824897
   -0.03854355
   -0.28709967
    0.06268424
    0.01052731
    0.06429293
   -0.03630059
   -0.03475604
    0.05815772
   -0.15787779
    0.00867754
    0.01584349
   -0.01574896
   -0.01099021
    0.03076579
    0.44973388
   -0.28392077
   -0.29004964
   -0.27927737
   -0.01146810
   -0.01695218
    0.05586477
   -0.03899607
   -0.03852582
    0.06296011
   -0.28589405
    0.02752393
    0.02982637
    0.16032487
    0.03173378
    0.04133496
    0.22657286
    0.04338329
    0.03337711
    0.02016399
    0.01858412
    0.02729507
    0.02865209
    0.16067809
    0.03247908
    0.04352816
    0.22706836
    0.04113198
    0.03258636
    0.02057989
    0.01829339
