           1           2   1.3575767272909276     
           2           3   1.2540568067011866     
           3           4   1.5755664904236388     
           4           5   1.2685319572128406     
           2           6   1.2210674696464843     
           5           6   1.2496382833358242     
           5           7   1.2826398558607337     
           7           8   1.1899881225855262     
           8           9   2.6527120154714905     
           9          10   1.1572199268027872     
          10          11   1.3701374264257034     
          11          12   1.4653376105735887     
          12          13   1.4668942105394953     
          13          14   1.4666641517976222     
          10          15   1.3707871146630850     
          14          15   1.4650136186860661     
           7          16   1.3115581660877000     
          16          17   1.1638232427651827     
          17          18   1.6927844252692001     
          16          19   1.3866562235576356     
          18          20   1.1635814959227015     
          19          20   1.3835562268342214     
          20          21   1.3127886276569924     
          21          22   1.2814089106389790     
          22          23   1.2778398202949808     
          23          24   1.5638051763698886     
          24          25   1.2749642870474280     
          22          26   1.2371240122426574     
          25          26   1.2415908141730980     
          25          27   1.2846115095398036     
          27          28   1.1941018188132166     
          28          29   2.6476411332480820     
          29          30   1.1589528924991597     
          30          31   1.3692069514660294     
          31          32   1.4657312574753454     
          32          33   1.4661428223483708     
          33          34   1.4659937954025544     
          30          35   1.3689612518539529     
          34          35   1.4660164532241622     
          27          36   1.2985558136946231     
          36          37   1.1571040490282098     
          37          38   1.7037505705876292     
           1          39   1.4053603175668794     
          38          39   1.1468820122252008     
          36          40   1.4140168050236146     
          39          40   1.3476514728265090     
           1          41  0.99653544058708399     
           3          42  0.99328874882955431     
           4          43   1.0002307135306685     
           6          44  0.96196874565702561     
          11          45  0.98876207564475382     
          12          46  0.98272514854015447     
          14          47  0.98241224425400520     
          15          48  0.98832184607669427     
          17          49   1.0003085987161366     
          18          50  0.99955427427856969     
          23          51  0.99858711921518506     
          24          52  0.99943393215463749     
          26          53  0.96123944302630127     
          31          54  0.98837070905762503     
          32          55  0.98255516935535636     
          34          56  0.98281974055285970     
          35          57  0.98889356283252217     
          37          58   1.0012411498346034     
          38          59  0.99375543941837075     
          60          61   1.3564474908869630     
          61          62   1.2543719406770102     
          62          63   1.5748286396227102     
          63          64   1.2692824813505514     
          61          65   1.2220098716535708     
          64          65   1.2488370309012768     
          64          66   1.2822817688261412     
          66          67   1.1893670854622109     
          67          68   2.6538196979024491     
          68          69   1.1568026081517058     
          69          70   1.3706559033694037     
          70          71   1.4650092044648768     
          71          72   1.4672637325897648     
          72          73   1.4668410299233596     
          69          74   1.3711415056306244     
          73          74   1.4648389088299574     
          66          75   1.3140314191855424     
          75          76   1.1638306203276589     
          76          77   1.6927420854973174     
          75          78   1.3839449909348707     
          77          79   1.1636700584550805     
          78          79   1.3868046268517609     
          79          80   1.3095250454373635     
          80          81   1.2779132825968476     
          81          82   1.2796244633729272     
          82          83   1.5613373006720734     
          83          84   1.2766147510665000     
          81          85   1.2383556605464920     
          84          85   1.2410866835621530     
          84          86   1.2831202966699766     
          86          87   1.1940688019153129     
          87          88   2.6478196133023402     
          88          89   1.1588884189366366     
          89          90   1.3691884172851010     
          90          91   1.4657278892646497     
          91          92   1.4661512622698518     
          92          93   1.4660829559769286     
          89          94   1.3691603610517342     
          93          94   1.4659273251094422     
          86          95   1.3004157825236706     
          95          96   1.1566153391506333     
          96          97   1.7046486352953818     
          60          98   1.4054887466884878     
          97          98   1.1464037220451277     
          95          99   1.4126391005538361     
          98          99   1.3483668893196101     
          60         100  0.99650385991924673     
          62         101  0.99329909699573937     
          63         102   1.0002305918908214     
          65         103  0.96198257137687060     
          70         104  0.98872936116875709     
          71         105  0.98269780367714343     
          73         106  0.98236371177849180     
          74         107  0.98830964423667456     
          76         108   1.0003470037005806     
          77         109  0.99965816291324716     
          82         110  0.99865322480883900     
          83         111  0.99940880368275253     
          85         112  0.96135682523630739     
          90         113  0.98838622287738831     
          91         114  0.98254551965855585     
          93         115  0.98283219407320466     
          94         116  0.98888546610214756     
          96         117   1.0013445228977629     
          97         118  0.99376510988957190     
          21         120   1.2036001528770841     
         119         120   2.5154416110510591     
         119         121   1.3125550831663380     
         120         122  0.17941381917445498     
         121         122   2.5127734523542955     
         123         124   2.5070885613913028     
         123         125   1.3179178488255263     
          80         126   1.2094555573021100     
         124         126  0.17928585064470651     
         125         126   2.5092986048529897     
         122         127   1.2066004699167716     
         127         128   1.2743072350586373     
         128         129   1.2815901771380027     
         129         130   1.5585906697308598     
         130         131   1.2804161414305943     
         128         132   1.2420707674569578     
         131         132   1.2396690397225161     
         131         133   1.2795037180114897     
         133         134   1.1880535341072376     
         134         135   2.6566921601529638     
         135         136   1.1557870715949330     
         136         137   1.3722248360163232     
         137         138   1.4641062837954311     
         138         139   1.4678224110047424     
         139         140   1.4678562335706948     
         136         141   1.3718510744423587     
         140         141   1.4642624036782668     
         133         142   1.3214031053272779     
         142         143   1.1622497815542947     
         143         144   1.6949321093523146     
         142         145   1.3800825464206274     
         144         146   1.1632046523096875     
         145         146   1.3900848273138855     
         124         147   1.2121278004993734     
         146         147   1.3079443012782079     
         147         148   1.2725994806220873     
         148         149   1.2827991707425188     
         149         150   1.5572182155426177     
         150         151   1.2811427007829610     
         148         152   1.2422687600279694     
         151         152   1.2398738967988365     
         151         153   1.2786440139942639     
         153         154   1.1885309542525564     
         154         155   2.6560501669724017     
         155         156   1.1560196392508844     
         156         157   1.3719706875883428     
         157         158   1.4642365067763130     
         158         159   1.4676883817046102     
         159         160   1.4678040740755114     
         156         161   1.3717271214659901     
         160         161   1.4642999232046949     
         153         162   1.3208707444298755     
         162         163   1.1617129243013018     
         163         164   1.6957416641018626     
         127         165   1.3112464746416055     
         164         165   1.1627690675824873     
         162         166   1.3814023987508488     
         165         166   1.3877604733979376     
         129         167  0.99860284440397684     
         130         168  0.99980908567205151     
         132         169  0.96186290580071176     
         137         170  0.98836523424469147     
         138         171  0.98240966671901042     
         140         172  0.98243346587120006     
         141         173  0.98837932054737776     
         143         174   1.0006097925522108     
         144         175  0.99970673194200488     
         149         176  0.99863087117382032     
         150         177  0.99983698554577716     
         152         178  0.96197089406086234     
         157         179  0.98844273367024904     
         158         180  0.98245268021259002     
         160         181  0.98246175929376123     
         161         182  0.98839005738603913     
         163         183   1.0006736628554520     
         164         184  0.99958137168091610     
