    0.35646996
   -0.03819618
    0.05335423
   -0.04537755
   -0.03899111
    0.05293889
   -0.24121897
    0.01125206
    0.00435580
    0.00213353
   -0.05587411
   -0.03317103
   -0.00608080
   -0.06216575
   -0.03307076
    0.00220347
   -0.05587868
    0.05217401
   -0.03877908
   -0.03964424
   -0.23726014
    0.05848151
    0.00532981
    0.05848556
   -0.03963537
   -0.03876024
    0.05217734
   -0.23718770
    0.01123004
    0.00434550
    0.00231722
   -0.05582715
   -0.03306633
   -0.00607058
   -0.06216976
   -0.03313517
    0.00201216
   -0.05590890
    0.05293232
   -0.03899085
   -0.04536982
    0.05335782
   -0.24132050
    0.01382584
    0.01998839
    0.01300198
    0.01290224
    0.01428120
    0.01153279
    0.02634740
    0.01644232
    0.02184036
    0.01640118
    0.02655413
    0.01558016
    0.01150276
    0.01188789
    0.01525553
    0.01631549
    0.01625955
    0.01515438
    0.01175107
    0.01153441
    0.01572687
    0.02685330
    0.01970797
    0.01587254
    0.01901162
    0.02607024
    0.01291001
    0.01421317
    0.01148638
    0.01308891
    0.02001515
    0.35646986
   -0.03819544
    0.05335413
   -0.04537723
   -0.03899144
    0.05293917
   -0.24121928
    0.01125186
    0.00435582
    0.00213323
   -0.05587430
   -0.03317103
   -0.00608080
   -0.06216576
   -0.03307071
    0.00220375
   -0.05587850
    0.05217435
   -0.03877918
   -0.03964384
   -0.23726068
    0.05848137
    0.00533054
    0.05848529
   -0.03963530
   -0.03876054
    0.05217758
   -0.23718715
    0.01122964
    0.00434555
    0.00231709
   -0.05582715
   -0.03306643
   -0.00607067
   -0.06216972
   -0.03313520
    0.00201224
   -0.05590889
    0.05293271
   -0.03899094
   -0.04536949
    0.05335760
   -0.24131988
    0.01382575
    0.01998829
    0.01300203
    0.01290209
    0.01428119
    0.01153301
    0.02634749
    0.01644238
    0.02184038
    0.01640114
    0.02655404
    0.01558010
    0.01150249
    0.01188799
    0.01525564
    0.01631518
    0.01625976
    0.01515425
    0.01175118
    0.01153451
    0.01572717
    0.02685332
    0.01970797
    0.01587255
    0.01901164
    0.02607032
    0.01291005
    0.01421302
    0.01148629
    0.01308890
    0.02001523
   -0.03573430
   -0.03573480
