    0.27778613
   -0.02366806
    0.05462171
   -0.04303371
   -0.04260311
    0.05476935
   -0.21827308
   -0.02144944
    0.05425446
   -0.04102751
   -0.03989625
   -0.21624688
    0.06105888
    0.01572072
    0.06100562
   -0.03992014
   -0.04105471
    0.05425184
   -0.21628192
   -0.02146576
    0.05475331
   -0.04260365
   -0.04304290
    0.05462648
   -0.21827393
    0.01925581
    0.02289267
    0.02346928
    0.02114976
    0.02493923
    0.02204136
    0.02193710
    0.02490197
    0.02112107
    0.02344614
    0.02289293
    0.27779255
   -0.02369576
    0.05461776
   -0.04302526
   -0.04258073
    0.05475369
   -0.21828240
   -0.02151431
    0.05431955
   -0.04103654
   -0.03983449
   -0.21629171
    0.06093737
    0.01578833
    0.06086614
   -0.03988625
   -0.04107114
    0.05430565
   -0.21633278
   -0.02155555
    0.05475234
   -0.04260063
   -0.04301851
    0.05460812
   -0.21828773
    0.01928641
    0.02288823
    0.02346278
    0.02118142
    0.02493159
    0.02198370
    0.02186229
    0.02487332
    0.02112895
    0.02344061
    0.02288246
   -0.01853434
   -0.01885301
   -0.02374740
   -0.01726009
   -0.02362998
   -0.01662007
   -0.01860498
   -0.01827795
   -0.02346976
   -0.01638238
   -0.02358052
   -0.01703698
    0.28590267
    0.01603425
    0.06127696
   -0.04008569
   -0.04066637
    0.05447957
   -0.21575638
   -0.01876954
    0.05453113
   -0.04068736
   -0.04005441
   -0.21575823
    0.06119434
    0.01609061
    0.06114174
   -0.04006965
   -0.04069498
    0.05454070
   -0.21580534
   -0.01877910
    0.05447894
   -0.04065806
   -0.04007486
    0.06128073
   -0.21574758
    0.02179272
    0.02540021
    0.02310562
    0.02539674
    0.02180290
    0.02170757
    0.02538500
    0.02309328
    0.02541349
    0.02184941
