[642.228, 234, 50, 4, 8, 8, 4, 8, 0, 0, 0, 0, 0, 0, 0, 4, 4, 0, 8, 0, 0, 0, 0, 0, 0, 2, 2, 6.179, 2.546, 1.033]
[974.334, 354, 76, 6, 12, 12, 6, 12, 0, 0, 0, 0, 0, 0, 0, 6, 6, 0, 12, 0, 0, 0, 0, 0, 0, 2, 3, 5.851, 2.94, 0.832]
[1306.44, 474, 102, 8, 16, 16, 8, 16, 0, 0, 0, 0, 0, 0, 0, 8, 8, 0, 16, 0, 0, 0, 0, 0, 0, 2, 4, 5.669, 3.156, 0.737]
[1638.547, 594, 128, 10, 20, 20, 10, 20, 0, 0, 0, 0, 0, 0, 0, 10, 10, 0, 20, 0, 0, 0, 0, 0, 0, 2, 5, 5.552, 3.294, 0.688]
[1970.653, 714, 154, 12, 24, 24, 12, 24, 0, 0, 0, 0, 0, 0, 0, 12, 12, 0, 24, 0, 0, 0, 0, 0, 0, 2, 6, 5.473, 3.384, 0.667]
[2302.759, 834, 180, 14, 28, 28, 14, 28, 0, 0, 0, 0, 0, 0, 0, 14, 14, 0, 28, 0, 0, 0, 0, 0, 0, 2, 7, 5.405, 3.461, 0.653]
[2634.865, 954, 206, 16, 32, 32, 16, 32, 0, 0, 0, 0, 0, 0, 0, 16, 16, 0, 32, 0, 0, 0, 0, 0, 0, 2, 8, 5.351, 3.523, 0.637]
[2966.971, 1074, 232, 18, 36, 36, 18, 36, 0, 0, 0, 0, 0, 0, 0, 18, 18, 0, 36, 0, 0, 0, 0, 0, 0, 2, 9, 5.306, 3.574, 0.628]
[3299.078, 1194, 258, 20, 40, 40, 20, 40, 0, 0, 0, 0, 0, 0, 0, 20, 20, 0, 40, 0, 0, 0, 0, 0, 0, 2, 10, 5.269, 3.617, 0.617]
[666.228, 242, 52, 4, 8, 8, 4, 8, 0, 0, 0, 0, 0, 0, 0, 4, 4, 0, 8, 0, 0, 0, 0, 0, 0, 4, 2, 6.141, 2.603, 1.048]
[1022.334, 370, 80, 6, 12, 12, 6, 12, 0, 0, 0, 0, 0, 0, 0, 6, 6, 0, 12, 0, 0, 0, 0, 0, 0, 4, 3, 5.823, 2.99, 0.863]
[1378.44, 498, 108, 8, 16, 16, 8, 16, 0, 0, 0, 0, 0, 0, 0, 8, 8, 0, 16, 0, 0, 0, 0, 0, 0, 4, 4, 5.648, 3.205, 0.777]
[1734.547, 626, 136, 10, 20, 20, 10, 20, 0, 0, 0, 0, 0, 0, 0, 10, 10, 0, 20, 0, 0, 0, 0, 0, 0, 4, 5, 5.532, 3.344, 0.731]
[2090.653, 754, 164, 12, 24, 24, 12, 24, 0, 0, 0, 0, 0, 0, 0, 12, 12, 0, 24, 0, 0, 0, 0, 0, 0, 4, 6, 5.448, 3.444, 0.703]
[2446.759, 882, 192, 14, 28, 28, 14, 28, 0, 0, 0, 0, 0, 0, 0, 14, 14, 0, 28, 0, 0, 0, 0, 0, 0, 4, 7, 5.384, 3.521, 0.684]
[2802.865, 1010, 220, 16, 32, 32, 16, 32, 0, 0, 0, 0, 0, 0, 0, 16, 16, 0, 32, 0, 0, 0, 0, 0, 0, 4, 8, 5.334, 3.582, 0.671]
[3158.971, 1138, 248, 18, 36, 36, 18, 36, 0, 0, 0, 0, 0, 0, 0, 18, 18, 0, 36, 0, 0, 0, 0, 0, 0, 4, 9, 5.292, 3.629, 0.662]
[3515.078, 1266, 276, 20, 40, 40, 20, 40, 0, 0, 0, 0, 0, 0, 0, 20, 20, 0, 40, 0, 0, 0, 0, 0, 0, 4, 10, 5.256, 3.668, 0.655]
[690.228, 250, 54, 4, 8, 8, 4, 8, 0, 0, 0, 0, 0, 0, 0, 4, 4, 0, 8, 0, 0, 0, 0, 0, 0, 6, 2, 6.115, 2.665, 1.057]
[1070.334, 386, 84, 6, 12, 12, 6, 12, 0, 0, 0, 0, 0, 0, 0, 6, 6, 0, 12, 0, 0, 0, 0, 0, 0, 6, 3, 5.808, 3.054, 0.882]
[1450.44, 522, 114, 8, 16, 16, 8, 16, 0, 0, 0, 0, 0, 0, 0, 8, 8, 0, 16, 0, 0, 0, 0, 0, 0, 6, 4, 5.64, 3.262, 0.805]
[1830.547, 658, 144, 10, 20, 20, 10, 20, 0, 0, 0, 0, 0, 0, 0, 10, 10, 0, 20, 0, 0, 0, 0, 0, 0, 6, 5, 5.53, 3.4, 0.765]
[2210.653, 794, 174, 12, 24, 24, 12, 24, 0, 0, 0, 0, 0, 0, 0, 12, 12, 0, 24, 0, 0, 0, 0, 0, 0, 6, 6, 5.448, 3.494, 0.74]
[2590.759, 930, 204, 14, 28, 28, 14, 28, 0, 0, 0, 0, 0, 0, 0, 14, 14, 0, 28, 0, 0, 0, 0, 0, 0, 6, 7, 5.388, 3.567, 0.725]
[2970.865, 1066, 234, 16, 32, 32, 16, 32, 0, 0, 0, 0, 0, 0, 0, 16, 16, 0, 32, 0, 0, 0, 0, 0, 0, 6, 8, 5.341, 3.624, 0.714]
[3350.971, 1202, 264, 18, 36, 36, 18, 36, 0, 0, 0, 0, 0, 0, 0, 18, 18, 0, 36, 0, 0, 0, 0, 0, 0, 6, 9, 5.302, 3.669, 0.706]
[3731.078, 1338, 294, 20, 40, 40, 20, 40, 0, 0, 0, 0, 0, 0, 0, 20, 20, 0, 40, 0, 0, 0, 0, 0, 0, 6, 10, 5.27, 3.707, 0.701]
[714.228, 258, 56, 4, 8, 8, 4, 8, 0, 0, 0, 0, 0, 0, 0, 4, 4, 0, 8, 0, 0, 0, 0, 0, 0, 8, 2, 6.091, 2.724, 1.061]
[1118.334, 402, 88, 6, 12, 12, 6, 12, 0, 0, 0, 0, 0, 0, 0, 6, 6, 0, 12, 0, 0, 0, 0, 0, 0, 8, 3, 5.793, 3.113, 0.891]
[1522.44, 546, 120, 8, 16, 16, 8, 16, 0, 0, 0, 0, 0, 0, 0, 8, 8, 0, 16, 0, 0, 0, 0, 0, 0, 8, 4, 5.632, 3.321, 0.822]
[1926.547, 690, 152, 10, 20, 20, 10, 20, 0, 0, 0, 0, 0, 0, 0, 10, 10, 0, 20, 0, 0, 0, 0, 0, 0, 8, 5, 5.526, 3.454, 0.786]
[2330.653, 834, 184, 12, 24, 24, 12, 24, 0, 0, 0, 0, 0, 0, 0, 12, 12, 0, 24, 0, 0, 0, 0, 0, 0, 8, 6, 5.451, 3.547, 0.766]
[2734.759, 978, 216, 14, 28, 28, 14, 28, 0, 0, 0, 0, 0, 0, 0, 14, 14, 0, 28, 0, 0, 0, 0, 0, 0, 8, 7, 5.392, 3.615, 0.751]
[3138.865, 1122, 248, 16, 32, 32, 16, 32, 0, 0, 0, 0, 0, 0, 0, 16, 16, 0, 32, 0, 0, 0, 0, 0, 0, 8, 8, 5.348, 3.67, 0.743]
[3542.971, 1266, 280, 18, 36, 36, 18, 36, 0, 0, 0, 0, 0, 0, 0, 18, 18, 0, 36, 0, 0, 0, 0, 0, 0, 8, 9, 5.312, 3.713, 0.737]
[3947.078, 1410, 312, 20, 40, 40, 20, 40, 0, 0, 0, 0, 0, 0, 0, 20, 20, 0, 40, 0, 0, 0, 0, 0, 0, 8, 10, 5.282, 3.748, 0.732]
[950.334, 346, 74, 4, 12, 12, 4, 12, 0, 0, 0, 0, 0, 0, 0, 8, 4, 0, 8, 0, 0, 0, 0, 0, 4, 2, 2, 6.321, 2.901, 0.991]
[1436.494, 522, 112, 6, 18, 18, 6, 18, 0, 0, 0, 0, 0, 0, 0, 12, 6, 0, 12, 0, 0, 0, 0, 0, 6, 2, 3, 6.069, 3.239, 0.847]
[1922.653, 698, 150, 8, 24, 24, 8, 24, 0, 0, 0, 0, 0, 0, 0, 16, 8, 0, 16, 0, 0, 0, 0, 0, 8, 2, 4, 5.906, 3.46, 0.742]
[2408.812, 874, 188, 10, 30, 30, 10, 30, 0, 0, 0, 0, 0, 0, 0, 20, 10, 0, 20, 0, 0, 0, 0, 0, 10, 2, 5, 5.795, 3.608, 0.678]
[2894.971, 1050, 226, 12, 36, 36, 12, 36, 0, 0, 0, 0, 0, 0, 0, 24, 12, 0, 24, 0, 0, 0, 0, 0, 12, 2, 6, 5.716, 3.711, 0.642]
[3381.131, 1226, 264, 14, 42, 42, 14, 42, 0, 0, 0, 0, 0, 0, 0, 28, 14, 0, 28, 0, 0, 0, 0, 0, 14, 2, 7, 5.654, 3.792, 0.615]
[3867.29, 1402, 302, 16, 48, 48, 16, 48, 0, 0, 0, 0, 0, 0, 0, 32, 16, 0, 32, 0, 0, 0, 0, 0, 16, 2, 8, 5.603, 3.858, 0.595]
[4353.449, 1578, 340, 18, 54, 54, 18, 54, 0, 0, 0, 0, 0, 0, 0, 36, 18, 0, 36, 0, 0, 0, 0, 0, 18, 2, 9, 5.562, 3.91, 0.582]
[4839.609, 1754, 378, 20, 60, 60, 20, 60, 0, 0, 0, 0, 0, 0, 0, 40, 20, 0, 40, 0, 0, 0, 0, 0, 20, 2, 10, 5.526, 3.956, 0.57]
[974.334, 354, 76, 4, 12, 12, 4, 12, 0, 0, 0, 0, 0, 0, 0, 8, 4, 0, 8, 0, 0, 0, 0, 0, 4, 4, 2, 6.28, 2.928, 1.013]
[1484.494, 538, 116, 6, 18, 18, 6, 18, 0, 0, 0, 0, 0, 0, 0, 12, 6, 0, 12, 0, 0, 0, 0, 0, 6, 4, 3, 6.019, 3.276, 0.863]
[1994.653, 722, 156, 8, 24, 24, 8, 24, 0, 0, 0, 0, 0, 0, 0, 16, 8, 0, 16, 0, 0, 0, 0, 0, 8, 4, 4, 5.858, 3.486, 0.771]
[2504.812, 906, 196, 10, 30, 30, 10, 30, 0, 0, 0, 0, 0, 0, 0, 20, 10, 0, 20, 0, 0, 0, 0, 0, 10, 4, 5, 5.752, 3.623, 0.721]
[3014.971, 1090, 236, 12, 36, 36, 12, 36, 0, 0, 0, 0, 0, 0, 0, 24, 12, 0, 24, 0, 0, 0, 0, 0, 12, 4, 6, 5.674, 3.722, 0.691]
[3525.131, 1274, 276, 14, 42, 42, 14, 42, 0, 0, 0, 0, 0, 0, 0, 28, 14, 0, 28, 0, 0, 0, 0, 0, 14, 4, 7, 5.613, 3.8, 0.67]
[4035.29, 1458, 316, 16, 48, 48, 16, 48, 0, 0, 0, 0, 0, 0, 0, 32, 16, 0, 32, 0, 0, 0, 0, 0, 16, 4, 8, 5.567, 3.857, 0.657]
[4545.449, 1642, 356, 18, 54, 54, 18, 54, 0, 0, 0, 0, 0, 0, 0, 36, 18, 0, 36, 0, 0, 0, 0, 0, 18, 4, 9, 5.529, 3.904, 0.647]
[5055.609, 1826, 396, 20, 60, 60, 20, 60, 0, 0, 0, 0, 0, 0, 0, 40, 20, 0, 40, 0, 0, 0, 0, 0, 20, 4, 10, 5.497, 3.944, 0.64]
[998.334, 362, 78, 4, 12, 12, 4, 12, 0, 0, 0, 0, 0, 0, 0, 8, 4, 0, 8, 0, 0, 0, 0, 0, 4, 6, 2, 6.249, 2.971, 1.024]
[1532.494, 554, 120, 6, 18, 18, 6, 18, 0, 0, 0, 0, 0, 0, 0, 12, 6, 0, 12, 0, 0, 0, 0, 0, 6, 6, 3, 5.989, 3.315, 0.881]
[2066.653, 746, 162, 8, 24, 24, 8, 24, 0, 0, 0, 0, 0, 0, 0, 16, 8, 0, 16, 0, 0, 0, 0, 0, 8, 6, 4, 5.833, 3.519, 0.798]
[2600.812, 938, 204, 10, 30, 30, 10, 30, 0, 0, 0, 0, 0, 0, 0, 20, 10, 0, 20, 0, 0, 0, 0, 0, 10, 6, 5, 5.73, 3.652, 0.754]
[3134.971, 1130, 246, 12, 36, 36, 12, 36, 0, 0, 0, 0, 0, 0, 0, 24, 12, 0, 24, 0, 0, 0, 0, 0, 12, 6, 6, 5.655, 3.747, 0.728]
[3669.131, 1322, 288, 14, 42, 42, 14, 42, 0, 0, 0, 0, 0, 0, 0, 28, 14, 0, 28, 0, 0, 0, 0, 0, 14, 6, 7, 5.597, 3.817, 0.711]
[4203.29, 1514, 330, 16, 48, 48, 16, 48, 0, 0, 0, 0, 0, 0, 0, 32, 16, 0, 32, 0, 0, 0, 0, 0, 16, 6, 8, 5.553, 3.874, 0.7]
[4737.449, 1706, 372, 18, 54, 54, 18, 54, 0, 0, 0, 0, 0, 0, 0, 36, 18, 0, 36, 0, 0, 0, 0, 0, 18, 6, 9, 5.517, 3.919, 0.692]
[5271.609, 1898, 414, 20, 60, 60, 20, 60, 0, 0, 0, 0, 0, 0, 0, 40, 20, 0, 40, 0, 0, 0, 0, 0, 20, 6, 10, 5.487, 3.957, 0.687]
[1022.334, 370, 80, 4, 12, 12, 4, 12, 0, 0, 0, 0, 0, 0, 0, 8, 4, 0, 8, 0, 0, 0, 0, 0, 4, 8, 2, 6.221, 3.013, 1.029]
[1580.494, 570, 124, 6, 18, 18, 6, 18, 0, 0, 0, 0, 0, 0, 0, 12, 6, 0, 12, 0, 0, 0, 0, 0, 6, 8, 3, 5.962, 3.359, 0.888]
[2138.653, 770, 168, 8, 24, 24, 8, 24, 0, 0, 0, 0, 0, 0, 0, 16, 8, 0, 16, 0, 0, 0, 0, 0, 8, 8, 4, 5.809, 3.558, 0.812]
[2696.812, 970, 212, 10, 30, 30, 10, 30, 0, 0, 0, 0, 0, 0, 0, 20, 10, 0, 20, 0, 0, 0, 0, 0, 10, 8, 5, 5.709, 3.686, 0.773]
[3254.971, 1170, 256, 12, 36, 36, 12, 36, 0, 0, 0, 0, 0, 0, 0, 24, 12, 0, 24, 0, 0, 0, 0, 0, 12, 8, 6, 5.639, 3.779, 0.753]
[3813.131, 1370, 300, 14, 42, 42, 14, 42, 0, 0, 0, 0, 0, 0, 0, 28, 14, 0, 28, 0, 0, 0, 0, 0, 14, 8, 7, 5.584, 3.845, 0.738]
[4371.29, 1570, 344, 16, 48, 48, 16, 48, 0, 0, 0, 0, 0, 0, 0, 32, 16, 0, 32, 0, 0, 0, 0, 0, 16, 8, 8, 5.543, 3.898, 0.73]
[4929.449, 1770, 388, 18, 54, 54, 18, 54, 0, 0, 0, 0, 0, 0, 0, 36, 18, 0, 36, 0, 0, 0, 0, 0, 18, 8, 9, 5.508, 3.941, 0.723]
[5487.609, 1970, 432, 20, 60, 60, 20, 60, 0, 0, 0, 0, 0, 0, 0, 40, 20, 0, 40, 0, 0, 0, 0, 0, 20, 8, 10, 5.48, 3.976, 0.718]
[958.397, 354, 74, 8, 12, 12, 8, 12, 0, 0, 0, 0, 0, 0, 0, 4, 8, 0, 16, 4, 0, 0, 0, 0, 0, 2, 2, 5.549, 2.473, 0.907]
[1448.587, 534, 112, 12, 18, 18, 12, 18, 0, 0, 0, 0, 0, 0, 0, 6, 12, 0, 24, 6, 0, 0, 0, 0, 0, 2, 3, 5.368, 2.53, 1.085]
[1938.778, 714, 150, 16, 24, 24, 16, 24, 0, 0, 0, 0, 0, 0, 0, 8, 16, 0, 32, 8, 0, 0, 0, 0, 0, 2, 4, 5.238, 2.803, 0.843]
[2428.969, 894, 188, 20, 30, 30, 20, 30, 0, 0, 0, 0, 0, 0, 0, 10, 20, 0, 40, 10, 0, 0, 0, 0, 0, 2, 5, 5.144, 2.988, 0.715]
[2919.159, 1074, 226, 24, 36, 36, 24, 36, 0, 0, 0, 0, 0, 0, 0, 12, 24, 0, 48, 12, 0, 0, 0, 0, 0, 2, 6, 5.074, 3.117, 0.644]
[3409.35, 1254, 264, 28, 42, 42, 28, 42, 0, 0, 0, 0, 0, 0, 0, 14, 28, 0, 56, 14, 0, 0, 0, 0, 0, 2, 7, 5.006, 3.274, 0.593]
[3899.54, 1434, 302, 32, 48, 48, 32, 48, 0, 0, 0, 0, 0, 0, 0, 16, 32, 0, 64, 16, 0, 0, 0, 0, 0, 2, 8, 4.963, 3.338, 0.57]
[4389.731, 1614, 340, 36, 54, 54, 36, 54, 0, 0, 0, 0, 0, 0, 0, 18, 36, 0, 72, 18, 0, 0, 0, 0, 0, 2, 9, 4.931, 3.369, 0.581]
[4879.922, 1794, 378, 40, 60, 60, 40, 60, 0, 0, 0, 0, 0, 0, 0, 20, 40, 0, 80, 20, 0, 0, 0, 0, 0, 2, 10, 4.902, 3.414, 0.566]
[982.397, 362, 76, 8, 12, 12, 8, 12, 0, 0, 0, 0, 0, 0, 0, 4, 8, 0, 16, 4, 0, 0, 0, 0, 0, 4, 2, 5.535, 2.525, 0.927]
[1496.587, 550, 116, 12, 18, 18, 12, 18, 0, 0, 0, 0, 0, 0, 0, 6, 12, 0, 24, 6, 0, 0, 0, 0, 0, 4, 3, 5.35, 2.651, 1.03]
[2010.778, 738, 156, 16, 24, 24, 16, 24, 0, 0, 0, 0, 0, 0, 0, 8, 16, 0, 32, 8, 0, 0, 0, 0, 0, 4, 4, 5.219, 2.908, 0.831]
[2524.969, 926, 196, 20, 30, 30, 20, 30, 0, 0, 0, 0, 0, 0, 0, 10, 20, 0, 40, 10, 0, 0, 0, 0, 0, 4, 5, 5.13, 3.076, 0.734]
[3039.159, 1114, 236, 24, 36, 36, 24, 36, 0, 0, 0, 0, 0, 0, 0, 12, 24, 0, 48, 12, 0, 0, 0, 0, 0, 4, 6, 5.065, 3.192, 0.682]
[3553.35, 1302, 276, 28, 42, 42, 28, 42, 0, 0, 0, 0, 0, 0, 0, 14, 28, 0, 56, 14, 0, 0, 0, 0, 0, 4, 7, 5.015, 3.278, 0.65]
[4067.54, 1490, 316, 32, 48, 48, 32, 48, 0, 0, 0, 0, 0, 0, 0, 16, 32, 0, 64, 16, 0, 0, 0, 0, 0, 4, 8, 4.974, 3.344, 0.629]
[4581.731, 1678, 356, 36, 54, 54, 36, 54, 0, 0, 0, 0, 0, 0, 0, 18, 36, 0, 72, 18, 0, 0, 0, 0, 0, 4, 9, 4.94, 3.399, 0.615]
[5095.922, 1866, 396, 40, 60, 60, 40, 60, 0, 0, 0, 0, 0, 0, 0, 20, 40, 0, 80, 20, 0, 0, 0, 0, 0, 4, 10, 4.915, 3.446, 0.606]
[1006.397, 370, 78, 8, 12, 12, 8, 12, 0, 0, 0, 0, 0, 0, 0, 4, 8, 0, 16, 4, 0, 0, 0, 0, 0, 6, 2, 5.522, 2.586, 0.931]
[1544.587, 566, 120, 12, 18, 18, 12, 18, 0, 0, 0, 0, 0, 0, 0, 6, 12, 0, 24, 6, 0, 0, 0, 0, 0, 6, 3, 5.335, 2.767, 0.975]
[2082.778, 762, 162, 16, 24, 24, 16, 24, 0, 0, 0, 0, 0, 0, 0, 8, 16, 0, 32, 8, 0, 0, 0, 0, 0, 6, 4, 5.209, 3.014, 0.818]
[2620.969, 958, 204, 20, 30, 30, 20, 30, 0, 0, 0, 0, 0, 0, 0, 10, 20, 0, 40, 10, 0, 0, 0, 0, 0, 6, 5, 5.124, 3.167, 0.742]
[3159.159, 1154, 246, 24, 36, 36, 24, 36, 0, 0, 0, 0, 0, 0, 0, 12, 24, 0, 48, 12, 0, 0, 0, 0, 0, 6, 6, 5.064, 3.274, 0.702]
[3697.35, 1350, 288, 28, 42, 42, 28, 42, 0, 0, 0, 0, 0, 0, 0, 14, 28, 0, 56, 14, 0, 0, 0, 0, 0, 6, 7, 5.019, 3.357, 0.68]
[4235.54, 1546, 330, 32, 48, 48, 32, 48, 0, 0, 0, 0, 0, 0, 0, 16, 32, 0, 64, 16, 0, 0, 0, 0, 0, 6, 8, 4.981, 3.419, 0.663]
[4773.731, 1742, 372, 36, 54, 54, 36, 54, 0, 0, 0, 0, 0, 0, 0, 18, 36, 0, 72, 18, 0, 0, 0, 0, 0, 6, 9, 4.951, 3.47, 0.653]
[5311.922, 1938, 414, 40, 60, 60, 40, 60, 0, 0, 0, 0, 0, 0, 0, 20, 40, 0, 80, 20, 0, 0, 0, 0, 0, 6, 10, 4.925, 3.512, 0.646]
[1030.397, 378, 80, 8, 12, 12, 8, 12, 0, 0, 0, 0, 0, 0, 0, 4, 8, 0, 16, 4, 0, 0, 0, 0, 0, 8, 2, 5.51, 2.644, 0.929]
[1592.587, 582, 124, 12, 18, 18, 12, 18, 0, 0, 0, 0, 0, 0, 0, 6, 12, 0, 24, 6, 0, 0, 0, 0, 0, 8, 3, 5.323, 2.866, 0.93]
[2154.778, 786, 168, 16, 24, 24, 16, 24, 0, 0, 0, 0, 0, 0, 0, 8, 16, 0, 32, 8, 0, 0, 0, 0, 0, 8, 4, 5.2, 3.102, 0.803]
[2716.969, 990, 212, 20, 30, 30, 20, 30, 0, 0, 0, 0, 0, 0, 0, 10, 20, 0, 40, 10, 0, 0, 0, 0, 0, 8, 5, 5.121, 3.247, 0.745]
[3279.159, 1194, 256, 24, 36, 36, 24, 36, 0, 0, 0, 0, 0, 0, 0, 12, 24, 0, 48, 12, 0, 0, 0, 0, 0, 8, 6, 5.063, 3.348, 0.713]
[3841.35, 1398, 300, 28, 42, 42, 28, 42, 0, 0, 0, 0, 0, 0, 0, 14, 28, 0, 56, 14, 0, 0, 0, 0, 0, 8, 7, 5.019, 3.424, 0.694]
[4403.54, 1602, 344, 32, 48, 48, 32, 48, 0, 0, 0, 0, 0, 0, 0, 16, 32, 0, 64, 16, 0, 0, 0, 0, 0, 8, 8, 4.984, 3.483, 0.682]
[4965.731, 1806, 388, 36, 54, 54, 36, 54, 0, 0, 0, 0, 0, 0, 0, 18, 36, 0, 72, 18, 0, 0, 0, 0, 0, 8, 9, 4.957, 3.531, 0.674]
[5527.922, 2010, 432, 40, 60, 60, 40, 60, 0, 0, 0, 0, 0, 0, 0, 20, 40, 0, 80, 20, 0, 0, 0, 0, 0, 8, 10, 4.933, 3.571, 0.669]
[1046.334, 378, 82, 4, 12, 12, 4, 12, 0, 0, 0, 0, 0, 0, 0, 8, 4, 0, 8, 0, 0, 0, 0, 0, 4, 2, 2, 6.236, 3.087, 0.947]
[1580.494, 570, 124, 6, 18, 18, 6, 18, 0, 0, 0, 0, 0, 0, 0, 12, 6, 0, 12, 0, 0, 0, 0, 0, 6, 2, 3, 6.043, 3.344, 0.868]
[2114.653, 762, 166, 8, 24, 24, 8, 24, 0, 0, 0, 0, 0, 0, 0, 16, 8, 0, 16, 0, 0, 0, 0, 0, 8, 2, 4, 5.89, 3.549, 0.744]
[2648.812, 954, 208, 10, 30, 30, 10, 30, 0, 0, 0, 0, 0, 0, 0, 20, 10, 0, 20, 0, 0, 0, 0, 0, 10, 2, 5, 5.798, 3.676, 0.698]
[3182.971, 1146, 250, 12, 36, 36, 12, 36, 0, 0, 0, 0, 0, 0, 0, 24, 12, 0, 24, 0, 0, 0, 0, 0, 12, 2, 6, 5.726, 3.776, 0.66]
[3717.131, 1338, 292, 14, 42, 42, 14, 42, 0, 0, 0, 0, 0, 0, 0, 28, 14, 0, 28, 0, 0, 0, 0, 0, 14, 2, 7, 5.668, 3.856, 0.628]
[4251.29, 1530, 334, 16, 48, 48, 16, 48, 0, 0, 0, 0, 0, 0, 0, 32, 16, 0, 32, 0, 0, 0, 0, 0, 16, 2, 8, 5.623, 3.918, 0.606]
[4785.449, 1722, 376, 18, 54, 54, 18, 54, 0, 0, 0, 0, 0, 0, 0, 36, 18, 0, 36, 0, 0, 0, 0, 0, 18, 2, 9, 5.585, 3.971, 0.59]
[5319.609, 1914, 418, 20, 60, 60, 20, 60, 0, 0, 0, 0, 0, 0, 0, 40, 20, 0, 40, 0, 0, 0, 0, 0, 20, 2, 10, 5.554, 4.014, 0.579]
[1070.334, 386, 84, 4, 12, 12, 4, 12, 0, 0, 0, 0, 0, 0, 0, 8, 4, 0, 8, 0, 0, 0, 0, 0, 4, 4, 2, 6.195, 3.123, 0.955]
[1628.494, 586, 128, 6, 18, 18, 6, 18, 0, 0, 0, 0, 0, 0, 0, 12, 6, 0, 12, 0, 0, 0, 0, 0, 6, 4, 3, 6.032, 3.36, 0.938]
[2186.653, 786, 172, 8, 24, 24, 8, 24, 0, 0, 0, 0, 0, 0, 0, 16, 8, 0, 16, 0, 0, 0, 0, 0, 8, 4, 4, 5.881, 3.546, 0.814]
[2744.812, 986, 216, 10, 30, 30, 10, 30, 0, 0, 0, 0, 0, 0, 0, 20, 10, 0, 20, 0, 0, 0, 0, 0, 10, 4, 5, 5.779, 3.676, 0.743]
[3302.971, 1186, 260, 12, 36, 36, 12, 36, 0, 0, 0, 0, 0, 0, 0, 24, 12, 0, 24, 0, 0, 0, 0, 0, 12, 4, 6, 5.705, 3.771, 0.702]
[3861.131, 1386, 304, 14, 42, 42, 14, 42, 0, 0, 0, 0, 0, 0, 0, 28, 14, 0, 28, 0, 0, 0, 0, 0, 14, 4, 7, 5.648, 3.844, 0.677]
[4419.29, 1586, 348, 16, 48, 48, 16, 48, 0, 0, 0, 0, 0, 0, 0, 32, 16, 0, 32, 0, 0, 0, 0, 0, 16, 4, 8, 5.603, 3.902, 0.661]
[4977.449, 1786, 392, 18, 54, 54, 18, 54, 0, 0, 0, 0, 0, 0, 0, 36, 18, 0, 36, 0, 0, 0, 0, 0, 18, 4, 9, 5.565, 3.949, 0.65]
[5535.609, 1986, 436, 20, 60, 60, 20, 60, 0, 0, 0, 0, 0, 0, 0, 40, 20, 0, 40, 0, 0, 0, 0, 0, 20, 4, 10, 5.534, 3.989, 0.642]
[1094.334, 394, 86, 4, 12, 12, 4, 12, 0, 0, 0, 0, 0, 0, 0, 8, 4, 0, 8, 0, 0, 0, 0, 0, 4, 6, 2, 6.168, 3.157, 0.967]
[1676.494, 602, 132, 6, 18, 18, 6, 18, 0, 0, 0, 0, 0, 0, 0, 12, 6, 0, 12, 0, 0, 0, 0, 0, 6, 6, 3, 5.996, 3.4, 0.943]
[2258.653, 810, 178, 8, 24, 24, 8, 24, 0, 0, 0, 0, 0, 0, 0, 16, 8, 0, 16, 0, 0, 0, 0, 0, 8, 6, 4, 5.847, 3.583, 0.825]
[2840.812, 1018, 224, 10, 30, 30, 10, 30, 0, 0, 0, 0, 0, 0, 0, 20, 10, 0, 20, 0, 0, 0, 0, 0, 10, 6, 5, 5.748, 3.706, 0.765]
[3422.971, 1226, 270, 12, 36, 36, 12, 36, 0, 0, 0, 0, 0, 0, 0, 24, 12, 0, 24, 0, 0, 0, 0, 0, 12, 6, 6, 5.678, 3.796, 0.732]
[4005.131, 1434, 316, 14, 42, 42, 14, 42, 0, 0, 0, 0, 0, 0, 0, 28, 14, 0, 28, 0, 0, 0, 0, 0, 14, 6, 7, 5.623, 3.863, 0.711]
[4587.29, 1642, 362, 16, 48, 48, 16, 48, 0, 0, 0, 0, 0, 0, 0, 32, 16, 0, 32, 0, 0, 0, 0, 0, 16, 6, 8, 5.581, 3.918, 0.699]
[5169.449, 1850, 408, 18, 54, 54, 18, 54, 0, 0, 0, 0, 0, 0, 0, 36, 18, 0, 36, 0, 0, 0, 0, 0, 18, 6, 9, 5.545, 3.962, 0.69]
[5751.609, 2058, 454, 20, 60, 60, 20, 60, 0, 0, 0, 0, 0, 0, 0, 40, 20, 0, 40, 0, 0, 0, 0, 0, 20, 6, 10, 5.516, 3.999, 0.684]
[1118.334, 402, 88, 4, 12, 12, 4, 12, 0, 0, 0, 0, 0, 0, 0, 8, 4, 0, 8, 0, 0, 0, 0, 0, 4, 8, 2, 6.144, 3.189, 0.974]
[1724.494, 618, 136, 6, 18, 18, 6, 18, 0, 0, 0, 0, 0, 0, 0, 12, 6, 0, 12, 0, 0, 0, 0, 0, 6, 8, 3, 5.961, 3.441, 0.934]
[2330.653, 834, 184, 8, 24, 24, 8, 24, 0, 0, 0, 0, 0, 0, 0, 16, 8, 0, 16, 0, 0, 0, 0, 0, 8, 8, 4, 5.816, 3.62, 0.83]
[2936.812, 1050, 232, 10, 30, 30, 10, 30, 0, 0, 0, 0, 0, 0, 0, 20, 10, 0, 20, 0, 0, 0, 0, 0, 10, 8, 5, 5.722, 3.737, 0.778]
[3542.971, 1266, 280, 12, 36, 36, 12, 36, 0, 0, 0, 0, 0, 0, 0, 24, 12, 0, 24, 0, 0, 0, 0, 0, 12, 8, 6, 5.654, 3.822, 0.751]
[4149.131, 1482, 328, 14, 42, 42, 14, 42, 0, 0, 0, 0, 0, 0, 0, 28, 14, 0, 28, 0, 0, 0, 0, 0, 14, 8, 7, 5.602, 3.887, 0.734]
[4755.29, 1698, 376, 16, 48, 48, 16, 48, 0, 0, 0, 0, 0, 0, 0, 32, 16, 0, 32, 0, 0, 0, 0, 0, 16, 8, 8, 5.561, 3.938, 0.724]
[5361.449, 1914, 424, 18, 54, 54, 18, 54, 0, 0, 0, 0, 0, 0, 0, 36, 18, 0, 36, 0, 0, 0, 0, 0, 18, 8, 9, 5.528, 3.979, 0.716]
[5967.609, 2130, 472, 20, 60, 60, 20, 60, 0, 0, 0, 0, 0, 0, 0, 40, 20, 0, 40, 0, 0, 0, 0, 0, 20, 8, 10, 5.5, 4.014, 0.711]
[946.353, 346, 74, 4, 8, 8, 4, 8, 0, 0, 0, 0, 0, 0, 0, 4, 4, 0, 8, 0, 0, 0, 0, 0, 0, 2, 2, 6.032, 2.651, 0.975]
[1430.522, 522, 112, 6, 12, 12, 6, 12, 0, 0, 0, 0, 0, 0, 0, 6, 6, 0, 12, 0, 0, 0, 0, 0, 0, 2, 3, 5.797, 2.944, 0.875]
[1914.691, 698, 150, 8, 16, 16, 8, 16, 0, 0, 0, 0, 0, 0, 0, 8, 8, 0, 16, 0, 0, 0, 0, 0, 0, 2, 4, 5.622, 3.164, 0.757]
[2398.86, 874, 188, 10, 20, 20, 10, 20, 0, 0, 0, 0, 0, 0, 0, 10, 10, 0, 20, 0, 0, 0, 0, 0, 0, 2, 5, 5.501, 3.314, 0.682]
[2883.028, 1050, 226, 12, 24, 24, 12, 24, 0, 0, 0, 0, 0, 0, 0, 12, 12, 0, 24, 0, 0, 0, 0, 0, 0, 2, 6, 5.414, 3.419, 0.638]
[3367.197, 1226, 264, 14, 28, 28, 14, 28, 0, 0, 0, 0, 0, 0, 0, 14, 14, 0, 28, 0, 0, 0, 0, 0, 0, 2, 7, 5.349, 3.497, 0.607]
[3851.366, 1402, 302, 16, 32, 32, 16, 32, 0, 0, 0, 0, 0, 0, 0, 16, 16, 0, 32, 0, 0, 0, 0, 0, 0, 2, 8, 5.294, 3.564, 0.586]
[4335.535, 1578, 340, 18, 36, 36, 18, 36, 0, 0, 0, 0, 0, 0, 0, 18, 18, 0, 36, 0, 0, 0, 0, 0, 0, 2, 9, 5.25, 3.616, 0.568]
[4819.704, 1754, 378, 20, 40, 40, 20, 40, 0, 0, 0, 0, 0, 0, 0, 20, 20, 0, 40, 0, 0, 0, 0, 0, 0, 2, 10, 5.214, 3.659, 0.557]
[970.353, 354, 76, 4, 8, 8, 4, 8, 0, 0, 0, 0, 0, 0, 0, 4, 4, 0, 8, 0, 0, 0, 0, 0, 0, 4, 2, 6.01, 2.695, 0.997]
[1478.522, 538, 116, 6, 12, 12, 6, 12, 0, 0, 0, 0, 0, 0, 0, 6, 6, 0, 12, 0, 0, 0, 0, 0, 0, 4, 3, 5.808, 2.955, 0.955]
[1986.691, 722, 156, 8, 16, 16, 8, 16, 0, 0, 0, 0, 0, 0, 0, 8, 8, 0, 16, 0, 0, 0, 0, 0, 0, 4, 4, 5.631, 3.182, 0.817]
[2494.86, 906, 196, 10, 20, 20, 10, 20, 0, 0, 0, 0, 0, 0, 0, 10, 10, 0, 20, 0, 0, 0, 0, 0, 0, 4, 5, 5.513, 3.331, 0.741]
[3003.028, 1090, 236, 12, 24, 24, 12, 24, 0, 0, 0, 0, 0, 0, 0, 12, 12, 0, 24, 0, 0, 0, 0, 0, 0, 4, 6, 5.429, 3.437, 0.697]
[3511.197, 1274, 276, 14, 28, 28, 14, 28, 0, 0, 0, 0, 0, 0, 0, 14, 14, 0, 28, 0, 0, 0, 0, 0, 0, 4, 7, 5.364, 3.517, 0.67]
[4019.366, 1458, 316, 16, 32, 32, 16, 32, 0, 0, 0, 0, 0, 0, 0, 16, 16, 0, 32, 0, 0, 0, 0, 0, 0, 4, 8, 5.311, 3.58, 0.652]
[4527.535, 1642, 356, 18, 36, 36, 18, 36, 0, 0, 0, 0, 0, 0, 0, 18, 18, 0, 36, 0, 0, 0, 0, 0, 0, 4, 9, 5.269, 3.631, 0.639]
[5035.704, 1826, 396, 20, 40, 40, 20, 40, 0, 0, 0, 0, 0, 0, 0, 20, 20, 0, 40, 0, 0, 0, 0, 0, 0, 4, 10, 5.234, 3.674, 0.63]
[994.353, 362, 78, 4, 8, 8, 4, 8, 0, 0, 0, 0, 0, 0, 0, 4, 4, 0, 8, 0, 0, 0, 0, 0, 0, 6, 2, 5.991, 2.747, 1.009]
[1526.522, 554, 120, 6, 12, 12, 6, 12, 0, 0, 0, 0, 0, 0, 0, 6, 6, 0, 12, 0, 0, 0, 0, 0, 0, 6, 3, 5.786, 3.025, 0.955]
[2058.691, 746, 162, 8, 16, 16, 8, 16, 0, 0, 0, 0, 0, 0, 0, 8, 8, 0, 16, 0, 0, 0, 0, 0, 0, 6, 4, 5.617, 3.249, 0.828]
[2590.86, 938, 204, 10, 20, 20, 10, 20, 0, 0, 0, 0, 0, 0, 0, 10, 10, 0, 20, 0, 0, 0, 0, 0, 0, 6, 5, 5.506, 3.389, 0.765]
[3123.028, 1130, 246, 12, 24, 24, 12, 24, 0, 0, 0, 0, 0, 0, 0, 12, 12, 0, 24, 0, 0, 0, 0, 0, 0, 6, 6, 5.428, 3.491, 0.73]
[3655.197, 1322, 288, 14, 28, 28, 14, 28, 0, 0, 0, 0, 0, 0, 0, 14, 14, 0, 28, 0, 0, 0, 0, 0, 0, 6, 7, 5.367, 3.567, 0.708]
[4187.366, 1514, 330, 16, 32, 32, 16, 32, 0, 0, 0, 0, 0, 0, 0, 16, 16, 0, 32, 0, 0, 0, 0, 0, 0, 6, 8, 5.319, 3.626, 0.694]
[4719.535, 1706, 372, 18, 36, 36, 18, 36, 0, 0, 0, 0, 0, 0, 0, 18, 18, 0, 36, 0, 0, 0, 0, 0, 0, 6, 9, 5.282, 3.673, 0.684]
[5251.704, 1898, 414, 20, 40, 40, 20, 40, 0, 0, 0, 0, 0, 0, 0, 20, 20, 0, 40, 0, 0, 0, 0, 0, 0, 6, 10, 5.249, 3.713, 0.677]
[1018.353, 370, 80, 4, 8, 8, 4, 8, 0, 0, 0, 0, 0, 0, 0, 4, 4, 0, 8, 0, 0, 0, 0, 0, 0, 8, 2, 5.974, 2.798, 1.015]
[1574.522, 570, 124, 6, 12, 12, 6, 12, 0, 0, 0, 0, 0, 0, 0, 6, 6, 0, 12, 0, 0, 0, 0, 0, 0, 8, 3, 5.765, 3.091, 0.948]
[2130.691, 770, 168, 8, 16, 16, 8, 16, 0, 0, 0, 0, 0, 0, 0, 8, 8, 0, 16, 0, 0, 0, 0, 0, 0, 8, 4, 5.603, 3.307, 0.834]
[2686.86, 970, 212, 10, 20, 20, 10, 20, 0, 0, 0, 0, 0, 0, 0, 10, 10, 0, 20, 0, 0, 0, 0, 0, 0, 8, 5, 5.499, 3.445, 0.78]
[3243.028, 1170, 256, 12, 24, 24, 12, 24, 0, 0, 0, 0, 0, 0, 0, 12, 12, 0, 24, 0, 0, 0, 0, 0, 0, 8, 6, 5.423, 3.54, 0.749]
[3799.197, 1370, 300, 14, 28, 28, 14, 28, 0, 0, 0, 0, 0, 0, 0, 14, 14, 0, 28, 0, 0, 0, 0, 0, 0, 8, 7, 5.367, 3.612, 0.731]
[4355.366, 1570, 344, 16, 32, 32, 16, 32, 0, 0, 0, 0, 0, 0, 0, 16, 16, 0, 32, 0, 0, 0, 0, 0, 0, 8, 8, 5.323, 3.669, 0.72]
[4911.535, 1770, 388, 18, 36, 36, 18, 36, 0, 0, 0, 0, 0, 0, 0, 18, 18, 0, 36, 0, 0, 0, 0, 0, 0, 8, 9, 5.287, 3.715, 0.713]
[5467.704, 1970, 432, 20, 40, 40, 20, 40, 0, 0, 0, 0, 0, 0, 0, 20, 20, 0, 40, 0, 0, 0, 0, 0, 0, 8, 10, 5.257, 3.751, 0.707]
[1122.313, 410, 86, 8, 16, 16, 8, 16, 4, 0, 0, 4, 4, 4, 4, 4, 4, 0, 8, 0, 0, 0, 0, 0, 0, 2, 2, 6.329, 2.939, 1.007]
[1694.461, 618, 130, 12, 24, 24, 12, 24, 6, 0, 0, 6, 6, 6, 6, 6, 6, 0, 12, 0, 0, 0, 0, 0, 0, 2, 3, 6.102, 3.259, 0.889]
[2266.609, 826, 174, 16, 32, 32, 16, 32, 8, 0, 0, 8, 8, 8, 8, 8, 8, 0, 16, 0, 0, 0, 0, 0, 0, 2, 4, 5.949, 3.479, 0.78]
[2838.758, 1034, 218, 20, 40, 40, 20, 40, 10, 0, 0, 10, 10, 10, 10, 10, 10, 0, 20, 0, 0, 0, 0, 0, 0, 2, 5, 5.837, 3.641, 0.7]
[3410.906, 1242, 262, 24, 48, 48, 24, 48, 12, 0, 0, 12, 12, 12, 12, 12, 12, 0, 24, 0, 0, 0, 0, 0, 0, 2, 6, 5.757, 3.752, 0.653]
[3983.055, 1450, 306, 28, 56, 56, 28, 56, 14, 0, 0, 14, 14, 14, 14, 14, 14, 0, 28, 0, 0, 0, 0, 0, 0, 2, 7, 5.697, 3.837, 0.622]
[4555.203, 1658, 350, 32, 64, 64, 32, 64, 16, 0, 0, 16, 16, 16, 16, 16, 16, 0, 32, 0, 0, 0, 0, 0, 0, 2, 8, 5.651, 3.905, 0.6]
[5127.352, 1866, 394, 36, 72, 72, 36, 72, 18, 0, 0, 18, 18, 18, 18, 18, 18, 0, 36, 0, 0, 0, 0, 0, 0, 2, 9, 5.608, 3.962, 0.583]
[5699.5, 2074, 438, 40, 80, 80, 40, 80, 20, 0, 0, 20, 20, 20, 20, 20, 20, 0, 40, 0, 0, 0, 0, 0, 0, 2, 10, 5.574, 4.008, 0.571]
[1146.313, 418, 88, 8, 16, 16, 8, 16, 4, 0, 0, 4, 4, 4, 4, 4, 4, 0, 8, 0, 0, 0, 0, 0, 0, 4, 2, 6.278, 2.975, 1.015]
[1742.461, 634, 134, 12, 24, 24, 12, 24, 6, 0, 0, 6, 6, 6, 6, 6, 6, 0, 12, 0, 0, 0, 0, 0, 0, 4, 3, 6.094, 3.245, 0.972]
[2338.609, 850, 180, 16, 32, 32, 16, 32, 8, 0, 0, 8, 8, 8, 8, 8, 8, 0, 16, 0, 0, 0, 0, 0, 0, 4, 4, 5.925, 3.477, 0.832]
[2934.758, 1066, 226, 20, 40, 40, 20, 40, 10, 0, 0, 10, 10, 10, 10, 10, 10, 0, 20, 0, 0, 0, 0, 0, 0, 4, 5, 5.815, 3.629, 0.756]
[3530.906, 1282, 272, 24, 48, 48, 24, 48, 12, 0, 0, 12, 12, 12, 12, 12, 12, 0, 24, 0, 0, 0, 0, 0, 0, 4, 6, 5.734, 3.739, 0.712]
[4127.055, 1498, 318, 28, 56, 56, 28, 56, 14, 0, 0, 14, 14, 14, 14, 14, 14, 0, 28, 0, 0, 0, 0, 0, 0, 4, 7, 5.674, 3.822, 0.685]
[4723.203, 1714, 364, 32, 64, 64, 32, 64, 16, 0, 0, 16, 16, 16, 16, 16, 16, 0, 32, 0, 0, 0, 0, 0, 0, 4, 8, 5.627, 3.885, 0.668]
[5319.352, 1930, 410, 36, 72, 72, 36, 72, 18, 0, 0, 18, 18, 18, 18, 18, 18, 0, 36, 0, 0, 0, 0, 0, 0, 4, 9, 5.587, 3.938, 0.655]
[5915.5, 2146, 456, 40, 80, 80, 40, 80, 20, 0, 0, 20, 20, 20, 20, 20, 20, 0, 40, 0, 0, 0, 0, 0, 0, 4, 10, 5.553, 3.982, 0.646]
[1170.313, 426, 90, 8, 16, 16, 8, 16, 4, 0, 0, 4, 4, 4, 4, 4, 4, 0, 8, 0, 0, 0, 0, 0, 0, 6, 2, 6.247, 3.014, 1.025]
[1790.461, 650, 138, 12, 24, 24, 12, 24, 6, 0, 0, 6, 6, 6, 6, 6, 6, 0, 12, 0, 0, 0, 0, 0, 0, 6, 3, 6.053, 3.292, 0.972]
[2410.609, 874, 186, 16, 32, 32, 16, 32, 8, 0, 0, 8, 8, 8, 8, 8, 8, 0, 16, 0, 0, 0, 0, 0, 0, 6, 4, 5.889, 3.516, 0.844]
[3030.758, 1098, 234, 20, 40, 40, 20, 40, 10, 0, 0, 10, 10, 10, 10, 10, 10, 0, 20, 0, 0, 0, 0, 0, 0, 6, 5, 5.783, 3.66, 0.78]
[3650.906, 1322, 282, 24, 48, 48, 24, 48, 12, 0, 0, 12, 12, 12, 12, 12, 12, 0, 24, 0, 0, 0, 0, 0, 0, 6, 6, 5.706, 3.761, 0.743]
[4271.055, 1546, 330, 28, 56, 56, 28, 56, 14, 0, 0, 14, 14, 14, 14, 14, 14, 0, 28, 0, 0, 0, 0, 0, 0, 6, 7, 5.649, 3.839, 0.722]
[4891.203, 1770, 378, 32, 64, 64, 32, 64, 16, 0, 0, 16, 16, 16, 16, 16, 16, 0, 32, 0, 0, 0, 0, 0, 0, 6, 8, 5.604, 3.9, 0.708]
[5511.352, 1994, 426, 36, 72, 72, 36, 72, 18, 0, 0, 18, 18, 18, 18, 18, 18, 0, 36, 0, 0, 0, 0, 0, 0, 6, 9, 5.567, 3.948, 0.698]
[6131.5, 2218, 474, 40, 80, 80, 40, 80, 20, 0, 0, 20, 20, 20, 20, 20, 20, 0, 40, 0, 0, 0, 0, 0, 0, 6, 10, 5.536, 3.988, 0.691]
[1194.313, 434, 92, 8, 16, 16, 8, 16, 4, 0, 0, 4, 4, 4, 4, 4, 4, 0, 8, 0, 0, 0, 0, 0, 0, 8, 2, 6.22, 3.053, 1.031]
[1838.461, 666, 142, 12, 24, 24, 12, 24, 6, 0, 0, 6, 6, 6, 6, 6, 6, 0, 12, 0, 0, 0, 0, 0, 0, 8, 3, 6.016, 3.344, 0.962]
[2482.609, 898, 192, 16, 32, 32, 16, 32, 8, 0, 0, 8, 8, 8, 8, 8, 8, 0, 16, 0, 0, 0, 0, 0, 0, 8, 4, 5.859, 3.559, 0.85]
[3126.758, 1130, 242, 20, 40, 40, 20, 40, 10, 0, 0, 10, 10, 10, 10, 10, 10, 0, 20, 0, 0, 0, 0, 0, 0, 8, 5, 5.756, 3.696, 0.795]
[3770.906, 1362, 292, 24, 48, 48, 24, 48, 12, 0, 0, 12, 12, 12, 12, 12, 12, 0, 24, 0, 0, 0, 0, 0, 0, 8, 6, 5.684, 3.792, 0.765]
[4415.055, 1594, 342, 28, 56, 56, 28, 56, 14, 0, 0, 14, 14, 14, 14, 14, 14, 0, 28, 0, 0, 0, 0, 0, 0, 8, 7, 5.63, 3.866, 0.747]
[5059.203, 1826, 392, 32, 64, 64, 32, 64, 16, 0, 0, 16, 16, 16, 16, 16, 16, 0, 32, 0, 0, 0, 0, 0, 0, 8, 8, 5.586, 3.922, 0.735]
[5703.352, 2058, 442, 36, 72, 72, 36, 72, 18, 0, 0, 18, 18, 18, 18, 18, 18, 0, 36, 0, 0, 0, 0, 0, 0, 8, 9, 5.552, 3.967, 0.728]
[6347.5, 2290, 492, 40, 80, 80, 40, 80, 20, 0, 0, 20, 20, 20, 20, 20, 20, 0, 40, 0, 0, 0, 0, 0, 0, 8, 10, 5.524, 4.005, 0.722]
[1122.313, 410, 86, 8, 16, 16, 8, 16, 4, 0, 0, 4, 4, 4, 4, 4, 4, 0, 8, 0, 0, 0, 0, 0, 0, 2, 2, 6.265, 2.857, 1.008]
[1694.461, 618, 130, 12, 24, 24, 12, 24, 6, 0, 0, 6, 6, 6, 6, 6, 6, 0, 12, 0, 0, 0, 0, 0, 0, 2, 3, 6.014, 3.217, 0.844]
[2266.609, 826, 174, 16, 32, 32, 16, 32, 8, 0, 0, 8, 8, 8, 8, 8, 8, 0, 16, 0, 0, 0, 0, 0, 0, 2, 4, 5.855, 3.437, 0.739]
[2838.758, 1034, 218, 20, 40, 40, 20, 40, 10, 0, 0, 10, 10, 10, 10, 10, 10, 0, 20, 0, 0, 0, 0, 0, 0, 2, 5, 5.746, 3.583, 0.675]
[3410.906, 1242, 262, 24, 48, 48, 24, 48, 12, 0, 0, 12, 12, 12, 12, 12, 12, 0, 24, 0, 0, 0, 0, 0, 0, 2, 6, 5.668, 3.69, 0.633]
[3983.055, 1450, 306, 28, 56, 56, 28, 56, 14, 0, 0, 14, 14, 14, 14, 14, 14, 0, 28, 0, 0, 0, 0, 0, 0, 2, 7, 5.608, 3.771, 0.607]
[4555.203, 1658, 350, 32, 64, 64, 32, 64, 16, 0, 0, 16, 16, 16, 16, 16, 16, 0, 32, 0, 0, 0, 0, 0, 0, 2, 8, 5.561, 3.836, 0.588]
[5127.352, 1866, 394, 36, 72, 72, 36, 72, 18, 0, 0, 18, 18, 18, 18, 18, 18, 0, 36, 0, 0, 0, 0, 0, 0, 2, 9, 5.52, 3.889, 0.573]
[5699.5, 2074, 438, 40, 80, 80, 40, 80, 20, 0, 0, 20, 20, 20, 20, 20, 20, 0, 40, 0, 0, 0, 0, 0, 0, 2, 10, 5.487, 3.933, 0.562]
[1146.313, 418, 88, 8, 16, 16, 8, 16, 4, 0, 0, 4, 4, 4, 4, 4, 4, 0, 8, 0, 0, 0, 0, 0, 0, 4, 2, 6.224, 2.902, 1.016]
[1742.461, 634, 134, 12, 24, 24, 12, 24, 6, 0, 0, 6, 6, 6, 6, 6, 6, 0, 12, 0, 0, 0, 0, 0, 0, 4, 3, 5.984, 3.277, 0.857]
[2338.609, 850, 180, 16, 32, 32, 16, 32, 8, 0, 0, 8, 8, 8, 8, 8, 8, 0, 16, 0, 0, 0, 0, 0, 0, 4, 4, 5.829, 3.483, 0.767]
[2934.758, 1066, 226, 20, 40, 40, 20, 40, 10, 0, 0, 10, 10, 10, 10, 10, 10, 0, 20, 0, 0, 0, 0, 0, 0, 4, 5, 5.725, 3.62, 0.717]
[3530.906, 1282, 272, 24, 48, 48, 24, 48, 12, 0, 0, 12, 12, 12, 12, 12, 12, 0, 24, 0, 0, 0, 0, 0, 0, 4, 6, 5.649, 3.717, 0.687]
[4127.055, 1498, 318, 28, 56, 56, 28, 56, 14, 0, 0, 14, 14, 14, 14, 14, 14, 0, 28, 0, 0, 0, 0, 0, 0, 4, 7, 5.591, 3.792, 0.667]
[4723.203, 1714, 364, 32, 64, 64, 32, 64, 16, 0, 0, 16, 16, 16, 16, 16, 16, 0, 32, 0, 0, 0, 0, 0, 0, 4, 8, 5.544, 3.85, 0.653]
[5319.352, 1930, 410, 36, 72, 72, 36, 72, 18, 0, 0, 18, 18, 18, 18, 18, 18, 0, 36, 0, 0, 0, 0, 0, 0, 4, 9, 5.506, 3.898, 0.643]
[5915.5, 2146, 456, 40, 80, 80, 40, 80, 20, 0, 0, 20, 20, 20, 20, 20, 20, 0, 40, 0, 0, 0, 0, 0, 0, 4, 10, 5.475, 3.938, 0.636]
[1170.313, 426, 90, 8, 16, 16, 8, 16, 4, 0, 0, 4, 4, 4, 4, 4, 4, 0, 8, 0, 0, 0, 0, 0, 0, 6, 2, 6.198, 2.946, 1.026]
[1790.461, 650, 138, 12, 24, 24, 12, 24, 6, 0, 0, 6, 6, 6, 6, 6, 6, 0, 12, 0, 0, 0, 0, 0, 0, 6, 3, 5.952, 3.306, 0.876]
[2410.609, 874, 186, 16, 32, 32, 16, 32, 8, 0, 0, 8, 8, 8, 8, 8, 8, 0, 16, 0, 0, 0, 0, 0, 0, 6, 4, 5.793, 3.503, 0.794]
[3030.758, 1098, 234, 20, 40, 40, 20, 40, 10, 0, 0, 10, 10, 10, 10, 10, 10, 0, 20, 0, 0, 0, 0, 0, 0, 6, 5, 5.695, 3.636, 0.751]
[3650.906, 1322, 282, 24, 48, 48, 24, 48, 12, 0, 0, 12, 12, 12, 12, 12, 12, 0, 24, 0, 0, 0, 0, 0, 0, 6, 6, 5.622, 3.731, 0.724]
[4271.055, 1546, 330, 28, 56, 56, 28, 56, 14, 0, 0, 14, 14, 14, 14, 14, 14, 0, 28, 0, 0, 0, 0, 0, 0, 6, 7, 5.567, 3.803, 0.707]
[4891.203, 1770, 378, 32, 64, 64, 32, 64, 16, 0, 0, 16, 16, 16, 16, 16, 16, 0, 32, 0, 0, 0, 0, 0, 0, 6, 8, 5.524, 3.859, 0.696]
[5511.352, 1994, 426, 36, 72, 72, 36, 72, 18, 0, 0, 18, 18, 18, 18, 18, 18, 0, 36, 0, 0, 0, 0, 0, 0, 6, 9, 5.489, 3.905, 0.688]
[6131.5, 2218, 474, 40, 80, 80, 40, 80, 20, 0, 0, 20, 20, 20, 20, 20, 20, 0, 40, 0, 0, 0, 0, 0, 0, 6, 10, 5.459, 3.942, 0.682]
[1194.313, 434, 92, 8, 16, 16, 8, 16, 4, 0, 0, 4, 4, 4, 4, 4, 4, 0, 8, 0, 0, 0, 0, 0, 0, 8, 2, 6.172, 2.987, 1.032]
[1838.461, 666, 142, 12, 24, 24, 12, 24, 6, 0, 0, 6, 6, 6, 6, 6, 6, 0, 12, 0, 0, 0, 0, 0, 0, 8, 3, 5.92, 3.341, 0.884]
[2482.609, 898, 192, 16, 32, 32, 16, 32, 8, 0, 0, 8, 8, 8, 8, 8, 8, 0, 16, 0, 0, 0, 0, 0, 0, 8, 4, 5.772, 3.541, 0.809]
[3126.758, 1130, 242, 20, 40, 40, 20, 40, 10, 0, 0, 10, 10, 10, 10, 10, 10, 0, 20, 0, 0, 0, 0, 0, 0, 8, 5, 5.674, 3.667, 0.771]
[3770.906, 1362, 292, 24, 48, 48, 24, 48, 12, 0, 0, 12, 12, 12, 12, 12, 12, 0, 24, 0, 0, 0, 0, 0, 0, 8, 6, 5.604, 3.759, 0.749]
[4415.055, 1594, 342, 28, 56, 56, 28, 56, 14, 0, 0, 14, 14, 14, 14, 14, 14, 0, 28, 0, 0, 0, 0, 0, 0, 8, 7, 5.551, 3.827, 0.734]
[5059.203, 1826, 392, 32, 64, 64, 32, 64, 16, 0, 0, 16, 16, 16, 16, 16, 16, 0, 32, 0, 0, 0, 0, 0, 0, 8, 8, 5.513, 3.882, 0.725]
[5703.352, 2058, 442, 36, 72, 72, 36, 72, 18, 0, 0, 18, 18, 18, 18, 18, 18, 0, 36, 0, 0, 0, 0, 0, 0, 8, 9, 5.479, 3.925, 0.718]
[6347.5, 2290, 492, 40, 80, 80, 40, 80, 20, 0, 0, 20, 20, 20, 20, 20, 20, 0, 40, 0, 0, 0, 0, 0, 0, 8, 10, 5.452, 3.96, 0.713]
[1010.333, 370, 78, 8, 12, 12, 8, 12, 0, 4, 4, 0, 0, 0, 0, 4, 4, 0, 8, 0, 0, 0, 0, 0, 0, 2, 2, 5.952, 2.616, 0.977]
[1526.492, 558, 118, 12, 18, 18, 12, 18, 0, 6, 6, 0, 0, 0, 0, 6, 6, 0, 12, 0, 0, 0, 0, 0, 0, 2, 3, 5.721, 2.925, 0.858]
[2042.65, 746, 158, 16, 24, 24, 16, 24, 0, 8, 8, 0, 0, 0, 0, 8, 8, 0, 16, 0, 0, 0, 0, 0, 0, 2, 4, 5.552, 3.148, 0.733]
[2558.809, 934, 198, 20, 30, 30, 20, 30, 0, 10, 10, 0, 0, 0, 0, 10, 10, 0, 20, 0, 0, 0, 0, 0, 0, 2, 5, 5.447, 3.284, 0.688]
[3074.967, 1122, 238, 24, 36, 36, 24, 36, 0, 12, 12, 0, 0, 0, 0, 12, 12, 0, 24, 0, 0, 0, 0, 0, 0, 2, 6, 5.364, 3.388, 0.645]
[3591.126, 1310, 278, 28, 42, 42, 28, 42, 0, 14, 14, 0, 0, 0, 0, 14, 14, 0, 28, 0, 0, 0, 0, 0, 0, 2, 7, 5.3, 3.468, 0.614]
[4107.285, 1498, 318, 32, 48, 48, 32, 48, 0, 16, 16, 0, 0, 0, 0, 16, 16, 0, 32, 0, 0, 0, 0, 0, 0, 2, 8, 5.252, 3.526, 0.601]
[4623.443, 1686, 358, 36, 54, 54, 36, 54, 0, 18, 18, 0, 0, 0, 0, 18, 18, 0, 36, 0, 0, 0, 0, 0, 0, 2, 9, 5.211, 3.578, 0.584]
[5139.602, 1874, 398, 40, 60, 60, 40, 60, 0, 20, 20, 0, 0, 0, 0, 20, 20, 0, 40, 0, 0, 0, 0, 0, 0, 2, 10, 5.177, 3.619, 0.572]
[1034.333, 378, 80, 8, 12, 12, 8, 12, 0, 4, 4, 0, 0, 0, 0, 4, 4, 0, 8, 0, 0, 0, 0, 0, 0, 4, 2, 5.933, 2.669, 0.992]
[1574.492, 574, 122, 12, 18, 18, 12, 18, 0, 6, 6, 0, 0, 0, 0, 6, 6, 0, 12, 0, 0, 0, 0, 0, 0, 4, 3, 5.747, 2.916, 0.965]
[2114.65, 770, 164, 16, 24, 24, 16, 24, 0, 8, 8, 0, 0, 0, 0, 8, 8, 0, 16, 0, 0, 0, 0, 0, 0, 4, 4, 5.575, 3.153, 0.813]
[2654.809, 966, 206, 20, 30, 30, 20, 30, 0, 10, 10, 0, 0, 0, 0, 10, 10, 0, 20, 0, 0, 0, 0, 0, 0, 4, 5, 5.46, 3.299, 0.735]
[3194.967, 1162, 248, 24, 36, 36, 24, 36, 0, 12, 12, 0, 0, 0, 0, 12, 12, 0, 24, 0, 0, 0, 0, 0, 0, 4, 6, 5.376, 3.409, 0.689]
[3735.126, 1358, 290, 28, 42, 42, 28, 42, 0, 14, 14, 0, 0, 0, 0, 14, 14, 0, 28, 0, 0, 0, 0, 0, 0, 4, 7, 5.313, 3.491, 0.661]
[4275.285, 1554, 332, 32, 48, 48, 32, 48, 0, 16, 16, 0, 0, 0, 0, 16, 16, 0, 32, 0, 0, 0, 0, 0, 0, 4, 8, 5.262, 3.554, 0.643]
[4815.443, 1750, 374, 36, 54, 54, 36, 54, 0, 18, 18, 0, 0, 0, 0, 18, 18, 0, 36, 0, 0, 0, 0, 0, 0, 4, 9, 5.221, 3.604, 0.63]
[5355.602, 1946, 416, 40, 60, 60, 40, 60, 0, 20, 20, 0, 0, 0, 0, 20, 20, 0, 40, 0, 0, 0, 0, 0, 0, 4, 10, 5.187, 3.647, 0.621]
[1058.333, 386, 82, 8, 12, 12, 8, 12, 0, 4, 4, 0, 0, 0, 0, 4, 4, 0, 8, 0, 0, 0, 0, 0, 0, 6, 2, 5.915, 2.721, 1.003]
[1622.492, 590, 126, 12, 18, 18, 12, 18, 0, 6, 6, 0, 0, 0, 0, 6, 6, 0, 12, 0, 0, 0, 0, 0, 0, 6, 3, 5.724, 2.99, 0.958]
[2186.65, 794, 170, 16, 24, 24, 16, 24, 0, 8, 8, 0, 0, 0, 0, 8, 8, 0, 16, 0, 0, 0, 0, 0, 0, 6, 4, 5.562, 3.215, 0.825]
[2750.809, 998, 214, 20, 30, 30, 20, 30, 0, 10, 10, 0, 0, 0, 0, 10, 10, 0, 20, 0, 0, 0, 0, 0, 0, 6, 5, 5.454, 3.359, 0.758]
[3314.967, 1202, 258, 24, 36, 36, 24, 36, 0, 12, 12, 0, 0, 0, 0, 12, 12, 0, 24, 0, 0, 0, 0, 0, 0, 6, 6, 5.376, 3.46, 0.72]
[3879.126, 1406, 302, 28, 42, 42, 28, 42, 0, 14, 14, 0, 0, 0, 0, 14, 14, 0, 28, 0, 0, 0, 0, 0, 0, 6, 7, 5.317, 3.538, 0.699]
[4443.285, 1610, 346, 32, 48, 48, 32, 48, 0, 16, 16, 0, 0, 0, 0, 16, 16, 0, 32, 0, 0, 0, 0, 0, 0, 6, 8, 5.27, 3.597, 0.684]
[5007.443, 1814, 390, 36, 54, 54, 36, 54, 0, 18, 18, 0, 0, 0, 0, 18, 18, 0, 36, 0, 0, 0, 0, 0, 0, 6, 9, 5.233, 3.646, 0.674]
[5571.602, 2018, 434, 40, 60, 60, 40, 60, 0, 20, 20, 0, 0, 0, 0, 20, 20, 0, 40, 0, 0, 0, 0, 0, 0, 6, 10, 5.201, 3.686, 0.667]
[1082.333, 394, 84, 8, 12, 12, 8, 12, 0, 4, 4, 0, 0, 0, 0, 4, 4, 0, 8, 0, 0, 0, 0, 0, 0, 8, 2, 5.902, 2.773, 1.009]
[1670.492, 606, 130, 12, 18, 18, 12, 18, 0, 6, 6, 0, 0, 0, 0, 6, 6, 0, 12, 0, 0, 0, 0, 0, 0, 8, 3, 5.706, 3.063, 0.946]
[2258.65, 818, 176, 16, 24, 24, 16, 24, 0, 8, 8, 0, 0, 0, 0, 8, 8, 0, 16, 0, 0, 0, 0, 0, 0, 8, 4, 5.55, 3.282, 0.829]
[2846.809, 1030, 222, 20, 30, 30, 20, 30, 0, 10, 10, 0, 0, 0, 0, 10, 10, 0, 20, 0, 0, 0, 0, 0, 0, 8, 5, 5.449, 3.418, 0.772]
[3434.967, 1242, 268, 24, 36, 36, 24, 36, 0, 12, 12, 0, 0, 0, 0, 12, 12, 0, 24, 0, 0, 0, 0, 0, 0, 8, 6, 5.376, 3.516, 0.742]
[4023.126, 1454, 314, 28, 42, 42, 28, 42, 0, 14, 14, 0, 0, 0, 0, 14, 14, 0, 28, 0, 0, 0, 0, 0, 0, 8, 7, 5.322, 3.589, 0.724]
[4611.285, 1666, 360, 32, 48, 48, 32, 48, 0, 16, 16, 0, 0, 0, 0, 16, 16, 0, 32, 0, 0, 0, 0, 0, 0, 8, 8, 5.28, 3.646, 0.713]
[5199.443, 1878, 406, 36, 54, 54, 36, 54, 0, 18, 18, 0, 0, 0, 0, 18, 18, 0, 36, 0, 0, 0, 0, 0, 0, 8, 9, 5.245, 3.691, 0.705]
[5787.602, 2090, 452, 40, 60, 60, 40, 60, 0, 20, 20, 0, 0, 0, 0, 20, 20, 0, 40, 0, 0, 0, 0, 0, 0, 8, 10, 5.215, 3.728, 0.699]
[1138.292, 418, 86, 16, 20, 20, 16, 20, 0, 12, 12, 0, 0, 0, 0, 4, 4, 0, 8, 0, 0, 0, 0, 0, 0, 2, 2, 5.965, 2.687, 0.973]
[1718.431, 630, 130, 24, 30, 30, 24, 30, 0, 18, 18, 0, 0, 0, 0, 6, 6, 0, 12, 0, 0, 0, 0, 0, 0, 2, 3, 5.766, 3.017, 0.85]
[2298.569, 842, 174, 32, 40, 40, 32, 40, 0, 24, 24, 0, 0, 0, 0, 8, 8, 0, 16, 0, 0, 0, 0, 0, 0, 2, 4, 5.619, 3.243, 0.735]
[2878.707, 1054, 218, 40, 50, 50, 40, 50, 0, 30, 30, 0, 0, 0, 0, 10, 10, 0, 20, 0, 0, 0, 0, 0, 0, 2, 5, 5.515, 3.394, 0.662]
[3458.845, 1266, 262, 48, 60, 60, 48, 60, 0, 36, 36, 0, 0, 0, 0, 12, 12, 0, 24, 0, 0, 0, 0, 0, 0, 2, 6, 5.44, 3.503, 0.615]
[4038.984, 1478, 306, 56, 70, 70, 56, 70, 0, 42, 42, 0, 0, 0, 0, 14, 14, 0, 28, 0, 0, 0, 0, 0, 0, 2, 7, 5.379, 3.59, 0.583]
[4619.122, 1690, 350, 64, 80, 80, 64, 80, 0, 48, 48, 0, 0, 0, 0, 16, 16, 0, 32, 0, 0, 0, 0, 0, 0, 2, 8, 5.332, 3.658, 0.56]
[5199.26, 1902, 394, 72, 90, 90, 72, 90, 0, 54, 54, 0, 0, 0, 0, 18, 18, 0, 36, 0, 0, 0, 0, 0, 0, 2, 9, 5.293, 3.715, 0.544]
[5779.398, 2114, 438, 80, 100, 100, 80, 100, 0, 60, 60, 0, 0, 0, 0, 20, 20, 0, 40, 0, 0, 0, 0, 0, 0, 2, 10, 5.261, 3.76, 0.531]
[1162.292, 426, 88, 16, 20, 20, 16, 20, 0, 12, 12, 0, 0, 0, 0, 4, 4, 0, 8, 0, 0, 0, 0, 0, 0, 4, 2, 5.944, 2.732, 0.992]
[1766.431, 646, 134, 24, 30, 30, 24, 30, 0, 18, 18, 0, 0, 0, 0, 6, 6, 0, 12, 0, 0, 0, 0, 0, 0, 4, 3, 5.761, 3.028, 0.918]
[2370.569, 866, 180, 32, 40, 40, 32, 40, 0, 24, 24, 0, 0, 0, 0, 8, 8, 0, 16, 0, 0, 0, 0, 0, 0, 4, 4, 5.616, 3.26, 0.792]
[2974.707, 1086, 226, 40, 50, 50, 40, 50, 0, 30, 30, 0, 0, 0, 0, 10, 10, 0, 20, 0, 0, 0, 0, 0, 0, 4, 5, 5.516, 3.411, 0.721]
[3578.845, 1306, 272, 48, 60, 60, 48, 60, 0, 36, 36, 0, 0, 0, 0, 12, 12, 0, 24, 0, 0, 0, 0, 0, 0, 4, 6, 5.44, 3.519, 0.679]
[4182.984, 1526, 318, 56, 70, 70, 56, 70, 0, 42, 42, 0, 0, 0, 0, 14, 14, 0, 28, 0, 0, 0, 0, 0, 0, 4, 7, 5.384, 3.599, 0.653]
[4787.122, 1746, 364, 64, 80, 80, 64, 80, 0, 48, 48, 0, 0, 0, 0, 16, 16, 0, 32, 0, 0, 0, 0, 0, 0, 4, 8, 5.339, 3.663, 0.635]
[5391.26, 1966, 410, 72, 90, 90, 72, 90, 0, 54, 54, 0, 0, 0, 0, 18, 18, 0, 36, 0, 0, 0, 0, 0, 0, 4, 9, 5.301, 3.716, 0.623]
[5995.398, 2186, 456, 80, 100, 100, 80, 100, 0, 60, 60, 0, 0, 0, 0, 20, 20, 0, 40, 0, 0, 0, 0, 0, 0, 4, 10, 5.27, 3.759, 0.613]
[1186.292, 434, 90, 16, 20, 20, 16, 20, 0, 12, 12, 0, 0, 0, 0, 4, 4, 0, 8, 0, 0, 0, 0, 0, 0, 6, 2, 5.926, 2.78, 1.004]
[1814.431, 662, 138, 24, 30, 30, 24, 30, 0, 18, 18, 0, 0, 0, 0, 6, 6, 0, 12, 0, 0, 0, 0, 0, 0, 6, 3, 5.744, 3.084, 0.928]
[2442.569, 890, 186, 32, 40, 40, 32, 40, 0, 24, 24, 0, 0, 0, 0, 8, 8, 0, 16, 0, 0, 0, 0, 0, 0, 6, 4, 5.601, 3.31, 0.809]
[3070.707, 1118, 234, 40, 50, 50, 40, 50, 0, 30, 30, 0, 0, 0, 0, 10, 10, 0, 20, 0, 0, 0, 0, 0, 0, 6, 5, 5.504, 3.456, 0.748]
[3698.845, 1346, 282, 48, 60, 60, 48, 60, 0, 36, 36, 0, 0, 0, 0, 12, 12, 0, 24, 0, 0, 0, 0, 0, 0, 6, 6, 5.436, 3.559, 0.714]
[4326.984, 1574, 330, 56, 70, 70, 56, 70, 0, 42, 42, 0, 0, 0, 0, 14, 14, 0, 28, 0, 0, 0, 0, 0, 0, 6, 7, 5.382, 3.637, 0.692]
[4955.122, 1802, 378, 64, 80, 80, 64, 80, 0, 48, 48, 0, 0, 0, 0, 16, 16, 0, 32, 0, 0, 0, 0, 0, 0, 6, 8, 5.338, 3.696, 0.677]
[5583.26, 2030, 426, 72, 90, 90, 72, 90, 0, 54, 54, 0, 0, 0, 0, 18, 18, 0, 36, 0, 0, 0, 0, 0, 0, 6, 9, 5.302, 3.744, 0.667]
[6211.398, 2258, 474, 80, 100, 100, 80, 100, 0, 60, 60, 0, 0, 0, 0, 20, 20, 0, 40, 0, 0, 0, 0, 0, 0, 6, 10, 5.274, 3.784, 0.66]
[1210.292, 442, 92, 16, 20, 20, 16, 20, 0, 12, 12, 0, 0, 0, 0, 4, 4, 0, 8, 0, 0, 0, 0, 0, 0, 8, 2, 5.912, 2.83, 1.01]
[1862.431, 678, 142, 24, 30, 30, 24, 30, 0, 18, 18, 0, 0, 0, 0, 6, 6, 0, 12, 0, 0, 0, 0, 0, 0, 8, 3, 5.724, 3.146, 0.921]
[2514.569, 914, 192, 32, 40, 40, 32, 40, 0, 24, 24, 0, 0, 0, 0, 8, 8, 0, 16, 0, 0, 0, 0, 0, 0, 8, 4, 5.587, 3.365, 0.816]
[3166.707, 1150, 242, 40, 50, 50, 40, 50, 0, 30, 30, 0, 0, 0, 0, 10, 10, 0, 20, 0, 0, 0, 0, 0, 0, 8, 5, 5.496, 3.505, 0.764]
[3818.845, 1386, 292, 48, 60, 60, 48, 60, 0, 36, 36, 0, 0, 0, 0, 12, 12, 0, 24, 0, 0, 0, 0, 0, 0, 8, 6, 5.429, 3.603, 0.735]
[4470.984, 1622, 342, 56, 70, 70, 56, 70, 0, 42, 42, 0, 0, 0, 0, 14, 14, 0, 28, 0, 0, 0, 0, 0, 0, 8, 7, 5.378, 3.677, 0.717]
[5123.122, 1858, 392, 64, 80, 80, 64, 80, 0, 48, 48, 0, 0, 0, 0, 16, 16, 0, 32, 0, 0, 0, 0, 0, 0, 8, 8, 5.337, 3.733, 0.706]
[5775.26, 2094, 442, 72, 90, 90, 72, 90, 0, 54, 54, 0, 0, 0, 0, 18, 18, 0, 36, 0, 0, 0, 0, 0, 0, 8, 9, 5.305, 3.779, 0.698]
[6427.398, 2330, 492, 80, 100, 100, 80, 100, 0, 60, 60, 0, 0, 0, 0, 20, 20, 0, 40, 0, 0, 0, 0, 0, 0, 8, 10, 5.278, 3.816, 0.692]
[1058.333, 386, 82, 4, 12, 12, 4, 12, 0, 0, 0, 0, 0, 4, 4, 4, 4, 0, 8, 0, 0, 0, 0, 0, 0, 2, 2, 6.352, 2.988, 1.004]
[1598.492, 582, 124, 6, 18, 18, 6, 18, 0, 0, 0, 0, 0, 6, 6, 6, 6, 0, 12, 0, 0, 0, 0, 0, 0, 2, 3, 6.17, 3.267, 0.943]
[2138.65, 778, 166, 8, 24, 24, 8, 24, 0, 0, 0, 0, 0, 8, 8, 8, 8, 0, 16, 0, 0, 0, 0, 0, 0, 2, 4, 5.997, 3.519, 0.787]
[2678.809, 974, 208, 10, 30, 30, 10, 30, 0, 0, 0, 0, 0, 10, 10, 10, 10, 0, 20, 0, 0, 0, 0, 0, 0, 2, 5, 5.885, 3.679, 0.708]
[3218.967, 1170, 250, 12, 36, 36, 12, 36, 0, 0, 0, 0, 0, 12, 12, 12, 12, 0, 24, 0, 0, 0, 0, 0, 0, 2, 6, 5.808, 3.792, 0.663]
[3759.126, 1366, 292, 14, 42, 42, 14, 42, 0, 0, 0, 0, 0, 14, 14, 14, 14, 0, 28, 0, 0, 0, 0, 0, 0, 2, 7, 5.748, 3.879, 0.631]
[4299.285, 1562, 334, 16, 48, 48, 16, 48, 0, 0, 0, 0, 0, 16, 16, 16, 16, 0, 32, 0, 0, 0, 0, 0, 0, 2, 8, 5.695, 3.943, 0.623]
[4839.443, 1758, 376, 18, 54, 54, 18, 54, 0, 0, 0, 0, 0, 18, 18, 18, 18, 0, 36, 0, 0, 0, 0, 0, 0, 2, 9, 5.654, 4.007, 0.593]
[5379.602, 1954, 418, 20, 60, 60, 20, 60, 0, 0, 0, 0, 0, 20, 20, 20, 20, 0, 40, 0, 0, 0, 0, 0, 0, 2, 10, 5.622, 4.054, 0.581]
[1082.333, 394, 84, 4, 12, 12, 4, 12, 0, 0, 0, 0, 0, 4, 4, 4, 4, 0, 8, 0, 0, 0, 0, 0, 0, 4, 2, 6.309, 3.018, 1.02]
[1646.492, 598, 128, 6, 18, 18, 6, 18, 0, 0, 0, 0, 0, 6, 6, 6, 6, 0, 12, 0, 0, 0, 0, 0, 0, 4, 3, 6.14, 3.277, 0.994]
[2210.65, 802, 172, 8, 24, 24, 8, 24, 0, 0, 0, 0, 0, 8, 8, 8, 8, 0, 16, 0, 0, 0, 0, 0, 0, 4, 4, 5.971, 3.506, 0.845]
[2774.809, 1006, 216, 10, 30, 30, 10, 30, 0, 0, 0, 0, 0, 10, 10, 10, 10, 0, 20, 0, 0, 0, 0, 0, 0, 4, 5, 5.859, 3.661, 0.764]
[3338.967, 1210, 260, 12, 36, 36, 12, 36, 0, 0, 0, 0, 0, 12, 12, 12, 12, 0, 24, 0, 0, 0, 0, 0, 0, 4, 6, 5.779, 3.772, 0.718]
[3903.126, 1414, 304, 14, 42, 42, 14, 42, 0, 0, 0, 0, 0, 14, 14, 14, 14, 0, 28, 0, 0, 0, 0, 0, 0, 4, 7, 5.718, 3.855, 0.69]
[4467.285, 1618, 348, 16, 48, 48, 16, 48, 0, 0, 0, 0, 0, 16, 16, 16, 16, 0, 32, 0, 0, 0, 0, 0, 0, 4, 8, 5.669, 3.921, 0.671]
[5031.443, 1822, 392, 18, 54, 54, 18, 54, 0, 0, 0, 0, 0, 18, 18, 18, 18, 0, 36, 0, 0, 0, 0, 0, 0, 4, 9, 5.63, 3.974, 0.658]
[5595.602, 2026, 436, 20, 60, 60, 20, 60, 0, 0, 0, 0, 0, 20, 20, 20, 20, 0, 40, 0, 0, 0, 0, 0, 0, 4, 10, 5.596, 4.019, 0.648]
[1106.333, 402, 86, 4, 12, 12, 4, 12, 0, 0, 0, 0, 0, 4, 4, 4, 4, 0, 8, 0, 0, 0, 0, 0, 0, 6, 2, 6.277, 3.055, 1.03]
[1694.492, 614, 132, 6, 18, 18, 6, 18, 0, 0, 0, 0, 0, 6, 6, 6, 6, 0, 12, 0, 0, 0, 0, 0, 0, 6, 3, 6.093, 3.323, 0.989]
[2282.65, 826, 178, 8, 24, 24, 8, 24, 0, 0, 0, 0, 0, 8, 8, 8, 8, 0, 16, 0, 0, 0, 0, 0, 0, 6, 4, 5.929, 3.545, 0.854]
[2870.809, 1038, 224, 10, 30, 30, 10, 30, 0, 0, 0, 0, 0, 10, 10, 10, 10, 0, 20, 0, 0, 0, 0, 0, 0, 6, 5, 5.823, 3.69, 0.786]
[3458.967, 1250, 270, 12, 36, 36, 12, 36, 0, 0, 0, 0, 0, 12, 12, 12, 12, 0, 24, 0, 0, 0, 0, 0, 0, 6, 6, 5.747, 3.793, 0.749]
[4047.126, 1462, 316, 14, 42, 42, 14, 42, 0, 0, 0, 0, 0, 14, 14, 14, 14, 0, 28, 0, 0, 0, 0, 0, 0, 6, 7, 5.689, 3.871, 0.727]
[4635.285, 1674, 362, 16, 48, 48, 16, 48, 0, 0, 0, 0, 0, 16, 16, 16, 16, 0, 32, 0, 0, 0, 0, 0, 0, 6, 8, 5.643, 3.932, 0.712]
[5223.443, 1886, 408, 18, 54, 54, 18, 54, 0, 0, 0, 0, 0, 18, 18, 18, 18, 0, 36, 0, 0, 0, 0, 0, 0, 6, 9, 5.606, 3.982, 0.702]
[5811.602, 2098, 454, 20, 60, 60, 20, 60, 0, 0, 0, 0, 0, 20, 20, 20, 20, 0, 40, 0, 0, 0, 0, 0, 0, 6, 10, 5.575, 4.022, 0.694]
[1130.333, 410, 88, 4, 12, 12, 4, 12, 0, 0, 0, 0, 0, 4, 4, 4, 4, 0, 8, 0, 0, 0, 0, 0, 0, 8, 2, 6.248, 3.093, 1.035]
[1742.492, 630, 136, 6, 18, 18, 6, 18, 0, 0, 0, 0, 0, 6, 6, 6, 6, 0, 12, 0, 0, 0, 0, 0, 0, 8, 3, 6.051, 3.372, 0.975]
[2354.65, 850, 184, 8, 24, 24, 8, 24, 0, 0, 0, 0, 0, 8, 8, 8, 8, 0, 16, 0, 0, 0, 0, 0, 0, 8, 4, 5.893, 3.585, 0.857]
[2966.809, 1070, 232, 10, 30, 30, 10, 30, 0, 0, 0, 0, 0, 10, 10, 10, 10, 0, 20, 0, 0, 0, 0, 0, 0, 8, 5, 5.791, 3.723, 0.799]
[3578.967, 1290, 280, 12, 36, 36, 12, 36, 0, 0, 0, 0, 0, 12, 12, 12, 12, 0, 24, 0, 0, 0, 0, 0, 0, 8, 6, 5.717, 3.82, 0.768]
[4191.126, 1510, 328, 14, 42, 42, 14, 42, 0, 0, 0, 0, 0, 14, 14, 14, 14, 0, 28, 0, 0, 0, 0, 0, 0, 8, 7, 5.662, 3.893, 0.749]
[4803.285, 1730, 376, 16, 48, 48, 16, 48, 0, 0, 0, 0, 0, 16, 16, 16, 16, 0, 32, 0, 0, 0, 0, 0, 0, 8, 8, 5.62, 3.951, 0.738]
[5415.443, 1950, 424, 18, 54, 54, 18, 54, 0, 0, 0, 0, 0, 18, 18, 18, 18, 0, 36, 0, 0, 0, 0, 0, 0, 8, 9, 5.584, 3.997, 0.729]
[6027.602, 2170, 472, 20, 60, 60, 20, 60, 0, 0, 0, 0, 0, 20, 20, 20, 20, 0, 40, 0, 0, 0, 0, 0, 0, 8, 10, 5.555, 4.034, 0.723]
[1058.478, 394, 82, 4, 8, 8, 4, 8, 0, 0, 0, 0, 0, 0, 0, 4, 4, 0, 8, 0, 0, 0, 0, 0, 0, 2, 2, 5.987, 2.628, 0.976]
[1598.71, 594, 124, 6, 12, 12, 6, 12, 0, 0, 0, 0, 0, 0, 0, 6, 6, 0, 12, 0, 0, 0, 0, 0, 0, 2, 3, 5.739, 2.938, 0.849]
[2138.941, 794, 166, 8, 16, 16, 8, 16, 0, 0, 0, 0, 0, 0, 0, 8, 8, 0, 16, 0, 0, 0, 0, 0, 0, 2, 4, 5.564, 3.152, 0.733]
[2679.173, 994, 208, 10, 20, 20, 10, 20, 0, 0, 0, 0, 0, 0, 0, 10, 10, 0, 20, 0, 0, 0, 0, 0, 0, 2, 5, 5.448, 3.294, 0.665]
[3219.404, 1194, 250, 12, 24, 24, 12, 24, 0, 0, 0, 0, 0, 0, 0, 12, 12, 0, 24, 0, 0, 0, 0, 0, 0, 2, 6, 5.364, 3.396, 0.622]
[3759.635, 1394, 292, 14, 28, 28, 14, 28, 0, 0, 0, 0, 0, 0, 0, 14, 14, 0, 28, 0, 0, 0, 0, 0, 0, 2, 7, 5.299, 3.475, 0.593]
[4299.867, 1594, 334, 16, 32, 32, 16, 32, 0, 0, 0, 0, 0, 0, 0, 16, 16, 0, 32, 0, 0, 0, 0, 0, 0, 2, 8, 5.247, 3.538, 0.574]
[4840.098, 1794, 376, 18, 36, 36, 18, 36, 0, 0, 0, 0, 0, 0, 0, 18, 18, 0, 36, 0, 0, 0, 0, 0, 0, 2, 9, 5.204, 3.588, 0.559]
[5380.33, 1994, 418, 20, 40, 40, 20, 40, 0, 0, 0, 0, 0, 0, 0, 20, 20, 0, 40, 0, 0, 0, 0, 0, 0, 2, 10, 5.167, 3.63, 0.549]
[1082.478, 402, 84, 4, 8, 8, 4, 8, 0, 0, 0, 0, 0, 0, 0, 4, 4, 0, 8, 0, 0, 0, 0, 0, 0, 4, 2, 5.964, 2.676, 0.993]
[1646.71, 610, 128, 6, 12, 12, 6, 12, 0, 0, 0, 0, 0, 0, 0, 6, 6, 0, 12, 0, 0, 0, 0, 0, 0, 4, 3, 5.718, 2.991, 0.871]
[2210.941, 818, 172, 8, 16, 16, 8, 16, 0, 0, 0, 0, 0, 0, 0, 8, 8, 0, 16, 0, 0, 0, 0, 0, 0, 4, 4, 5.554, 3.198, 0.769]
[2775.173, 1026, 216, 10, 20, 20, 10, 20, 0, 0, 0, 0, 0, 0, 0, 10, 10, 0, 20, 0, 0, 0, 0, 0, 0, 4, 5, 5.444, 3.335, 0.712]
[3339.404, 1234, 260, 12, 24, 24, 12, 24, 0, 0, 0, 0, 0, 0, 0, 12, 12, 0, 24, 0, 0, 0, 0, 0, 0, 4, 6, 5.364, 3.433, 0.677]
[3903.635, 1442, 304, 14, 28, 28, 14, 28, 0, 0, 0, 0, 0, 0, 0, 14, 14, 0, 28, 0, 0, 0, 0, 0, 0, 4, 7, 5.304, 3.507, 0.656]
[4467.867, 1650, 348, 16, 32, 32, 16, 32, 0, 0, 0, 0, 0, 0, 0, 16, 16, 0, 32, 0, 0, 0, 0, 0, 0, 4, 8, 5.256, 3.566, 0.641]
[5032.098, 1858, 392, 18, 36, 36, 18, 36, 0, 0, 0, 0, 0, 0, 0, 18, 18, 0, 36, 0, 0, 0, 0, 0, 0, 4, 9, 5.217, 3.614, 0.63]
[5596.33, 2066, 436, 20, 40, 40, 20, 40, 0, 0, 0, 0, 0, 0, 0, 20, 20, 0, 40, 0, 0, 0, 0, 0, 0, 4, 10, 5.183, 3.653, 0.623]
[1106.478, 410, 86, 4, 8, 8, 4, 8, 0, 0, 0, 0, 0, 0, 0, 4, 4, 0, 8, 0, 0, 0, 0, 0, 0, 6, 2, 5.948, 2.727, 1.005]
[1694.71, 626, 132, 6, 12, 12, 6, 12, 0, 0, 0, 0, 0, 0, 0, 6, 6, 0, 12, 0, 0, 0, 0, 0, 0, 6, 3, 5.708, 3.047, 0.887]
[2282.941, 842, 178, 8, 16, 16, 8, 16, 0, 0, 0, 0, 0, 0, 0, 8, 8, 0, 16, 0, 0, 0, 0, 0, 0, 6, 4, 5.55, 3.253, 0.793]
[2871.173, 1058, 224, 10, 20, 20, 10, 20, 0, 0, 0, 0, 0, 0, 0, 10, 10, 0, 20, 0, 0, 0, 0, 0, 0, 6, 5, 5.446, 3.386, 0.743]
[3459.404, 1274, 270, 12, 24, 24, 12, 24, 0, 0, 0, 0, 0, 0, 0, 12, 12, 0, 24, 0, 0, 0, 0, 0, 0, 6, 6, 5.37, 3.481, 0.714]
[4047.635, 1490, 316, 14, 28, 28, 14, 28, 0, 0, 0, 0, 0, 0, 0, 14, 14, 0, 28, 0, 0, 0, 0, 0, 0, 6, 7, 5.312, 3.553, 0.696]
[4635.867, 1706, 362, 16, 32, 32, 16, 32, 0, 0, 0, 0, 0, 0, 0, 16, 16, 0, 32, 0, 0, 0, 0, 0, 0, 6, 8, 5.267, 3.608, 0.684]
[5224.098, 1922, 408, 18, 36, 36, 18, 36, 0, 0, 0, 0, 0, 0, 0, 18, 18, 0, 36, 0, 0, 0, 0, 0, 0, 6, 9, 5.23, 3.654, 0.675]
[5812.33, 2138, 454, 20, 40, 40, 20, 40, 0, 0, 0, 0, 0, 0, 0, 20, 20, 0, 40, 0, 0, 0, 0, 0, 0, 6, 10, 5.199, 3.69, 0.669]
[1130.478, 418, 88, 4, 8, 8, 4, 8, 0, 0, 0, 0, 0, 0, 0, 4, 4, 0, 8, 0, 0, 0, 0, 0, 0, 8, 2, 5.934, 2.779, 1.011]
[1742.71, 642, 136, 6, 12, 12, 6, 12, 0, 0, 0, 0, 0, 0, 0, 6, 6, 0, 12, 0, 0, 0, 0, 0, 0, 8, 3, 5.697, 3.107, 0.891]
[2354.941, 866, 184, 8, 16, 16, 8, 16, 0, 0, 0, 0, 0, 0, 0, 8, 8, 0, 16, 0, 0, 0, 0, 0, 0, 8, 4, 5.544, 3.31, 0.806]
[2967.173, 1090, 232, 10, 20, 20, 10, 20, 0, 0, 0, 0, 0, 0, 0, 10, 10, 0, 20, 0, 0, 0, 0, 0, 0, 8, 5, 5.444, 3.439, 0.762]
[3579.404, 1314, 280, 12, 24, 24, 12, 24, 0, 0, 0, 0, 0, 0, 0, 12, 12, 0, 24, 0, 0, 0, 0, 0, 0, 8, 6, 5.375, 3.532, 0.739]
[4191.635, 1538, 328, 14, 28, 28, 14, 28, 0, 0, 0, 0, 0, 0, 0, 14, 14, 0, 28, 0, 0, 0, 0, 0, 0, 8, 7, 5.32, 3.599, 0.723]
[4803.867, 1762, 376, 16, 32, 32, 16, 32, 0, 0, 0, 0, 0, 0, 0, 16, 16, 0, 32, 0, 0, 0, 0, 0, 0, 8, 8, 5.278, 3.653, 0.713]
[5416.098, 1986, 424, 18, 36, 36, 18, 36, 0, 0, 0, 0, 0, 0, 0, 18, 18, 0, 36, 0, 0, 0, 0, 0, 0, 8, 9, 5.244, 3.696, 0.707]
[6028.33, 2210, 472, 20, 40, 40, 20, 40, 0, 0, 0, 0, 0, 0, 0, 20, 20, 0, 40, 0, 0, 0, 0, 0, 0, 8, 10, 5.216, 3.731, 0.702]
[1114.541, 418, 86, 4, 8, 8, 4, 8, 0, 0, 0, 0, 0, 0, 0, 4, 4, 0, 8, 0, 0, 0, 0, 0, 0, 2, 2, 6.092, 2.69, 0.976]
[1682.804, 630, 130, 6, 12, 12, 6, 12, 0, 0, 0, 0, 0, 0, 0, 6, 6, 0, 12, 0, 0, 0, 0, 0, 0, 2, 3, 5.836, 2.998, 0.849]
[2251.066, 842, 174, 8, 16, 16, 8, 16, 0, 0, 0, 0, 0, 0, 0, 8, 8, 0, 16, 0, 0, 0, 0, 0, 0, 2, 4, 5.657, 3.222, 0.727]
[2819.329, 1054, 218, 10, 20, 20, 10, 20, 0, 0, 0, 0, 0, 0, 0, 10, 10, 0, 20, 0, 0, 0, 0, 0, 0, 2, 5, 5.54, 3.367, 0.656]
[3387.592, 1266, 262, 12, 24, 24, 12, 24, 0, 0, 0, 0, 0, 0, 0, 12, 12, 0, 24, 0, 0, 0, 0, 0, 0, 2, 6, 5.455, 3.474, 0.612]
[3955.855, 1478, 306, 14, 28, 28, 14, 28, 0, 0, 0, 0, 0, 0, 0, 14, 14, 0, 28, 0, 0, 0, 0, 0, 0, 2, 7, 5.388, 3.553, 0.582]
[4524.117, 1690, 350, 16, 32, 32, 16, 32, 0, 0, 0, 0, 0, 0, 0, 16, 16, 0, 32, 0, 0, 0, 0, 0, 0, 2, 8, 5.335, 3.616, 0.561]
[5092.38, 1902, 394, 18, 36, 36, 18, 36, 0, 0, 0, 0, 0, 0, 0, 18, 18, 0, 36, 0, 0, 0, 0, 0, 0, 2, 9, 5.293, 3.667, 0.546]
[5660.643, 2114, 438, 20, 40, 40, 20, 40, 0, 0, 0, 0, 0, 0, 0, 20, 20, 0, 40, 0, 0, 0, 0, 0, 0, 2, 10, 5.258, 3.711, 0.534]
[1138.541, 426, 88, 4, 8, 8, 4, 8, 0, 0, 0, 0, 0, 0, 0, 4, 4, 0, 8, 0, 0, 0, 0, 0, 0, 4, 2, 6.061, 2.734, 0.992]
[1730.804, 646, 134, 6, 12, 12, 6, 12, 0, 0, 0, 0, 0, 0, 0, 6, 6, 0, 12, 0, 0, 0, 0, 0, 0, 4, 3, 5.822, 3.036, 0.889]
[2323.066, 866, 180, 8, 16, 16, 8, 16, 0, 0, 0, 0, 0, 0, 0, 8, 8, 0, 16, 0, 0, 0, 0, 0, 0, 4, 4, 5.649, 3.251, 0.774]
[2915.329, 1086, 226, 10, 20, 20, 10, 20, 0, 0, 0, 0, 0, 0, 0, 10, 10, 0, 20, 0, 0, 0, 0, 0, 0, 4, 5, 5.535, 3.393, 0.71]
[3507.592, 1306, 272, 12, 24, 24, 12, 24, 0, 0, 0, 0, 0, 0, 0, 12, 12, 0, 24, 0, 0, 0, 0, 0, 0, 4, 6, 5.453, 3.493, 0.672]
[4099.855, 1526, 318, 14, 28, 28, 14, 28, 0, 0, 0, 0, 0, 0, 0, 14, 14, 0, 28, 0, 0, 0, 0, 0, 0, 4, 7, 5.39, 3.57, 0.648]
[4692.117, 1746, 364, 16, 32, 32, 16, 32, 0, 0, 0, 0, 0, 0, 0, 16, 16, 0, 32, 0, 0, 0, 0, 0, 0, 4, 8, 5.34, 3.629, 0.632]
[5284.38, 1966, 410, 18, 36, 36, 18, 36, 0, 0, 0, 0, 0, 0, 0, 18, 18, 0, 36, 0, 0, 0, 0, 0, 0, 4, 9, 5.299, 3.677, 0.62]
[5876.643, 2186, 456, 20, 40, 40, 20, 40, 0, 0, 0, 0, 0, 0, 0, 20, 20, 0, 40, 0, 0, 0, 0, 0, 0, 4, 10, 5.265, 3.719, 0.611]
[1162.541, 434, 90, 4, 8, 8, 4, 8, 0, 0, 0, 0, 0, 0, 0, 4, 4, 0, 8, 0, 0, 0, 0, 0, 0, 6, 2, 6.041, 2.784, 1.004]
[1778.804, 662, 138, 6, 12, 12, 6, 12, 0, 0, 0, 0, 0, 0, 0, 6, 6, 0, 12, 0, 0, 0, 0, 0, 0, 6, 3, 5.803, 3.096, 0.898]
[2395.066, 890, 186, 8, 16, 16, 8, 16, 0, 0, 0, 0, 0, 0, 0, 8, 8, 0, 16, 0, 0, 0, 0, 0, 0, 6, 4, 5.638, 3.308, 0.794]
[3011.329, 1118, 234, 10, 20, 20, 10, 20, 0, 0, 0, 0, 0, 0, 0, 10, 10, 0, 20, 0, 0, 0, 0, 0, 0, 6, 5, 5.53, 3.445, 0.74]
[3627.592, 1346, 282, 12, 24, 24, 12, 24, 0, 0, 0, 0, 0, 0, 0, 12, 12, 0, 24, 0, 0, 0, 0, 0, 0, 6, 6, 5.453, 3.539, 0.709]
[4243.855, 1574, 330, 14, 28, 28, 14, 28, 0, 0, 0, 0, 0, 0, 0, 14, 14, 0, 28, 0, 0, 0, 0, 0, 0, 6, 7, 5.395, 3.611, 0.689]
[4860.117, 1802, 378, 16, 32, 32, 16, 32, 0, 0, 0, 0, 0, 0, 0, 16, 16, 0, 32, 0, 0, 0, 0, 0, 0, 6, 8, 5.349, 3.669, 0.677]
[5476.38, 2030, 426, 18, 36, 36, 18, 36, 0, 0, 0, 0, 0, 0, 0, 18, 18, 0, 36, 0, 0, 0, 0, 0, 0, 6, 9, 5.311, 3.715, 0.667]
[6092.643, 2258, 474, 20, 40, 40, 20, 40, 0, 0, 0, 0, 0, 0, 0, 20, 20, 0, 40, 0, 0, 0, 0, 0, 0, 6, 10, 5.28, 3.753, 0.661]
[1186.541, 442, 92, 4, 8, 8, 4, 8, 0, 0, 0, 0, 0, 0, 0, 4, 4, 0, 8, 0, 0, 0, 0, 0, 0, 8, 2, 6.024, 2.834, 1.011]
[1826.804, 678, 142, 6, 12, 12, 6, 12, 0, 0, 0, 0, 0, 0, 0, 6, 6, 0, 12, 0, 0, 0, 0, 0, 0, 8, 3, 5.784, 3.153, 0.9]
[2467.066, 914, 192, 8, 16, 16, 8, 16, 0, 0, 0, 0, 0, 0, 0, 8, 8, 0, 16, 0, 0, 0, 0, 0, 0, 8, 4, 5.626, 3.36, 0.806]
[3107.329, 1150, 242, 10, 20, 20, 10, 20, 0, 0, 0, 0, 0, 0, 0, 10, 10, 0, 20, 0, 0, 0, 0, 0, 0, 8, 5, 5.524, 3.491, 0.759]
[3747.592, 1386, 292, 12, 24, 24, 12, 24, 0, 0, 0, 0, 0, 0, 0, 12, 12, 0, 24, 0, 0, 0, 0, 0, 0, 8, 6, 5.449, 3.584, 0.732]
[4387.855, 1622, 342, 14, 28, 28, 14, 28, 0, 0, 0, 0, 0, 0, 0, 14, 14, 0, 28, 0, 0, 0, 0, 0, 0, 8, 7, 5.395, 3.654, 0.716]
[5028.117, 1858, 392, 16, 32, 32, 16, 32, 0, 0, 0, 0, 0, 0, 0, 16, 16, 0, 32, 0, 0, 0, 0, 0, 0, 8, 8, 5.351, 3.708, 0.706]
[5668.38, 2094, 442, 18, 36, 36, 18, 36, 0, 0, 0, 0, 0, 0, 0, 18, 18, 0, 36, 0, 0, 0, 0, 0, 0, 8, 9, 5.316, 3.751, 0.698]
[6308.643, 2330, 492, 20, 40, 40, 20, 40, 0, 0, 0, 0, 0, 0, 0, 20, 20, 0, 40, 0, 0, 0, 0, 0, 0, 8, 10, 5.286, 3.787, 0.693]
[1186.438, 442, 90, 4, 16, 16, 4, 16, 0, 0, 0, 0, 0, 0, 0, 4, 4, 0, 8, 0, 8, 0, 0, 0, 0, 2, 2, 6.159, 2.746, 0.988]
[1790.649, 666, 136, 6, 24, 24, 6, 24, 0, 0, 0, 0, 0, 0, 0, 6, 6, 0, 12, 0, 12, 0, 0, 0, 0, 2, 3, 5.847, 3.036, 0.842]
[2394.86, 890, 182, 8, 32, 32, 8, 32, 0, 0, 0, 0, 0, 0, 0, 8, 8, 0, 16, 0, 16, 0, 0, 0, 0, 2, 4, 5.668, 3.232, 0.739]
[2999.071, 1114, 228, 10, 40, 40, 10, 40, 0, 0, 0, 0, 0, 0, 0, 10, 10, 0, 20, 0, 20, 0, 0, 0, 0, 2, 5, 5.545, 3.355, 0.687]
[3603.282, 1338, 274, 12, 48, 48, 12, 48, 0, 0, 0, 0, 0, 0, 0, 12, 12, 0, 24, 0, 24, 0, 0, 0, 0, 2, 6, 5.461, 3.453, 0.648]
[4207.493, 1562, 320, 14, 56, 56, 14, 56, 0, 0, 0, 0, 0, 0, 0, 14, 14, 0, 28, 0, 28, 0, 0, 0, 0, 2, 7, 5.389, 3.533, 0.611]
[4811.704, 1786, 366, 16, 64, 64, 16, 64, 0, 0, 0, 0, 0, 0, 0, 16, 16, 0, 32, 0, 32, 0, 0, 0, 0, 2, 8, 5.334, 3.593, 0.587]
[5415.915, 2010, 412, 18, 72, 72, 18, 72, 0, 0, 0, 0, 0, 0, 0, 18, 18, 0, 36, 0, 36, 0, 0, 0, 0, 2, 9, 5.288, 3.644, 0.569]
[6020.126, 2234, 458, 20, 80, 80, 20, 80, 0, 0, 0, 0, 0, 0, 0, 20, 20, 0, 40, 0, 40, 0, 0, 0, 0, 2, 10, 5.25, 3.686, 0.555]
[1210.438, 450, 92, 4, 16, 16, 4, 16, 0, 0, 0, 0, 0, 0, 0, 4, 4, 0, 8, 0, 8, 0, 0, 0, 0, 4, 2, 6.108, 2.793, 0.993]
[1838.649, 682, 140, 6, 24, 24, 6, 24, 0, 0, 0, 0, 0, 0, 0, 6, 6, 0, 12, 0, 12, 0, 0, 0, 0, 4, 3, 5.935, 2.952, 1.047]
[2466.86, 914, 188, 8, 32, 32, 8, 32, 0, 0, 0, 0, 0, 0, 0, 8, 8, 0, 16, 0, 16, 0, 0, 0, 0, 4, 4, 5.715, 3.198, 0.839]
[3095.071, 1146, 236, 10, 40, 40, 10, 40, 0, 0, 0, 0, 0, 0, 0, 10, 10, 0, 20, 0, 20, 0, 0, 0, 0, 4, 5, 5.586, 3.334, 0.754]
[3723.282, 1378, 284, 12, 48, 48, 12, 48, 0, 0, 0, 0, 0, 0, 0, 12, 12, 0, 24, 0, 24, 0, 0, 0, 0, 4, 6, 5.488, 3.437, 0.702]
[4351.493, 1610, 332, 14, 56, 56, 14, 56, 0, 0, 0, 0, 0, 0, 0, 14, 14, 0, 28, 0, 28, 0, 0, 0, 0, 4, 7, 5.413, 3.523, 0.669]
[4979.704, 1842, 380, 16, 64, 64, 16, 64, 0, 0, 0, 0, 0, 0, 0, 16, 16, 0, 32, 0, 32, 0, 0, 0, 0, 4, 8, 5.35, 3.587, 0.647]
[5607.915, 2074, 428, 18, 72, 72, 18, 72, 0, 0, 0, 0, 0, 0, 0, 18, 18, 0, 36, 0, 36, 0, 0, 0, 0, 4, 9, 5.3, 3.64, 0.633]
[6236.126, 2306, 476, 20, 80, 80, 20, 80, 0, 0, 0, 0, 0, 0, 0, 20, 20, 0, 40, 0, 40, 0, 0, 0, 0, 4, 10, 5.263, 3.68, 0.623]
[1234.438, 458, 94, 4, 16, 16, 4, 16, 0, 0, 0, 0, 0, 0, 0, 4, 4, 0, 8, 0, 8, 0, 0, 0, 0, 6, 2, 6.085, 2.839, 1.005]
[1886.649, 698, 144, 6, 24, 24, 6, 24, 0, 0, 0, 0, 0, 0, 0, 6, 6, 0, 12, 0, 12, 0, 0, 0, 0, 6, 3, 5.896, 3.032, 1.024]
[2538.86, 938, 194, 8, 32, 32, 8, 32, 0, 0, 0, 0, 0, 0, 0, 8, 8, 0, 16, 0, 16, 0, 0, 0, 0, 6, 4, 5.698, 3.254, 0.853]
[3191.071, 1178, 244, 10, 40, 40, 10, 40, 0, 0, 0, 0, 0, 0, 0, 10, 10, 0, 20, 0, 20, 0, 0, 0, 0, 6, 5, 5.591, 3.417, 0.766]
[3843.282, 1418, 294, 12, 48, 48, 12, 48, 0, 0, 0, 0, 0, 0, 0, 12, 12, 0, 24, 0, 24, 0, 0, 0, 0, 6, 6, 5.517, 3.533, 0.71]
[4495.493, 1658, 344, 14, 56, 56, 14, 56, 0, 0, 0, 0, 0, 0, 0, 14, 14, 0, 28, 0, 28, 0, 0, 0, 0, 6, 7, 5.461, 3.621, 0.675]
[5147.704, 1898, 394, 16, 64, 64, 16, 64, 0, 0, 0, 0, 0, 0, 0, 16, 16, 0, 32, 0, 32, 0, 0, 0, 0, 6, 8, 5.4, 3.677, 0.642]
[5799.915, 2138, 444, 18, 72, 72, 18, 72, 0, 0, 0, 0, 0, 0, 0, 18, 18, 0, 36, 0, 36, 0, 0, 0, 0, 6, 9, 5.365, 3.733, 0.62]
[6452.126, 2378, 494, 20, 80, 80, 20, 80, 0, 0, 0, 0, 0, 0, 0, 20, 20, 0, 40, 0, 40, 0, 0, 0, 0, 6, 10, 5.336, 3.777, 0.606]
[1258.438, 466, 96, 4, 16, 16, 4, 16, 0, 0, 0, 0, 0, 0, 0, 4, 4, 0, 8, 0, 8, 0, 0, 0, 0, 8, 2, 6.062, 2.885, 1.011]
[1934.649, 714, 148, 6, 24, 24, 6, 24, 0, 0, 0, 0, 0, 0, 0, 6, 6, 0, 12, 0, 12, 0, 0, 0, 0, 8, 3, 5.86, 3.106, 1.0]
[2610.86, 962, 200, 8, 32, 32, 8, 32, 0, 0, 0, 0, 0, 0, 0, 8, 8, 0, 16, 0, 16, 0, 0, 0, 0, 8, 4, 5.668, 3.313, 0.852]
[3287.071, 1210, 252, 10, 40, 40, 10, 40, 0, 0, 0, 0, 0, 0, 0, 10, 10, 0, 20, 0, 20, 0, 0, 0, 0, 8, 5, 5.552, 3.448, 0.785]
[3963.282, 1458, 304, 12, 48, 48, 12, 48, 0, 0, 0, 0, 0, 0, 0, 12, 12, 0, 24, 0, 24, 0, 0, 0, 0, 8, 6, 5.468, 3.542, 0.751]
[4639.493, 1706, 356, 14, 56, 56, 14, 56, 0, 0, 0, 0, 0, 0, 0, 14, 14, 0, 30, 0, 28, 0, 0, 0, 0, 8, 7, 5.359, 3.767, 0.436]
[5315.704, 1954, 408, 16, 64, 64, 16, 64, 0, 0, 0, 0, 0, 0, 0, 16, 16, 0, 34, 0, 32, 0, 0, 0, 0, 8, 8, 5.322, 3.805, 0.44]
[5991.915, 2202, 460, 18, 72, 72, 18, 72, 0, 0, 0, 0, 0, 0, 0, 18, 18, 0, 36, 0, 36, 0, 0, 0, 0, 8, 9, 5.317, 3.715, 0.708]
[6668.126, 2450, 512, 20, 80, 80, 20, 80, 0, 0, 0, 0, 0, 0, 0, 20, 20, 0, 40, 0, 40, 0, 0, 0, 0, 8, 10, 5.284, 3.752, 0.703]
[1266.181, 442, 90, 8, 20, 20, 8, 24, 0, 0, 0, 0, 0, 0, 0, 4, 4, 0, 8, 0, 0, 0, 0, 0, 0, 2, 2, 6.329, 2.959, 1.008]
[1910.263, 666, 136, 12, 30, 30, 12, 36, 0, 0, 0, 0, 0, 0, 0, 6, 6, 0, 12, 0, 0, 0, 0, 0, 0, 2, 3, 6.19, 3.163, 1.043]
[2554.345, 890, 182, 16, 40, 40, 16, 48, 0, 0, 0, 0, 0, 0, 0, 8, 8, 0, 16, 0, 0, 0, 0, 0, 0, 2, 4, 5.956, 3.466, 0.801]
[3198.428, 1114, 228, 20, 50, 50, 20, 60, 0, 0, 0, 0, 0, 0, 0, 10, 10, 0, 20, 0, 0, 0, 0, 0, 0, 2, 5, 5.83, 3.631, 0.71]
[3842.51, 1338, 274, 24, 60, 60, 24, 72, 0, 0, 0, 0, 0, 0, 0, 12, 12, 0, 24, 0, 0, 0, 0, 0, 0, 2, 6, 5.747, 3.736, 0.663]
[4486.593, 1562, 320, 28, 70, 70, 28, 84, 0, 0, 0, 0, 0, 0, 0, 14, 14, 0, 28, 0, 0, 0, 0, 0, 0, 2, 7, 5.682, 3.818, 0.629]
[5130.675, 1786, 366, 32, 80, 80, 32, 96, 0, 0, 0, 0, 0, 0, 0, 16, 16, 0, 32, 0, 0, 0, 0, 0, 0, 2, 8, 5.63, 3.882, 0.604]
[5774.757, 2010, 412, 36, 90, 90, 36, 108, 0, 0, 0, 0, 0, 0, 0, 18, 18, 0, 36, 0, 0, 0, 0, 0, 0, 2, 9, 5.588, 3.934, 0.586]
[6418.84, 2234, 458, 40, 100, 100, 40, 120, 0, 0, 0, 0, 0, 0, 0, 20, 20, 0, 40, 0, 0, 0, 0, 0, 0, 2, 10, 5.553, 3.978, 0.572]
[1290.181, 450, 92, 8, 20, 20, 8, 24, 0, 0, 0, 0, 0, 0, 0, 4, 4, 0, 8, 0, 0, 0, 0, 0, 0, 4, 2, 6.287, 2.986, 1.026]
[1958.263, 682, 140, 12, 30, 30, 12, 36, 0, 0, 0, 0, 0, 0, 0, 6, 6, 0, 12, 0, 0, 0, 0, 0, 0, 4, 3, 6.16, 3.184, 1.083]
[2626.345, 914, 188, 16, 40, 40, 16, 48, 0, 0, 0, 0, 0, 0, 0, 8, 8, 0, 16, 0, 0, 0, 0, 0, 0, 4, 4, 5.971, 3.427, 0.885]
[3294.428, 1146, 236, 20, 50, 50, 20, 60, 0, 0, 0, 0, 0, 0, 0, 10, 10, 0, 20, 0, 0, 0, 0, 0, 0, 4, 5, 5.845, 3.587, 0.786]
[3962.51, 1378, 284, 24, 60, 60, 24, 72, 0, 0, 0, 0, 0, 0, 0, 12, 12, 0, 24, 0, 0, 0, 0, 0, 0, 4, 6, 5.754, 3.7, 0.732]
[4630.593, 1610, 332, 28, 70, 70, 28, 84, 0, 0, 0, 0, 0, 0, 0, 14, 14, 0, 28, 0, 0, 0, 0, 0, 0, 4, 7, 5.687, 3.784, 0.699]
[5298.675, 1842, 380, 32, 80, 80, 32, 96, 0, 0, 0, 0, 0, 0, 0, 16, 16, 0, 32, 0, 0, 0, 0, 0, 0, 4, 8, 5.633, 3.849, 0.678]
[5966.757, 2074, 428, 36, 90, 90, 36, 108, 0, 0, 0, 0, 0, 0, 0, 18, 18, 0, 36, 0, 0, 0, 0, 0, 0, 4, 9, 5.588, 3.903, 0.663]
[6634.84, 2306, 476, 40, 100, 100, 40, 120, 0, 0, 0, 0, 0, 0, 0, 20, 20, 0, 40, 0, 0, 0, 0, 0, 0, 4, 10, 5.552, 3.947, 0.651]
[1314.181, 458, 94, 8, 20, 20, 8, 24, 0, 0, 0, 0, 0, 0, 0, 4, 4, 0, 8, 0, 0, 0, 0, 0, 0, 6, 2, 6.257, 3.024, 1.036]
[2006.263, 698, 144, 12, 30, 30, 12, 36, 0, 0, 0, 0, 0, 0, 0, 6, 6, 0, 12, 0, 0, 0, 0, 0, 0, 6, 3, 6.104, 3.247, 1.056]
[2698.345, 938, 194, 16, 40, 40, 16, 48, 0, 0, 0, 0, 0, 0, 0, 8, 8, 0, 16, 0, 0, 0, 0, 0, 0, 6, 4, 5.923, 3.48, 0.883]
[3390.428, 1178, 244, 20, 50, 50, 20, 60, 0, 0, 0, 0, 0, 0, 0, 10, 10, 0, 20, 0, 0, 0, 0, 0, 0, 6, 5, 5.806, 3.628, 0.803]
[4082.51, 1418, 294, 24, 60, 60, 24, 72, 0, 0, 0, 0, 0, 0, 0, 12, 12, 0, 24, 0, 0, 0, 0, 0, 0, 6, 6, 5.723, 3.732, 0.76]
[4774.593, 1658, 344, 28, 70, 70, 28, 84, 0, 0, 0, 0, 0, 0, 0, 14, 14, 0, 28, 0, 0, 0, 0, 0, 0, 6, 7, 5.66, 3.811, 0.734]
[5466.675, 1898, 394, 32, 80, 80, 32, 96, 0, 0, 0, 0, 0, 0, 0, 16, 16, 0, 32, 0, 0, 0, 0, 0, 0, 6, 8, 5.61, 3.873, 0.717]
[6158.757, 2138, 444, 36, 90, 90, 36, 108, 0, 0, 0, 0, 0, 0, 0, 18, 18, 0, 36, 0, 0, 0, 0, 0, 0, 6, 9, 5.57, 3.922, 0.706]
[6850.84, 2378, 494, 40, 100, 100, 40, 120, 0, 0, 0, 0, 0, 0, 0, 20, 20, 0, 40, 0, 0, 0, 0, 0, 0, 6, 10, 5.535, 3.963, 0.698]
[1338.181, 466, 96, 8, 20, 20, 8, 24, 0, 0, 0, 0, 0, 0, 0, 4, 4, 0, 8, 0, 0, 0, 0, 0, 0, 8, 2, 6.23, 3.063, 1.041]
[2054.263, 714, 148, 12, 30, 30, 12, 36, 0, 0, 0, 0, 0, 0, 0, 6, 6, 0, 12, 0, 0, 0, 0, 0, 0, 8, 3, 6.056, 3.308, 1.027]
[2770.345, 962, 200, 16, 40, 40, 16, 48, 0, 0, 0, 0, 0, 0, 0, 8, 8, 0, 16, 0, 0, 0, 0, 0, 0, 8, 4, 5.883, 3.531, 0.878]
[3486.428, 1210, 252, 20, 50, 50, 20, 60, 0, 0, 0, 0, 0, 0, 0, 10, 10, 0, 20, 0, 0, 0, 0, 0, 0, 8, 5, 5.773, 3.671, 0.812]
[4202.51, 1458, 304, 24, 60, 60, 24, 72, 0, 0, 0, 0, 0, 0, 0, 12, 12, 0, 24, 0, 0, 0, 0, 0, 0, 8, 6, 5.695, 3.768, 0.777]
[4918.593, 1706, 356, 28, 70, 70, 28, 84, 0, 0, 0, 0, 0, 0, 0, 14, 14, 0, 28, 0, 0, 0, 0, 0, 0, 8, 7, 5.636, 3.842, 0.756]
[5634.675, 1954, 408, 32, 80, 80, 32, 96, 0, 0, 0, 0, 0, 0, 0, 16, 16, 0, 32, 0, 0, 0, 0, 0, 0, 8, 8, 5.59, 3.9, 0.743]
[6350.757, 2202, 460, 36, 90, 90, 36, 108, 0, 0, 0, 0, 0, 0, 0, 18, 18, 0, 36, 0, 0, 0, 0, 0, 0, 8, 9, 5.552, 3.946, 0.734]
[7066.84, 2450, 512, 40, 100, 100, 40, 120, 0, 0, 0, 0, 0, 0, 0, 20, 20, 0, 40, 0, 0, 0, 0, 0, 0, 8, 10, 5.52, 3.984, 0.728]
[1046.334, 378, 82, 4, 12, 12, 4, 12, 0, 0, 0, 0, 0, 0, 0, 8, 4, 0, 8, 0, 0, 4, 0, 0, 0, 2, 2, 6.428, 3.029, 1.007]
[1580.494, 570, 124, 6, 18, 18, 6, 18, 0, 0, 0, 0, 0, 0, 0, 12, 6, 0, 12, 0, 0, 6, 0, 0, 0, 2, 3, 6.204, 3.372, 0.875]
[2114.653, 762, 166, 8, 24, 24, 8, 24, 0, 0, 0, 0, 0, 0, 0, 16, 8, 0, 16, 0, 0, 8, 0, 0, 0, 2, 4, 6.049, 3.604, 0.759]
[2648.812, 954, 208, 10, 30, 30, 10, 30, 0, 0, 0, 0, 0, 0, 0, 20, 10, 0, 20, 0, 0, 10, 0, 0, 0, 2, 5, 5.944, 3.758, 0.689]
[3182.971, 1146, 250, 12, 36, 36, 12, 36, 0, 0, 0, 0, 0, 0, 0, 24, 12, 0, 24, 0, 0, 12, 0, 0, 0, 2, 6, 5.867, 3.871, 0.645]
[3717.131, 1338, 292, 14, 42, 42, 14, 42, 0, 0, 0, 0, 0, 0, 0, 28, 14, 0, 28, 0, 0, 14, 0, 0, 0, 2, 7, 5.807, 3.956, 0.616]
[4251.29, 1530, 334, 16, 48, 48, 16, 48, 0, 0, 0, 0, 0, 0, 0, 32, 16, 0, 32, 0, 0, 16, 0, 0, 0, 2, 8, 5.759, 4.023, 0.596]
[4785.449, 1722, 376, 18, 54, 54, 18, 54, 0, 0, 0, 0, 0, 0, 0, 36, 18, 0, 36, 0, 0, 18, 0, 0, 0, 2, 9, 5.72, 4.079, 0.582]
[5319.609, 1914, 418, 20, 60, 60, 20, 60, 0, 0, 0, 0, 0, 0, 0, 40, 20, 0, 40, 0, 0, 20, 0, 0, 0, 2, 10, 5.687, 4.124, 0.571]
[1070.334, 386, 84, 4, 12, 12, 4, 12, 0, 0, 0, 0, 0, 0, 0, 8, 4, 0, 8, 0, 0, 4, 0, 0, 0, 4, 2, 6.372, 3.063, 1.014]
[1628.494, 586, 128, 6, 18, 18, 6, 18, 0, 0, 0, 0, 0, 0, 0, 12, 6, 0, 12, 0, 0, 6, 0, 0, 0, 4, 3, 6.15, 3.388, 0.901]
[2186.653, 786, 172, 8, 24, 24, 8, 24, 0, 0, 0, 0, 0, 0, 0, 16, 8, 0, 16, 0, 0, 8, 0, 0, 0, 4, 4, 5.995, 3.607, 0.794]
[2744.812, 986, 216, 10, 30, 30, 10, 30, 0, 0, 0, 0, 0, 0, 0, 20, 10, 0, 20, 0, 0, 10, 0, 0, 0, 4, 5, 5.891, 3.752, 0.735]
[3302.971, 1186, 260, 12, 36, 36, 12, 36, 0, 0, 0, 0, 0, 0, 0, 24, 12, 0, 24, 0, 0, 12, 0, 0, 0, 4, 6, 5.814, 3.856, 0.699]
[3861.131, 1386, 304, 14, 42, 42, 14, 42, 0, 0, 0, 0, 0, 0, 0, 28, 14, 0, 28, 0, 0, 14, 0, 0, 0, 4, 7, 5.756, 3.934, 0.676]
[4419.29, 1586, 348, 16, 48, 48, 16, 48, 0, 0, 0, 0, 0, 0, 0, 32, 16, 0, 32, 0, 0, 16, 0, 0, 0, 4, 8, 5.709, 3.996, 0.661]
[4977.449, 1786, 392, 18, 54, 54, 18, 54, 0, 0, 0, 0, 0, 0, 0, 36, 18, 0, 36, 0, 0, 18, 0, 0, 0, 4, 9, 5.672, 4.046, 0.65]
[5535.609, 1986, 436, 20, 60, 60, 20, 60, 0, 0, 0, 0, 0, 0, 0, 40, 20, 0, 40, 0, 0, 20, 0, 0, 0, 4, 10, 5.639, 4.089, 0.642]
[1094.334, 394, 86, 4, 12, 12, 4, 12, 0, 0, 0, 0, 0, 0, 0, 8, 4, 0, 8, 0, 0, 4, 0, 0, 0, 6, 2, 6.335, 3.097, 1.025]
[1676.494, 602, 132, 6, 18, 18, 6, 18, 0, 0, 0, 0, 0, 0, 0, 12, 6, 0, 12, 0, 0, 6, 0, 0, 0, 6, 3, 6.111, 3.42, 0.914]
[2258.653, 810, 178, 8, 24, 24, 8, 24, 0, 0, 0, 0, 0, 0, 0, 16, 8, 0, 16, 0, 0, 8, 0, 0, 0, 6, 4, 5.956, 3.631, 0.816]
[2840.812, 1018, 224, 10, 30, 30, 10, 30, 0, 0, 0, 0, 0, 0, 0, 20, 10, 0, 20, 0, 0, 10, 0, 0, 0, 6, 5, 5.854, 3.769, 0.764]
[3422.971, 1226, 270, 12, 36, 36, 12, 36, 0, 0, 0, 0, 0, 0, 0, 24, 12, 0, 24, 0, 0, 12, 0, 0, 0, 6, 6, 5.781, 3.867, 0.735]
[4005.131, 1434, 316, 14, 42, 42, 14, 42, 0, 0, 0, 0, 0, 0, 0, 28, 14, 0, 28, 0, 0, 14, 0, 0, 0, 6, 7, 5.725, 3.941, 0.716]
[4587.29, 1642, 362, 16, 48, 48, 16, 48, 0, 0, 0, 0, 0, 0, 0, 32, 16, 0, 32, 0, 0, 16, 0, 0, 0, 6, 8, 5.681, 3.999, 0.704]
[5169.449, 1850, 408, 18, 54, 54, 18, 54, 0, 0, 0, 0, 0, 0, 0, 36, 18, 0, 36, 0, 0, 18, 0, 0, 0, 6, 9, 5.645, 4.045, 0.695]
[5751.609, 2058, 454, 20, 60, 60, 20, 60, 0, 0, 0, 0, 0, 0, 0, 40, 20, 0, 40, 0, 0, 20, 0, 0, 0, 6, 10, 5.615, 4.084, 0.689]
[1118.334, 402, 88, 4, 12, 12, 4, 12, 0, 0, 0, 0, 0, 0, 0, 8, 4, 0, 8, 0, 0, 4, 0, 0, 0, 8, 2, 6.303, 3.133, 1.03]
[1724.494, 618, 136, 6, 18, 18, 6, 18, 0, 0, 0, 0, 0, 0, 0, 12, 6, 0, 12, 0, 0, 6, 0, 0, 0, 8, 3, 6.073, 3.457, 0.915]
[2330.653, 834, 184, 8, 24, 24, 8, 24, 0, 0, 0, 0, 0, 0, 0, 16, 8, 0, 16, 0, 0, 8, 0, 0, 0, 8, 4, 5.921, 3.662, 0.826]
[2936.812, 1050, 232, 10, 30, 30, 10, 30, 0, 0, 0, 0, 0, 0, 0, 20, 10, 0, 20, 0, 0, 10, 0, 0, 0, 8, 5, 5.822, 3.793, 0.782]
[3542.971, 1266, 280, 12, 36, 36, 12, 36, 0, 0, 0, 0, 0, 0, 0, 24, 12, 0, 24, 0, 0, 12, 0, 0, 0, 8, 6, 5.751, 3.886, 0.757]
[4149.131, 1482, 328, 14, 42, 42, 14, 42, 0, 0, 0, 0, 0, 0, 0, 28, 14, 0, 28, 0, 0, 14, 0, 0, 0, 8, 7, 5.697, 3.956, 0.741]
[4755.29, 1698, 376, 16, 48, 48, 16, 48, 0, 0, 0, 0, 0, 0, 0, 32, 16, 0, 32, 0, 0, 16, 0, 0, 0, 8, 8, 5.656, 4.011, 0.732]
[5361.449, 1914, 424, 18, 54, 54, 18, 54, 0, 0, 0, 0, 0, 0, 0, 36, 18, 0, 36, 0, 0, 18, 0, 0, 0, 8, 9, 5.622, 4.054, 0.725]
[5967.609, 2130, 472, 20, 60, 60, 20, 60, 0, 0, 0, 0, 0, 0, 0, 40, 20, 0, 40, 0, 0, 20, 0, 0, 0, 8, 10, 5.593, 4.091, 0.72]
[1062.459, 394, 82, 8, 12, 12, 8, 12, 0, 0, 0, 0, 0, 0, 0, 4, 8, 0, 8, 0, 0, 0, 0, 0, 0, 2, 2, 5.703, 2.459, 0.956]
[1604.681, 594, 124, 12, 18, 18, 12, 18, 0, 0, 0, 0, 0, 0, 0, 6, 12, 0, 12, 0, 0, 0, 0, 0, 0, 2, 3, 5.443, 2.808, 0.768]
[2146.903, 794, 166, 16, 24, 24, 16, 24, 0, 0, 0, 0, 0, 0, 0, 8, 16, 0, 16, 0, 0, 0, 0, 0, 0, 2, 4, 5.286, 3.003, 0.672]
[2689.125, 994, 208, 20, 30, 30, 20, 30, 0, 0, 0, 0, 0, 0, 0, 10, 20, 0, 20, 0, 0, 0, 0, 0, 0, 2, 5, 5.178, 3.133, 0.616]
[3231.347, 1194, 250, 24, 36, 36, 24, 36, 0, 0, 0, 0, 0, 0, 0, 12, 24, 0, 24, 0, 0, 0, 0, 0, 0, 2, 6, 5.099, 3.228, 0.58]
[3773.569, 1394, 292, 28, 42, 42, 28, 42, 0, 0, 0, 0, 0, 0, 0, 14, 28, 0, 28, 0, 0, 0, 0, 0, 0, 2, 7, 5.036, 3.297, 0.556]
[4315.791, 1594, 334, 32, 48, 48, 32, 48, 0, 0, 0, 0, 0, 0, 0, 16, 32, 0, 32, 0, 0, 0, 0, 0, 0, 2, 8, 4.985, 3.354, 0.539]
[4858.013, 1794, 376, 36, 54, 54, 36, 54, 0, 0, 0, 0, 0, 0, 0, 18, 36, 0, 36, 0, 0, 0, 0, 0, 0, 2, 9, 4.955, 3.38, 0.555]
[5400.235, 1994, 418, 40, 60, 60, 40, 60, 0, 0, 0, 0, 0, 0, 0, 20, 40, 0, 40, 0, 0, 0, 0, 0, 0, 2, 10, 4.92, 3.423, 0.54]
[1086.459, 402, 84, 8, 12, 12, 8, 12, 0, 0, 0, 0, 0, 0, 0, 4, 8, 0, 8, 0, 0, 0, 0, 0, 0, 4, 2, 5.677, 2.524, 0.956]
[1652.681, 610, 128, 12, 18, 18, 12, 18, 0, 0, 0, 0, 0, 0, 0, 6, 12, 0, 12, 0, 0, 0, 0, 0, 0, 4, 3, 5.432, 2.87, 0.789]
[2218.903, 818, 172, 16, 24, 24, 16, 24, 0, 0, 0, 0, 0, 0, 0, 8, 16, 0, 16, 0, 0, 0, 0, 0, 0, 4, 4, 5.284, 3.061, 0.708]
[2785.125, 1026, 216, 20, 30, 30, 20, 30, 0, 0, 0, 0, 0, 0, 0, 10, 20, 0, 20, 0, 0, 0, 0, 0, 0, 4, 5, 5.185, 3.187, 0.663]
[3351.347, 1234, 260, 24, 36, 36, 24, 36, 0, 0, 0, 0, 0, 0, 0, 12, 24, 0, 24, 0, 0, 0, 0, 0, 0, 4, 6, 5.111, 3.277, 0.635]
[3917.569, 1442, 304, 28, 42, 42, 28, 42, 0, 0, 0, 0, 0, 0, 0, 14, 28, 0, 28, 0, 0, 0, 0, 0, 0, 4, 7, 5.053, 3.346, 0.616]
[4483.791, 1650, 348, 32, 48, 48, 32, 48, 0, 0, 0, 0, 0, 0, 0, 16, 32, 0, 32, 0, 0, 0, 0, 0, 0, 4, 8, 5.009, 3.401, 0.604]
[5050.013, 1858, 392, 36, 54, 54, 36, 54, 0, 0, 0, 0, 0, 0, 0, 18, 36, 0, 36, 0, 0, 0, 0, 0, 0, 4, 9, 4.972, 3.446, 0.595]
[5616.235, 2066, 436, 40, 60, 60, 40, 60, 0, 0, 0, 0, 0, 0, 0, 20, 40, 0, 40, 0, 0, 0, 0, 0, 0, 4, 10, 4.941, 3.483, 0.587]
[1110.459, 410, 86, 8, 12, 12, 8, 12, 0, 0, 0, 0, 0, 0, 0, 4, 8, 0, 8, 0, 0, 0, 0, 0, 0, 6, 2, 5.671, 2.583, 0.969]
[1700.681, 626, 132, 12, 18, 18, 12, 18, 0, 0, 0, 0, 0, 0, 0, 6, 12, 0, 12, 0, 0, 0, 0, 0, 0, 6, 3, 5.434, 2.932, 0.808]
[2290.903, 842, 178, 16, 24, 24, 16, 24, 0, 0, 0, 0, 0, 0, 0, 8, 16, 0, 16, 0, 0, 0, 0, 0, 0, 6, 4, 5.296, 3.124, 0.736]
[2881.125, 1058, 224, 20, 30, 30, 20, 30, 0, 0, 0, 0, 0, 0, 0, 10, 20, 0, 20, 0, 0, 0, 0, 0, 0, 6, 5, 5.202, 3.249, 0.697]
[3471.347, 1274, 270, 24, 36, 36, 24, 36, 0, 0, 0, 0, 0, 0, 0, 12, 24, 0, 24, 0, 0, 0, 0, 0, 0, 6, 6, 5.132, 3.337, 0.673]
[4061.569, 1490, 316, 28, 42, 42, 28, 42, 0, 0, 0, 0, 0, 0, 0, 14, 28, 0, 28, 0, 0, 0, 0, 0, 0, 6, 7, 5.08, 3.405, 0.658]
[4651.791, 1706, 362, 32, 48, 48, 32, 48, 0, 0, 0, 0, 0, 0, 0, 16, 32, 0, 32, 0, 0, 0, 0, 0, 0, 6, 8, 5.039, 3.458, 0.648]
[5242.013, 1922, 408, 36, 54, 54, 36, 54, 0, 0, 0, 0, 0, 0, 0, 18, 36, 0, 36, 0, 0, 0, 0, 0, 0, 6, 9, 5.004, 3.5, 0.641]
[5832.235, 2138, 454, 40, 60, 60, 40, 60, 0, 0, 0, 0, 0, 0, 0, 20, 40, 0, 40, 0, 0, 0, 0, 0, 0, 6, 10, 4.975, 3.535, 0.635]
[1134.459, 418, 88, 8, 12, 12, 8, 12, 0, 0, 0, 0, 0, 0, 0, 4, 8, 0, 8, 0, 0, 0, 0, 0, 0, 8, 2, 5.666, 2.639, 0.976]
[1748.681, 642, 136, 12, 18, 18, 12, 18, 0, 0, 0, 0, 0, 0, 0, 6, 12, 0, 12, 0, 0, 0, 0, 0, 0, 8, 3, 5.435, 2.994, 0.819]
[2362.903, 866, 184, 16, 24, 24, 16, 24, 0, 0, 0, 0, 0, 0, 0, 8, 16, 0, 16, 0, 0, 0, 0, 0, 0, 8, 4, 5.303, 3.186, 0.753]
[2977.125, 1090, 232, 20, 30, 30, 20, 30, 0, 0, 0, 0, 0, 0, 0, 10, 20, 0, 20, 0, 0, 0, 0, 0, 0, 8, 5, 5.214, 3.308, 0.719]
[3591.347, 1314, 280, 24, 36, 36, 24, 36, 0, 0, 0, 0, 0, 0, 0, 12, 24, 0, 24, 0, 0, 0, 0, 0, 0, 8, 6, 5.15, 3.396, 0.699]
[4205.569, 1538, 328, 28, 42, 42, 28, 42, 0, 0, 0, 0, 0, 0, 0, 14, 28, 0, 28, 0, 0, 0, 0, 0, 0, 8, 7, 5.1, 3.461, 0.686]
[4819.791, 1762, 376, 32, 48, 48, 32, 48, 0, 0, 0, 0, 0, 0, 0, 16, 32, 0, 32, 0, 0, 0, 0, 0, 0, 8, 8, 5.061, 3.511, 0.677]
[5434.013, 1986, 424, 36, 54, 54, 36, 54, 0, 0, 0, 0, 0, 0, 0, 18, 36, 0, 36, 0, 0, 0, 0, 0, 0, 8, 9, 5.029, 3.552, 0.671]
[6048.235, 2210, 472, 40, 60, 60, 40, 60, 0, 0, 0, 0, 0, 0, 0, 20, 40, 0, 40, 0, 0, 0, 0, 0, 0, 8, 10, 5.003, 3.586, 0.666]
[1006.397, 370, 78, 12, 12, 12, 8, 12, 0, 0, 0, 0, 0, 0, 0, 4, 4, 4, 8, 0, 0, 0, 0, 0, 0, 2, 2, 5.697, 2.452, 0.948]
[1520.587, 558, 118, 18, 18, 18, 12, 18, 0, 0, 0, 0, 0, 0, 0, 6, 6, 6, 12, 0, 0, 0, 0, 0, 0, 2, 3, 5.443, 2.757, 0.803]
[2034.778, 746, 158, 24, 24, 24, 16, 24, 0, 0, 0, 0, 0, 0, 0, 8, 8, 8, 16, 0, 0, 0, 0, 0, 0, 2, 4, 5.273, 2.955, 0.696]
[2548.969, 934, 198, 30, 30, 30, 20, 30, 0, 0, 0, 0, 0, 0, 0, 10, 10, 10, 20, 0, 0, 0, 0, 0, 0, 2, 5, 5.158, 3.088, 0.631]
[3063.159, 1122, 238, 36, 36, 36, 24, 36, 0, 0, 0, 0, 0, 0, 0, 12, 12, 12, 24, 0, 0, 0, 0, 0, 0, 2, 6, 5.075, 3.182, 0.592]
[3577.35, 1310, 278, 42, 42, 42, 28, 42, 0, 0, 0, 0, 0, 0, 0, 14, 14, 14, 28, 0, 0, 0, 0, 0, 0, 2, 7, 5.009, 3.255, 0.565]
[4091.54, 1498, 318, 48, 48, 48, 32, 48, 0, 0, 0, 0, 0, 0, 0, 16, 16, 16, 32, 0, 0, 0, 0, 0, 0, 2, 8, 4.956, 3.313, 0.546]
[4605.731, 1686, 358, 54, 54, 54, 36, 54, 0, 0, 0, 0, 0, 0, 0, 18, 18, 18, 36, 0, 0, 0, 0, 0, 0, 2, 9, 4.911, 3.36, 0.532]
[5119.922, 1874, 398, 60, 60, 60, 40, 60, 0, 0, 0, 0, 0, 0, 0, 20, 20, 20, 40, 0, 0, 0, 0, 0, 0, 2, 10, 4.876, 3.4, 0.521]
[1030.397, 378, 80, 12, 12, 12, 8, 12, 0, 0, 0, 0, 0, 0, 0, 4, 4, 4, 8, 0, 0, 0, 0, 0, 0, 4, 2, 5.674, 2.506, 0.962]
[1568.587, 574, 122, 18, 18, 18, 12, 18, 0, 0, 0, 0, 0, 0, 0, 6, 6, 6, 12, 0, 0, 0, 0, 0, 0, 4, 3, 5.429, 2.828, 0.818]
[2106.778, 770, 164, 24, 24, 24, 16, 24, 0, 0, 0, 0, 0, 0, 0, 8, 8, 8, 16, 0, 0, 0, 0, 0, 0, 4, 4, 5.279, 3.025, 0.729]
[2644.969, 966, 206, 30, 30, 30, 20, 30, 0, 0, 0, 0, 0, 0, 0, 10, 10, 10, 20, 0, 0, 0, 0, 0, 0, 4, 5, 5.177, 3.155, 0.677]
[3183.159, 1162, 248, 36, 36, 36, 24, 36, 0, 0, 0, 0, 0, 0, 0, 12, 12, 12, 24, 0, 0, 0, 0, 0, 0, 4, 6, 5.099, 3.248, 0.646]
[3721.35, 1358, 290, 42, 42, 42, 28, 42, 0, 0, 0, 0, 0, 0, 0, 14, 14, 14, 28, 0, 0, 0, 0, 0, 0, 4, 7, 5.041, 3.319, 0.627]
[4259.54, 1554, 332, 48, 48, 48, 32, 48, 0, 0, 0, 0, 0, 0, 0, 16, 16, 16, 32, 0, 0, 0, 0, 0, 0, 4, 8, 4.994, 3.373, 0.613]
[4797.731, 1750, 374, 54, 54, 54, 36, 54, 0, 0, 0, 0, 0, 0, 0, 18, 18, 18, 36, 0, 0, 0, 0, 0, 0, 4, 9, 4.957, 3.419, 0.603]
[5335.922, 1946, 416, 60, 60, 60, 40, 60, 0, 0, 0, 0, 0, 0, 0, 20, 20, 20, 40, 0, 0, 0, 0, 0, 0, 4, 10, 4.926, 3.458, 0.596]
[1054.397, 386, 82, 12, 12, 12, 8, 12, 0, 0, 0, 0, 0, 0, 0, 4, 4, 4, 8, 0, 0, 0, 0, 0, 0, 6, 2, 5.67, 2.567, 0.973]
[1616.587, 590, 126, 18, 18, 18, 12, 18, 0, 0, 0, 0, 0, 0, 0, 6, 6, 6, 12, 0, 0, 0, 0, 0, 0, 6, 3, 5.434, 2.895, 0.837]
[2178.778, 794, 170, 24, 24, 24, 16, 24, 0, 0, 0, 0, 0, 0, 0, 8, 8, 8, 16, 0, 0, 0, 0, 0, 0, 6, 4, 5.291, 3.093, 0.754]
[2740.969, 998, 214, 30, 30, 30, 20, 30, 0, 0, 0, 0, 0, 0, 0, 10, 10, 10, 20, 0, 0, 0, 0, 0, 0, 6, 5, 5.193, 3.22, 0.71]
[3303.159, 1202, 258, 36, 36, 36, 24, 36, 0, 0, 0, 0, 0, 0, 0, 12, 12, 12, 24, 0, 0, 0, 0, 0, 0, 6, 6, 5.123, 3.311, 0.684]
[3865.35, 1406, 302, 42, 42, 42, 28, 42, 0, 0, 0, 0, 0, 0, 0, 14, 14, 14, 28, 0, 0, 0, 0, 0, 0, 6, 7, 5.068, 3.38, 0.667]
[4427.54, 1610, 346, 48, 48, 48, 32, 48, 0, 0, 0, 0, 0, 0, 0, 16, 16, 16, 32, 0, 0, 0, 0, 0, 0, 6, 8, 5.025, 3.433, 0.656]
[4989.731, 1814, 390, 54, 54, 54, 36, 54, 0, 0, 0, 0, 0, 0, 0, 18, 18, 18, 36, 0, 0, 0, 0, 0, 0, 6, 9, 4.989, 3.476, 0.648]
[5551.922, 2018, 434, 60, 60, 60, 40, 60, 0, 0, 0, 0, 0, 0, 0, 20, 20, 20, 40, 0, 0, 0, 0, 0, 0, 6, 10, 4.959, 3.511, 0.642]
[1078.397, 394, 84, 12, 12, 12, 8, 12, 0, 0, 0, 0, 0, 0, 0, 4, 4, 4, 8, 0, 0, 0, 0, 0, 0, 8, 2, 5.656, 2.624, 0.977]
[1664.587, 606, 130, 18, 18, 18, 12, 18, 0, 0, 0, 0, 0, 0, 0, 6, 6, 6, 12, 0, 0, 0, 0, 0, 0, 8, 3, 5.438, 2.962, 0.845]
[2250.778, 818, 176, 24, 24, 24, 16, 24, 0, 0, 0, 0, 0, 0, 0, 8, 8, 8, 16, 0, 0, 0, 0, 0, 0, 8, 4, 5.298, 3.157, 0.769]
[2836.969, 1030, 222, 30, 30, 30, 20, 30, 0, 0, 0, 0, 0, 0, 0, 10, 10, 10, 20, 0, 0, 0, 0, 0, 0, 8, 5, 5.207, 3.284, 0.73]
[3423.159, 1242, 268, 36, 36, 36, 24, 36, 0, 0, 0, 0, 0, 0, 0, 12, 12, 12, 24, 0, 0, 0, 0, 0, 0, 8, 6, 5.141, 3.373, 0.708]
[4009.35, 1454, 314, 42, 42, 42, 28, 42, 0, 0, 0, 0, 0, 0, 0, 14, 14, 14, 28, 0, 0, 0, 0, 0, 0, 8, 7, 5.09, 3.439, 0.694]
[4595.54, 1666, 360, 48, 48, 48, 32, 48, 0, 0, 0, 0, 0, 0, 0, 16, 16, 16, 32, 0, 0, 0, 0, 0, 0, 8, 8, 5.05, 3.491, 0.685]
[5181.731, 1878, 406, 54, 54, 54, 36, 54, 0, 0, 0, 0, 0, 0, 0, 18, 18, 18, 36, 0, 0, 0, 0, 0, 0, 8, 9, 5.018, 3.532, 0.679]
[5767.922, 2090, 452, 60, 60, 60, 40, 60, 0, 0, 0, 0, 0, 0, 0, 20, 20, 20, 40, 0, 0, 0, 0, 0, 0, 8, 10, 4.989, 3.566, 0.673]
[1126.294, 410, 86, 4, 20, 8, 4, 20, 0, 0, 0, 0, 0, 0, 0, 8, 4, 0, 8, 0, 0, 0, 4, 8, 0, 2, 2, 6.596, 3.261, 1.004]
[1700.433, 618, 130, 6, 30, 12, 6, 30, 0, 0, 0, 0, 0, 0, 0, 12, 6, 0, 12, 0, 0, 0, 6, 12, 0, 2, 3, 6.383, 3.589, 0.864]
[2274.571, 826, 174, 8, 40, 16, 8, 40, 0, 0, 0, 0, 0, 0, 0, 16, 8, 0, 16, 0, 0, 0, 8, 16, 0, 2, 4, 6.239, 3.815, 0.76]
[2848.71, 1034, 218, 10, 50, 20, 10, 50, 0, 0, 0, 0, 0, 0, 0, 20, 10, 0, 20, 0, 0, 0, 10, 20, 0, 2, 5, 6.142, 3.969, 0.697]
[3422.849, 1242, 262, 12, 60, 24, 12, 60, 0, 0, 0, 0, 0, 0, 0, 24, 12, 0, 24, 0, 0, 0, 12, 24, 0, 2, 6, 6.07, 4.081, 0.657]
[3996.988, 1450, 306, 14, 70, 28, 14, 70, 0, 0, 0, 0, 0, 0, 0, 28, 14, 0, 28, 0, 0, 0, 14, 28, 0, 2, 7, 6.014, 4.167, 0.631]
[4571.127, 1658, 350, 16, 80, 32, 16, 80, 0, 0, 0, 0, 0, 0, 0, 32, 16, 0, 32, 0, 0, 0, 16, 32, 0, 2, 8, 5.971, 4.235, 0.613]
[5145.266, 1866, 394, 18, 90, 36, 18, 90, 0, 0, 0, 0, 0, 0, 0, 36, 18, 0, 36, 0, 0, 0, 18, 36, 0, 2, 9, 5.933, 4.291, 0.599]
[5719.405, 2074, 438, 20, 100, 40, 20, 100, 0, 0, 0, 0, 0, 0, 0, 40, 20, 0, 40, 0, 0, 0, 20, 40, 0, 2, 10, 5.903, 4.337, 0.589]
[1150.294, 418, 88, 4, 20, 8, 4, 20, 0, 0, 0, 0, 0, 0, 0, 8, 4, 0, 8, 0, 0, 0, 4, 8, 0, 4, 2, 6.54, 3.271, 1.023]
[1748.433, 634, 134, 6, 30, 12, 6, 30, 0, 0, 0, 0, 0, 0, 0, 12, 6, 0, 12, 0, 0, 0, 6, 12, 0, 4, 3, 6.304, 3.598, 0.878]
[2346.571, 850, 180, 8, 40, 16, 8, 40, 0, 0, 0, 0, 0, 0, 0, 16, 8, 0, 16, 0, 0, 0, 8, 16, 0, 4, 4, 6.159, 3.808, 0.788]
[2944.71, 1066, 226, 10, 50, 20, 10, 50, 0, 0, 0, 0, 0, 0, 0, 20, 10, 0, 20, 0, 0, 0, 10, 20, 0, 4, 5, 6.062, 3.947, 0.738]
[3542.849, 1282, 272, 12, 60, 24, 12, 60, 0, 0, 0, 0, 0, 0, 0, 24, 12, 0, 24, 0, 0, 0, 12, 24, 0, 4, 6, 5.991, 4.049, 0.708]
[4140.988, 1498, 318, 14, 70, 28, 14, 70, 0, 0, 0, 0, 0, 0, 0, 28, 14, 0, 28, 0, 0, 0, 14, 28, 0, 4, 7, 5.936, 4.126, 0.688]
[4739.127, 1714, 364, 16, 80, 32, 16, 80, 0, 0, 0, 0, 0, 0, 0, 32, 16, 0, 32, 0, 0, 0, 16, 32, 0, 4, 8, 5.892, 4.187, 0.675]
[5337.266, 1930, 410, 18, 90, 36, 18, 90, 0, 0, 0, 0, 0, 0, 0, 36, 18, 0, 36, 0, 0, 0, 18, 36, 0, 4, 9, 5.857, 4.237, 0.665]
[5935.405, 2146, 456, 20, 100, 40, 20, 100, 0, 0, 0, 0, 0, 0, 0, 40, 20, 0, 40, 0, 0, 0, 20, 40, 0, 4, 10, 5.827, 4.278, 0.658]
[1174.294, 426, 90, 4, 20, 8, 4, 20, 0, 0, 0, 0, 0, 0, 0, 8, 4, 0, 8, 0, 0, 0, 4, 8, 0, 6, 2, 6.497, 3.296, 1.033]
[1796.433, 650, 138, 6, 30, 12, 6, 30, 0, 0, 0, 0, 0, 0, 0, 12, 6, 0, 12, 0, 0, 0, 6, 12, 0, 6, 3, 6.255, 3.616, 0.894]
[2418.571, 874, 186, 8, 40, 16, 8, 40, 0, 0, 0, 0, 0, 0, 0, 16, 8, 0, 16, 0, 0, 0, 8, 16, 0, 6, 4, 6.109, 3.815, 0.813]
[3040.71, 1098, 234, 10, 50, 20, 10, 50, 0, 0, 0, 0, 0, 0, 0, 20, 10, 0, 20, 0, 0, 0, 10, 20, 0, 6, 5, 6.012, 3.948, 0.77]
[3662.849, 1322, 282, 12, 60, 24, 12, 60, 0, 0, 0, 0, 0, 0, 0, 24, 12, 0, 24, 0, 0, 0, 12, 24, 0, 6, 6, 5.941, 4.043, 0.744]
[4284.988, 1546, 330, 14, 70, 28, 14, 70, 0, 0, 0, 0, 0, 0, 0, 28, 14, 0, 28, 0, 0, 0, 14, 28, 0, 6, 7, 5.889, 4.116, 0.729]
[4907.127, 1770, 378, 16, 80, 32, 16, 80, 0, 0, 0, 0, 0, 0, 0, 32, 16, 0, 32, 0, 0, 0, 16, 32, 0, 6, 8, 5.847, 4.172, 0.718]
[5529.266, 1994, 426, 18, 90, 36, 18, 90, 0, 0, 0, 0, 0, 0, 0, 36, 18, 0, 36, 0, 0, 0, 18, 36, 0, 6, 9, 5.813, 4.218, 0.71]
[6151.405, 2218, 474, 20, 100, 40, 20, 100, 0, 0, 0, 0, 0, 0, 0, 40, 20, 0, 40, 0, 0, 0, 20, 40, 0, 6, 10, 5.785, 4.256, 0.705]
[1198.294, 434, 92, 4, 20, 8, 4, 20, 0, 0, 0, 0, 0, 0, 0, 8, 4, 0, 8, 0, 0, 0, 4, 8, 0, 8, 2, 6.458, 3.324, 1.037]
[1844.433, 666, 142, 6, 30, 12, 6, 30, 0, 0, 0, 0, 0, 0, 0, 12, 6, 0, 12, 0, 0, 0, 6, 12, 0, 8, 3, 6.211, 3.64, 0.9]
[2490.571, 898, 192, 8, 40, 16, 8, 40, 0, 0, 0, 0, 0, 0, 0, 16, 8, 0, 16, 0, 0, 0, 8, 16, 0, 8, 4, 6.065, 3.831, 0.826]
[3136.71, 1130, 242, 10, 50, 20, 10, 50, 0, 0, 0, 0, 0, 0, 0, 20, 10, 0, 20, 0, 0, 0, 10, 20, 0, 8, 5, 5.97, 3.958, 0.789]
[3782.849, 1362, 292, 12, 60, 24, 12, 60, 0, 0, 0, 0, 0, 0, 0, 24, 12, 0, 24, 0, 0, 0, 12, 24, 0, 8, 6, 5.901, 4.048, 0.767]
[4428.988, 1594, 342, 14, 70, 28, 14, 70, 0, 0, 0, 0, 0, 0, 0, 28, 14, 0, 28, 0, 0, 0, 14, 28, 0, 8, 7, 5.849, 4.116, 0.753]
[5075.127, 1826, 392, 16, 80, 32, 16, 80, 0, 0, 0, 0, 0, 0, 0, 32, 16, 0, 32, 0, 0, 0, 16, 32, 0, 8, 8, 5.809, 4.169, 0.745]
[5721.266, 2058, 442, 18, 90, 36, 18, 90, 0, 0, 0, 0, 0, 0, 0, 36, 18, 0, 36, 0, 0, 0, 18, 36, 0, 8, 9, 5.776, 4.212, 0.739]
[6367.405, 2290, 492, 20, 100, 40, 20, 100, 0, 0, 0, 0, 0, 0, 0, 40, 20, 0, 40, 0, 0, 0, 20, 40, 0, 8, 10, 5.749, 4.247, 0.734]