   -0.02274934
    0.06127897
   -0.03590633
   -0.03269717
    0.06274916
   -0.15967277
    0.00978350
   -0.00609512
   -0.02446671
   -0.03538638
    0.06224151
   -0.24922615
    0.00160828
   -0.03974308
   -0.02659162
    0.05898556
   -0.03730112
   -0.03859787
   -0.28580967
    0.06358635
    0.01671312
    0.06572524
   -0.03402930
   -0.03268783
    0.06177065
   -0.15743051
    0.00918094
   -0.00619283
   -0.02498290
   -0.03586064
    0.06222613
   -0.24927584
    0.00165388
   -0.03957099
   -0.02618210
    0.06031277
   -0.03763377
   -0.04082434
    0.05818101
   -0.28814034
    0.02700675
    0.03744241
    0.02761834
    0.16304565
    0.02048789
    0.02764195
    0.16760460
    0.03036099
    0.03553661
    0.02794274
    0.02548396
    0.02022665
    0.01822579
    0.02325686
    0.03302012
    0.02798129
    0.16160820
    0.01964010
    0.02700296
    0.16813415
    0.02725471
    0.03104600
    0.03566872
    0.02595590
    0.02097280
    0.01761102
    0.02740652
   -0.02260146
    0.06129977
   -0.03583453
   -0.03263808
    0.06283688
   -0.15961994
    0.00985154
   -0.00615981
   -0.02442227
   -0.03532902
    0.06232607
   -0.24909896
    0.00165485
   -0.03977332
   -0.02660679
    0.05911315
   -0.03715616
   -0.03846060
   -0.28574331
    0.06366311
    0.01688395
    0.06583867
   -0.03385057
   -0.03251221
    0.06188317
   -0.15736455
    0.00928566
   -0.00619026
   -0.02495606
   -0.03580238
    0.06227846
   -0.24926610
    0.00165510
   -0.03948288
   -0.02615138
    0.06037658
   -0.03758982
   -0.04077841
    0.05820124
   -0.28803855
    0.02706479
    0.03749283
    0.02767861
    0.16309129
    0.02054883
    0.02781233
    0.16767332
    0.03033458
    0.03558441
    0.02816558
    0.02546677
    0.02019753
    0.01845548
    0.02345578
    0.03324556
    0.02823109
    0.16165544
    0.01967530
    0.02704918
    0.16816554
    0.02716054
    0.03119442
    0.03571560
    0.02603860
    0.02097447
    0.01767464
    0.02745560
   -0.02121774
   -0.02070720
   -0.02329350
   -0.01845299
   -0.02171072
   -0.01990665
   -0.02251028
   -0.01908493
   -0.02199813
   -0.01933967
   -0.02196003
   -0.01933672
   -0.02189230
   -0.01907867
   -0.02172503
   -0.01924968
   -0.02174235
   -0.01906315
   -0.02174346
   -0.01912819
   -0.02172568
   -0.01916945
   -0.02187862
   -0.01914242
   -0.02194414
   -0.01922905
   -0.02195511
   -0.01937850
   -0.02244182
   -0.01895560
   -0.02162686
   -0.01986958
   -0.02296904
   -0.01820533
   -0.02095177
   -0.02047089
    0.01416949
    0.06522361
   -0.03610206
   -0.03332505
    0.06047315
   -0.15687380
    0.01214600
   -0.00536063
   -0.02462781
   -0.03905214
    0.06212568
   -0.24947381
    0.00160876
   -0.03591891
   -0.02545864
    0.05793657
   -0.03784514
   -0.03981270
   -0.28516571
    0.06332157
    0.01598804
    0.06559346
   -0.03475749
   -0.03263193
    0.06098164
   -0.15646644
    0.01222179
   -0.00538408
   -0.02422955
   -0.03534700
    0.06225258
   -0.24954799
    0.00173494
   -0.03935694
   -0.02573218
    0.05814268
   -0.03773033
   -0.04001456
    0.06320194
   -0.28571888
    0.03099082
    0.02628842
    0.16178747
    0.02094923
    0.02599339
    0.16752216
    0.03073227
    0.03514644
    0.02704170
    0.02656634
    0.02029536
    0.01707416
    0.02186518
    0.03270630
    0.02711325
    0.16163813
    0.02004119
    0.02687095
    0.16735815
    0.02702401
    0.03500675
    0.03137863
    0.02581659
    0.02123426
    0.01728775
    0.02149297
    0.01505923
    0.06544772
   -0.03531161
   -0.03292513
    0.06070953
   -0.15662117
    0.01232367
   -0.00535696
   -0.02462655
   -0.03906295
    0.06222856
   -0.24948450
    0.00169092
   -0.03576003
   -0.02532368
    0.05801046
   -0.03775271
   -0.03992224
   -0.28526537
    0.06329869
    0.01555535
    0.06560768
   -0.03493320
   -0.03263431
    0.06083893
   -0.15656612
    0.01232940
   -0.00535350
   -0.02423391
   -0.03537010
    0.06221416
   -0.24961102
    0.00173738
   -0.03939377
   -0.02572934
    0.05795509
   -0.03796888
   -0.04020611
    0.06313925
   -0.28536151
    0.03209135
    0.02687106
    0.16172417
    0.02081900
    0.02584821
    0.16747649
    0.03116437
    0.03507998
    0.02700275
    0.02676564
    0.02046873
    0.01701139
    0.02163220
    0.03247476
    0.02697896
    0.16168349
    0.02006999
    0.02686024
    0.16730928
    0.02700677
    0.03499506
    0.03141669
    0.02573559
    0.02121745
    0.01709347
    0.02130653
    0.01567478
    0.06555321
   -0.03494450
   -0.03274100
    0.06095283
   -0.15650344
    0.01235112
   -0.00538757
   -0.02463900
   -0.03903390
    0.06227372
   -0.24946046
    0.00168796
   -0.03568424
   -0.02529759
    0.05818577
   -0.03765019
   -0.03984268
   -0.28519801
    0.06334498
    0.01564716
    0.06566961
   -0.03482977
   -0.03251240
    0.06098047
   -0.15653072
    0.01241262
   -0.00538522
   -0.02419755
   -0.03532474
    0.06226591
   -0.24956376
    0.00174626
   -0.03937667
   -0.02573792
    0.05812452
   -0.03785870
   -0.03996254
    0.06322446
   -0.28515300
    0.03248638
    0.02715007
    0.16180212
    0.02083416
    0.02589779
    0.16745965
    0.03129989
    0.03511474
    0.02704872
    0.02690652
    0.02056947
    0.01713386
    0.02169560
    0.03254605
    0.02709815
    0.16177919
    0.02017600
    0.02698412
    0.16733756
    0.02705845
    0.03504942
    0.03152384
    0.02578739
    0.02123741
    0.01730310
    0.02163036
    0.01587882
    0.06562629
   -0.03478710
   -0.03262456
    0.06108254
   -0.15645666
    0.01240701
   -0.00541409
   -0.02463862
   -0.03901021
    0.06230442
   -0.24942342
    0.00168379
   -0.03566108
   -0.02529917
    0.05828909
   -0.03758815
   -0.03976812
   -0.28509790
    0.06338402
    0.01584343
    0.06570861
   -0.03471675
   -0.03243756
    0.06110247
   -0.15647035
    0.01244739
   -0.00542459
   -0.02420148
   -0.03532368
    0.06230730
   -0.24950577
    0.00175257
   -0.03937416
   -0.02574416
    0.05825173
   -0.03777088
   -0.03984008
    0.06328941
   -0.28507637
    0.03266895
    0.02731395
    0.16186337
    0.02086683
    0.02595256
    0.16749411
    0.03135727
    0.03514967
    0.02710435
    0.02698496
    0.02062485
    0.01723006
    0.02178821
    0.03265056
    0.02719692
    0.16183966
    0.02022964
    0.02705426
    0.16740277
    0.02713482
    0.03509485
    0.03157893
    0.02583355
    0.02126188
    0.01744696
    0.02179421
    0.01580771
    0.06564831
   -0.03479235
   -0.03260253
    0.06107700
   -0.15647238
    0.01243410
   -0.00543925
   -0.02464445
   -0.03904137
    0.06232896
   -0.24938326
    0.00170600
   -0.03569309
   -0.02530575
    0.05827874
   -0.03760746
   -0.03977300
   -0.28506616
    0.06336717
    0.01591777
    0.06568578
   -0.03470517
   -0.03245522
    0.06111376
   -0.15644863
    0.01243027
   -0.00542819
   -0.02420860
   -0.03533492
    0.06230861
   -0.24950589
    0.00175316
   -0.03938405
   -0.02574811
    0.05825929
   -0.03775058
   -0.03983662
    0.06331146
   -0.28510903
    0.03267399
    0.02733051
    0.16186536
    0.02086001
    0.02594356
    0.16756817
    0.03138231
    0.03517239
    0.02714467
    0.02698198
    0.02062057
    0.01721410
    0.02177919
    0.03264156
    0.02717666
    0.16183764
    0.02023428
    0.02705190
    0.16741579
    0.02714670
    0.03509813
    0.03158657
    0.02582608
    0.02125263
    0.01746511
    0.02180585
    0.01562959
    0.06561699
   -0.03489547
   -0.03266949
    0.06096890
   -0.15652668
    0.01240325
   -0.00541653
   -0.02464314
   -0.03906233
    0.06229467
   -0.24943161
    0.00171145
   -0.03571001
   -0.02531157
    0.05816449
   -0.03768666
   -0.03988449
   -0.28514421
    0.06329565
    0.01572541
    0.06562911
   -0.03485555
   -0.03256207
    0.06099450
   -0.15648074
    0.01238677
   -0.00538911
   -0.02421104
   -0.03534379
    0.06226236
   -0.24957434
    0.00174478
   -0.03938441
   -0.02573567
    0.05815909
   -0.03780874
   -0.03990074
    0.06327948
   -0.28519547
    0.03257579
    0.02724074
    0.16180550
    0.02082374
    0.02587359
    0.16751599
    0.03138591
    0.03512451
    0.02710456
    0.02693043
    0.02058309
    0.01708504
    0.02162870
    0.03247043
    0.02702367
    0.16178172
    0.02021107
    0.02700721
    0.16734037
    0.02708479
    0.03504982
    0.03157823
    0.02575934
    0.02120927
    0.01738602
    0.02172918
    0.01558416
    0.06556259
   -0.03498638
   -0.03278084
    0.06085023
   -0.15653994
    0.01233918
   -0.00540438
   -0.02464972
   -0.03910291
    0.06226752
   -0.24946632
    0.00171316
   -0.03573305
   -0.02530156
    0.05801395
   -0.03777337
   -0.04009388
   -0.28532669
    0.06323931
    0.01516946
    0.06553856
   -0.03518703
   -0.03272072
    0.06079126
   -0.15660567
    0.01236644
   -0.00534767
   -0.02419424
   -0.03534462
    0.06221557
   -0.24967272
    0.00173562
   -0.03943035
   -0.02575201
    0.05801339
   -0.03789652
   -0.03996404
    0.06322920
   -0.28523798
    0.03252123
    0.02714471
    0.16172920
    0.02071402
    0.02578665
    0.16750224
    0.03141218
    0.03509880
    0.02707159
    0.02689785
    0.02056753
    0.01693804
    0.02138090
    0.03211246
    0.02679172
    0.16172586
    0.02019425
    0.02697794
    0.16724595
    0.02700638
    0.03503002
    0.03163310
    0.02564377
    0.02112144
    0.01729247
    0.02168693
    0.01604658
    0.06555230
   -0.03476811
   -0.03275380
    0.06100528
   -0.15640337
    0.01224272
   -0.00550234
   -0.02575377
   -0.03934687
    0.06245257
   -0.24923379
    0.00173340
   -0.03535829
   -0.02407822
    0.05829711
   -0.03735131
   -0.03979116
   -0.28558279
    0.06337572
    0.01443697
    0.06538282
   -0.03579910
   -0.03296411
    0.06063438
   -0.15683064
    0.01218679
   -0.00545463
   -0.02411182
   -0.03537733
    0.06223762
   -0.24962980
    0.00175695
   -0.03964801
   -0.02590494
    0.05798567
   -0.03791459
   -0.03985161
    0.06325448
   -0.28503680
    0.03280224
    0.02744573
    0.16168949
    0.02107315
    0.02573049
    0.16782236
    0.03092761
    0.03526897
    0.02726630
    0.02722728
    0.02017839
    0.01719936
    0.02171571
    0.03119152
    0.02637060
    0.16178737
    0.02017958
    0.02710075
    0.16742298
    0.02716364
    0.03513086
    0.03183844
    0.02544206
    0.02103571
    0.01731219
    0.02190000
