           1           2   1.3611126574760462     
           2           3   1.2462864064835635     
           3           4   1.5784315803193016     
           4           5   1.2628444488222557     
           2           6   1.2313887919098245     
           5           6   1.2161711037818344     
           5           7   1.3352154584856302     
           7           8   1.0537141633455889     
           8           9   1.4104509424000784     
           9          10   1.4643941174389583     
          10          11   1.3783621155510695     
          11          12   1.1409264880989496     
          11          13   1.3789494128187068     
           8          14   1.4106138156022971     
          13          14   1.4627037912060066     
           7          15   1.3683913094617277     
          15          16   1.1702032644392226     
          16          17   1.6758949558113008     
          15          18   1.3410092019246536     
          17          19   1.1750489890678519     
          18          19   1.4228148516581254     
          19          20   1.2689394423217899     
          20          21   1.2634142468385077     
          21          22   1.2836871769259866     
          22          23   1.5538294766653935     
          23          24   1.2761318929759693     
          21          25   1.2531030505477891     
          24          25   1.2163055049033922     
          24          26   1.3231126322014770     
          26          27   1.0544493721557007     
          27          28   1.4103508004809162     
          28          29   1.4635163616479332     
          29          30   1.3787049286638615     
          30          31   1.1401185134823018     
          30          32   1.3787138639613989     
          27          33   1.4098111538882223     
          32          33   1.4635752304794827     
          26          34   1.3694700315722954     
          34          35   1.1575341735006743     
          35          36   1.6978787619991151     
           1          37   1.3756749241042323     
          36          37   1.1499968571862489     
          34          38   1.3619963912622683     
          37          38   1.3798097213472467     
           1          39  0.99750368908408216     
           3          40  0.99534008013045616     
           4          41   1.0010706347455312     
           6          42  0.96306400395622727     
           9          43  0.99058168184254070     
          10          44  0.98998856448200223     
          12          45  0.97366105126684677     
          12          46  0.97300202629642096     
          13          47  0.99027120599051588     
          14          48  0.99047381839720250     
          16          49   1.0003846335165290     
          17          50   1.0017852296844820     
          22          51   1.0006375739290760     
          23          52  0.99999933983394618     
          25          53  0.96255810494545579     
          28          54  0.99088745428004665     
          29          55  0.99029072421292430     
          31          56  0.97372915367064683     
          31          57  0.97362233194954328     
          32          58  0.99004263440921159     
          33          59  0.99024245166411717     
          35          60   1.0015566102370634     
          36          61  0.99593746120826587     
          62          63   1.3610896519958440     
          63          64   1.2462840775784341     
          64          65   1.5784609660479783     
          65          66   1.2628068221628461     
          63          67   1.2314031181854410     
          66          67   1.2161236192624651     
          66          68   1.3353610277283159     
          68          69   1.0531657261946250     
          69          70   1.4107652629911756     
          70          71   1.4642059565203605     
          71          72   1.3784831594925027     
          72          73   1.1408390867526508     
          72          74   1.3790026442240768     
          69          75   1.4108197901126618     
          74          75   1.4626170353245009     
          68          76   1.3686630479010335     
          76          77   1.1701455082078887     
          77          78   1.6759880928148703     
          76          79   1.3409055582431986     
          78          80   1.1749942179885826     
          79          80   1.4228911165205200     
          80          81   1.2689488211564766     
          81          82   1.2634573715551030     
          82          83   1.2836506820043367     
          83          84   1.5539065337060094     
          84          85   1.2760514010721229     
          82          86   1.2530739686449650     
          85          86   1.2162928209613062     
          85          87   1.3232482915927455     
          87          88   1.0540395127405584     
          88          89   1.4106077502382102     
          89          90   1.4633619329321002     
          90          91   1.3788133904162363     
          91          92   1.1400392096889558     
          91          93   1.3787614616786312     
          88          94   1.4099504246260020     
          93          94   1.4635141698247920     
          87          95   1.3696412147256485     
          95          96   1.1574852624496452     
          96          97   1.6979728734363231     
          62          98   1.3757237597004366     
          97          98   1.1499530712047510     
          95          99   1.3619498770352418     
          98          99   1.3798175787232760     
          62         100  0.99750938516348397     
          64         101  0.99534100497604960     
          65         102   1.0010936604192420     
          67         103  0.96307879827699894     
          70         104  0.99055769532201909     
          71         105  0.98999682126516253     
          73         106  0.97368049828737180     
          73         107  0.97302979849297699     
          74         108  0.99026793255262269     
          75         109  0.99045639500543892     
          77         110   1.0004163276318685     
          78         111   1.0017796360725442     
          83         112   1.0006470127333242     
          84         113   1.0000132971211457     
          86         114  0.96257123451657911     
          89         115  0.99086629748779609     
          90         116  0.99029790944398866     
          92         117  0.97375801772909865     
          92         118  0.97364775170553530     
          93         119  0.99004140543656904     
          94         120  0.99023324000766810     
          96         121   1.0015789182068269     
          97         122  0.99594077910199630     
          20         124   1.2444976891302229     
         123         124   2.4658388756768721     
         123         125   1.3487415941834120     
          81         126   1.2444836865065030     
         124         126  0.17163217280620402     
         125         126   2.4658592583068062     
