           1           2   1.3709761779271117     
           2           3   1.2367992453169707     
           3           4   1.5999870276690447     
           4           5   1.2397400314858154     
           2           6   1.2276864347355083     
           5           6   1.2228642632156503     
           5           7   1.3683923117371657     
           7           8   1.3969323459700598     
           8           9   1.1512958289201241     
           9          10   1.6953588066711565     
           8          11   1.3456170110363723     
          10          12   1.1630719724833134     
          11          12   1.4198121326087216     
          12          13   1.2773732208635267     
          13          14   1.2806260269692953     
          14          15   1.2663059540727155     
          15          16   1.5819231138496690     
          16          17   1.2483576353255752     
          14          18   1.2486225792647057     
          17          18   1.2173937049436803     
          17          19   1.3673619246209663     
          19          20   1.3894718144975426     
          20          21   1.1420175572912570     
          21          22   1.7119981957005082     
           1          23   1.3782349508247442     
          22          23   1.1429108442318463     
          20          24   1.3698736653071819     
          23          24   1.3793851964580375     
           1          25  0.99590986957413441     
           3          26  0.99336823407043695     
           4          27  0.99349803718863949     
           6          28  0.96171546061442370     
           7          29  0.99603659828170510     
           9          30  0.99342388325239361     
          10          31  0.99992916181737612     
          15          32  0.99863883674324627     
          16          33  0.99297515394740588     
          18          34  0.96054301769379513     
          19          35  0.99612077389122566     
          21          36  0.99414267929574118     
          22          37  0.99405689932279695     
          38          39   1.3710243177170309     
          39          40   1.2367737277112887     
          40          41   1.6000340396593509     
          41          42   1.2396997729946975     
          39          43   1.2276664092110923     
          42          43   1.2228625818645966     
          42          44   1.3684439616453776     
          44          45   1.3968376133641915     
          45          46   1.1512480453116969     
          46          47   1.6954044641175519     
          45          48   1.3457758900129355     
          47          49   1.1630467884826106     
          48          49   1.4195946496469884     
          49          50   1.2777768438670074     
          50          51   1.2805383530844068     
          51          52   1.2662298791630566     
          52          53   1.5820192244770679     
          53          54   1.2483218676636414     
          51          55   1.2486849663171535     
          54          55   1.2173511352633830     
          54          56   1.3674439877949329     
          56          57   1.3894440255021507     
          57          58   1.1420406244883885     
          58          59   1.7119875214746119     
          38          60   1.3782098552691011     
          59          60   1.1429052985846953     
          57          61   1.3698697122421275     
          60          61   1.3794149479473587     
          38          62  0.99590665808897116     
          40          63  0.99336395727903815     
          41          64  0.99349496839608586     
          43          65  0.96172420876041875     
          44          66  0.99603817822543328     
          46          67  0.99343380008923121     
          47          68  0.99988834736609111     
          52          69  0.99866927129163363     
          53          70  0.99295924949001912     
          55          71  0.96054307815068518     
          56          72  0.99611338013269246     
          58          73  0.99413802025187570     
          59          74  0.99405427369421528     
          75          76   2.3637665769404879     
          76          77   1.3627611421052583     
          13          78   1.2299462140636774     
          75          78  0.16800767354871796     
          77          78   2.4603331494206118     
          75          79   1.3647138390976079     
          76          80  0.16770782885212712     
          79          80   2.4555305630922089     
          81          82   2.3588759886714832     
          82          83   1.3673179748162205     
          81          84  0.16693085874017924     
          83          84   2.4525168859309971     
          81          85   1.3673315430972772     
          82          86  0.16694726285142733     
          85          86   2.4525219856939575     
          87          88   2.3640798725337753     
          88          89   1.3644259323249124     
          87          90  0.16771939084807302     
          89          90   2.4558122834989100     
          87          91   1.3624734830659713     
          50          92   1.2296427040266904     
          88          92  0.16802800632946585     
          91          92   2.4606861269943794     
          80          93   1.2351112541902471     
          93          94   1.2736994368438488     
          94          95   1.2705472874722192     
          95          96   1.5756982719659887     
          96          97   1.2542932242901550     
          94          98   1.2512461582343553     
          97          98   1.2156190179349307     
          97          99   1.3606585028982312     
          99         100   1.4043092384627263     
         100         101   1.1514937153999587     
         101         102   1.6944375689800155     
         100         103   1.3405180255458695     
         102         104   1.1646702275102394     
         103         104   1.4233371109172781     
          84         105   1.2372628215208994     
         104         105   1.2726840250544313     
         105         106   1.2733792289334960     
         106         107   1.2711687610076456     
         107         108   1.5753365236076511     
         108         109   1.2545887457642799     
         106         110   1.2509653973372428     
         109         110   1.2167599492045136     
         109         111   1.3589616347282072     
         111         112   1.4060147753148857     
         112         113   1.1509601658720796     
         113         114   1.6952422590210905     
          93         115   1.2731804460357206     
         114         115   1.1640102779059356     
         112         116   1.3397733830778584     
         115         116   1.4232835188043609     
          95         117  0.99902689032282843     
          96         118  0.99353851684273198     
          98         119  0.96067046786836063     
          99         120  0.99644502487833031     
         101         121  0.99392488851811855     
         102         122   1.0002298485020842     
         107         123  0.99883984440318008     
         108         124  0.99339956484956626     
         110         125  0.96073129359496845     
         111         126  0.99640389371278870     
         113         127  0.99396885192291506     
         114         128   1.0002893225427556     
          86         129   1.2372379456533731     
         129         130   1.2733740150781063     
         130         131   1.2711658048842718     
         131         132   1.5753371917880454     
         132         133   1.2545952592782166     
         130         134   1.2509683693294693     
         133         134   1.2167864806606294     
         133         135   1.3589424484903074     
         135         136   1.4060593412605229     
         136         137   1.1509366563721453     
         137         138   1.6953146627948079     
         136         139   1.3397570916248434     
         138         140   1.1639431429598166     
         139         140   1.4232843248564233     
          90         141   1.2348466282856259     
         140         141   1.2731986850722630     
         141         142   1.2739368383363174     
         142         143   1.2704705392060551     
         143         144   1.5757789094448076     
         144         145   1.2542286445326847     
         142         146   1.2511571999823599     
         145         146   1.2156457282863380     
         145         147   1.3607057887951932     
         147         148   1.4042357500418379     
         148         149   1.1514847410356333     
         149         150   1.6944420136025611     
         129         151   1.2727491906019295     
         150         151   1.1646691748545375     
         148         152   1.3405867108715965     
         151         152   1.4232829916897254     
         131         153  0.99884687024280716     
         132         154  0.99339549385183878     
         134         155  0.96072410339073178     
         135         156  0.99639847657606084     
         137         157  0.99396200657942990     
         138         158   1.0003016511747869     
         143         159  0.99900600226914815     
         144         160  0.99354137412840260     
         146         161  0.96066818784248686     
         147         162  0.99644597107729038     
         149         163  0.99392446965977532     
         150         164   1.0002205779518767     
