           2           3   1.3858986450744768     
           3           4   1.1993789535581589     
           4           5   1.6420835128499636     
           5           6   1.2059720228437703     
           1           7  0.56670656151287624     
           3           7   1.2825203131352996     
           6           7   1.2791011330475808     
           6           8   1.3626718852753485     
           8           9   1.0521592277918987     
           9          10   1.4223406868261728     
          10          11   1.4538622147969940     
          11          12   1.4175089645933463     
          12          13  0.89157002367269300     
          13          14   1.8926768630521604     
          13          15   1.0771054406806706     
          13          16   1.8918853797932913     
          14          16  0.13446401286176682     
          12          17   1.4172693487444223     
           9          18   1.4213649501525227     
          17          18   1.4544324024279709     
           8          19   1.3616383071434996     
          19          20   1.2144851305131372     
          20          21   1.6253616014929428     
           1          22  0.56027697924466502     
          19          22   1.2688694559513802     
          21          23   1.2241598221123087     
          22          23   1.3070789428690635     
          23          24   1.2955958565882311     
          24          25   1.2950802547530602     
          25          26   1.2246199446938197     
          26          27   1.6245464707622468     
          27          28   1.2150812578569794     
           1          29  0.55990510245451952     
          25          29   1.3070632856177626     
          28          29   1.2691205667053833     
          28          30   1.3607432679564258     
          30          31   1.0526687020215262     
          31          32   1.4224491518253120     
          32          33   1.4531825159779148     
          33          34   1.4187073588328452     
          34          35  0.89040016074857431     
          35          36   1.8863856031329558     
          35          37   1.0820741235578026     
          35          38   1.9005685249214650     
          36          38  0.13405576110864581     
          37          38  0.10155137665237045     
          34          39   1.4166186190651040     
          31          40   1.4209375515199676     
          39          40   1.4549379195689136     
          30          41   1.3631288660995557     
          41          42   1.2054774964134307     
          42          43   1.6427332322148265     
           2          44   1.3867892072125454     
          43          44   1.1990895376274402     
           1          45  0.56739561274705252     
          41          45   1.2790454164852871     
          44          45   1.2822532287085526     
           2          46  0.99780425253498062     
           4          47  0.99365922521529915     
           5          48  0.99923172199461363     
          10          49  0.98823713275202263     
          11          50  0.98495687075599658     
          15          51  0.93873295006786250     
          17          52  0.98481139619452851     
          18          53  0.98791479664564741     
          20          54  0.99817032707062225     
          21          55  0.99876105766393275     
          26          56  0.99881595321380623     
          27          57  0.99839854152511021     
          32          58  0.98814187481841054     
          33          59  0.98500197813201851     
          37          60  0.93911038903101285     
          39          61  0.98479937478847124     
          40          62  0.98806240667342049     
          42          63  0.99898445849868611     
          43          64  0.99358133211697752     
          66          67   1.3859763979765733     
          67          68   1.1992645192657565     
          68          69   1.6423888557390365     
          69          70   1.2058591772668548     
          65          71  0.56646638280769657     
          67          71   1.2827102135520312     
          70          71   1.2792632254442804     
          70          72   1.3627646223965046     
          72          73   1.0520539015874257     
          73          74   1.4224009125056776     
          74          75   1.4537989648297116     
          75          76   1.4176141136793805     
          76          77  0.89149133460143604     
          77          78   1.8936943004161064     
          77          79   1.0771981338492800     
          77          80   1.8911161317233181     
          78          80  0.13445834219831956     
          76          81   1.4173716089821373     
          73          82   1.4215013909110639     
          81          82   1.4543399993984409     
          72          83   1.3621325574522187     
          83          84   1.2142728236875977     
          84          85   1.6258269832442682     
          65          86  0.56045876547317697     
          83          86   1.2687230034814194     
          85          87   1.2238981196172436     
          86          87   1.3074242782502468     
          87          88   1.2955667115911611     
          88          89   1.2950357548748888     
          89          90   1.2243697888582032     
          90          91   1.6249659111957109     
          91          92   1.2149040119103369     
          65          93  0.55992865647282464     
          89          93   1.3074637782383596     
          92          93   1.2689361522439084     
          92          94   1.3613810232075898     
          94          95   1.0522382064790450     
          95          96   1.4224861813829248     
          96          97   1.4531936333787476     
          97          98   1.4187499441856963     
          98          99  0.89022177197915719     
          99         100   1.8863125049622915     
          99         101   1.0825009110897965     
          99         102   1.9010521840561354     
         100         102  0.13403216644396085     
         101         102  0.10158057317042211     
          98         103   1.4168909669579930     
          95         104   1.4214038251127790     
         103         104   1.4546275379814695     
          94         105   1.3632935013943728     
         105         106   1.2053131798239141     
         106         107   1.6430829991809925     
          66         108   1.3869379993397537     
         107         108   1.1989678765946947     
          65         109  0.56729630767114192     
         105         109   1.2791850013835431     
         108         109   1.2823790275010483     
          66         110  0.99778547686193753     
          68         111  0.99363611238019001     
          69         112  0.99922232973929226     
          74         113  0.98822766343444113     
          75         114  0.98493711518350113     
          79         115  0.93877378921871169     
          81         116  0.98478841476227108     
          82         117  0.98788240118604342     
          84         118  0.99812796923693237     
          85         119  0.99870800151065642     
          90         120  0.99876023395843350     
          91         121  0.99837482009540712     
          96         122  0.98811742792600421     
          97         123  0.98498610988144242     
         101         124  0.93920137763209033     
         103         125  0.98476894071601329     
         104         126  0.98801265538509420     
         106         127  0.99899311231942867     
         107         128  0.99355341925628959     
         129         130   2.3805398453938640     
         130         131   1.3488763288441559     
          24         132   1.2160415074134538     
         129         132  0.16848557308099787     
         131         132   2.4784547101168326     
         129         133   1.3499722264662322     
         130         134  0.16835662703958879     
         133         134   2.4757606157967960     
         135         136   2.3801087174504110     
         136         137   1.3502921840468860     
         135         138  0.16826509983357937     
         137         138   2.4753902604092444     
         135         139   1.3491903480851239     
          88         140   1.2162763847855393     
         136         140  0.16840122102211438     
         139         140   2.4780369814705119     
         134         142   1.2182734030010809     
         142         143   1.2918423102814454     
         143         144   1.2249609448865433     
         144         145   1.6241449296035415     
         145         146   1.2166343563965976     
         141         147  0.56196170809571777     
         143         147   1.3102487927615512     
         146         147   1.2639977736239718     
         146         148   1.3647362020238278     
         148         149   1.0509905546667828     
         149         150   1.4234764516374454     
         150         151   1.4528569743809823     
         151         152   1.4190831107695030     
         152         153  0.89005316796968581     
         153         154   1.8863170573424701     
         153         155   1.0819650111810151     
         153         156   1.9012696257608335     
         154         156  0.13411609450726156     
         155         156  0.10148520445848559     
         152         157   1.4173407797680337     
         149         158   1.4223906900577965     
         157         158   1.4541525001620976     
         148         159   1.3648447449030807     
         159         160   1.2164405111470227     
         160         161   1.6242782132559737     
         141         162  0.56233135534450163     
         159         162   1.2639841813433532     
         161         163   1.2250243277094208     
         162         163   1.3103391282431149     
         138         164   1.2184861816847836     
         163         164   1.2917186840498653     
         164         165   1.2920036582981502     
         165         166   1.2250639233988829     
         166         167   1.6242155569213492     
         167         168   1.2164528488503006     
         141         169  0.56254155977645470     
         165         169   1.3101357095532475     
         168         169   1.2641490270639422     
         168         170   1.3645335615720358     
         170         171   1.0516521206766860     
         171         172   1.4230986651900341     
         172         173   1.4530722880519309     
         173         174   1.4188688934581311     
         174         175  0.89034537635649913     
         175         176   1.8865775263081954     
         175         177   1.0809766170001052     
         175         178   1.9004864047433083     
         176         178  0.13415194787302995     
         177         178  0.10140875013383081     
         174         179   1.4172111503942171     
         171         180   1.4221390026493947     
         179         180   1.4542980604342157     
         170         181   1.3645086655048579     
         181         182   1.2166722579008187     
         182         183   1.6240767757526884     
         142         184   1.2918556008238651     
         183         184   1.2250411522652702     
         141         185  0.56167641960794590     
         181         185   1.2640905466476258     
         184         185   1.3102496925684284     
         144         186  0.99906287107870329     
         145         187  0.99898339574879524     
         150         188  0.98801194399625047     
         151         189  0.98489201432572926     
         155         190  0.93954456113859197     
         157         191  0.98492096231662951     
         158         192  0.98811264043192237     
         160         193  0.99872239456584211     
         161         194  0.99902478431631436     
         166         195  0.99897293722010971     
         167         196  0.99871190286346867     
         172         197  0.98802099969115731     
         173         198  0.98488389899592144     
         177         199  0.93948266963494509     
         179         200  0.98494367517376347     
         180         201  0.98815409987656888     
         182         202  0.99896929996048123     
         183         203  0.99909850968493819     
