    0.28659075
   -0.03278436
    0.05649500
   -0.04293592
   -0.03829710
    0.05502470
   -0.21545582
    0.00724156
   -0.00245394
   -0.04079970
    0.08024475
   -0.29584102
    0.06546687
   -0.30421649
    0.07219394
   -0.30395515
   -0.04676403
    0.05340084
   -0.04011527
   -0.03866458
   -0.21098224
    0.06035897
    0.01068090
    0.06110216
   -0.03749341
   -0.03844303
    0.05406651
   -0.21118161
    0.00727596
   -0.00219767
   -0.03998645
    0.08097955
   -0.29459515
    0.06507185
   -0.30461581
    0.07138177
   -0.30517387
   -0.04783036
    0.05437721
   -0.03973246
   -0.04371953
    0.05618593
   -0.21549632
    0.01679223
    0.02395001
    0.02053275
    0.02821865
    0.23047924
    0.23600430
    0.23083684
    0.02902631
    0.02009454
    0.01796235
    0.01915186
    0.02212058
    0.02944790
    0.23066594
    0.23516779
    0.22935636
    0.02757925
    0.01944752
    0.02352448
    0.28963781
   -0.03273911
    0.05648991
   -0.04290891
   -0.03826112
    0.05504130
   -0.21519850
    0.00734836
   -0.00234642
   -0.04060087
    0.08044354
   -0.29567673
    0.06556311
   -0.30423965
    0.07221552
   -0.30411437
   -0.04668654
    0.05355423
   -0.03959060
   -0.03810119
   -0.21074289
    0.06052539
    0.01077205
    0.06106011
   -0.03762447
   -0.03839093
    0.05409514
   -0.21093004
    0.00739012
   -0.00233565
   -0.04018671
    0.08105937
   -0.29451361
    0.06542033
   -0.30407511
    0.07156131
   -0.30489018
   -0.04784666
    0.05442918
   -0.03956869
   -0.04362248
    0.05622162
   -0.21528650
    0.01694834
    0.02401464
    0.02055789
    0.02844378
    0.23050413
    0.23582171
    0.23062973
    0.02895861
    0.02076606
    0.01869986
    0.01905370
    0.02252178
    0.02911582
    0.23106865
    0.23557176
    0.22945466
    0.02766859
    0.01965684
    0.02366498
   -0.03668714
   -0.03296144
   -0.03278003
   -0.03652317
    0.32100736
    0.00330930
    0.06022683
   -0.04126000
   -0.03994649
    0.04974785
   -0.21009941
    0.00904158
   -0.00364229
   -0.04574640
    0.08079675
   -0.29574573
    0.07574089
   -0.29655489
    0.07131080
   -0.30343914
   -0.04619735
    0.04995120
   -0.03934278
   -0.04067487
   -0.21018566
    0.06053790
    0.00350004
    0.06080429
   -0.04024128
   -0.03808764
    0.05123303
   -0.20942033
    0.01052362
    0.00220917
   -0.03899463
    0.08353459
   -0.29458607
    0.05388961
   -0.31655993
    0.07710971
   -0.30065144
   -0.03929191
    0.05118529
   -0.03814750
   -0.04005685
    0.06087648
   -0.20974030
    0.01598312
    0.01896758
    0.02878113
    0.22802687
    0.23261201
    0.23061397
    0.02819929
    0.02015572
    0.01650847
    0.01640386
    0.01989977
    0.03048940
    0.22831682
    0.23428617
    0.22607063
    0.02953078
    0.01950751
    0.01643230
