           2           3   1.3889405605270806     
           3           4   1.2032677952263964     
           4           5   1.6373928606238815     
           5           6   1.2110736184775674     
           1           7  0.71299336619906273     
           3           7   1.2555281827197453     
           6           7   1.2463525982858494     
           6           8   1.3720720704818190     
           8           9   1.0453065163106907     
           9          10   1.8022514749861891     
          10          11   1.0093447122010784     
          11          12  0.96597773991704283     
          12          13   1.1810596378131224     
           9          14   1.1191448404845910     
          13          14   1.7070119307444651     
           8          15   1.3647909979353450     
          15          16   1.2217704121569890     
          16          17   1.6192898594843497     
           1          18  0.71625241061171285     
          15          18   1.2416570002506830     
          17          19   1.2293681951399071     
          18          19   1.2752694768634407     
          19          20   1.3048987355739725     
          20          21   1.3044206665231957     
          21          22   1.2293098080323519     
          22          23   1.6194372810266227     
          23          24   1.2216749806926162     
           1          25  0.71582150726320537     
          21          25   1.2759431820438245     
          24          25   1.2412508385253342     
          24          26   1.3654142867641426     
          26          27   1.0452239769721439     
          27          28   1.8023647914590548     
          28          29   1.0094198391139968     
          29          30  0.96600798016301537     
          30          31   1.1808593915105337     
          27          32   1.1191419880462250     
          31          32   1.7072761501249942     
          26          33   1.3714989125861579     
          33          34   1.2111724304426821     
          34          35   1.6373026840408906     
           2          36   1.3895312588843005     
          35          36   1.2032174770257580     
           1          37  0.71373474901654432     
          33          37   1.2467350508254680     
          36          37   1.2547700119458856     
           2          38  0.99686927627795274     
           4          39  0.99393509706680028     
           5          40   1.0003234761528421     
          10          41  0.98696380844950127     
          11          42  0.98717400525949262     
          11          43  0.98036594401139543     
          12          44  0.95622894154951976     
          13          45  0.97981021728151296     
          14          46  0.98713392469005135     
          16          47  0.99946333226173634     
          17          48  0.99841048914437980     
          22          49  0.99836723756621504     
          23          50  0.99941259090578383     
          28          51  0.98692977146333571     
          29          52  0.98717708580613939     
          29          53  0.98035016681170484     
          30          54  0.95632480404606957     
          31          55  0.97982888230559262     
          32          56  0.98716655258791230     
          34          57   1.0003413713956040     
          35          58  0.99394241226757185     
          60          61   1.3888776850515068     
          61          62   1.2034871806845142     
          62          63   1.6367792711230484     
          63          64   1.2113719465494845     
          59          65  0.71552982291405920     
          61          65   1.2536937381296451     
          64          65   1.2459504483355763     
          64          66   1.3703794499696216     
          66          67   1.0484648210106500     
          67          68   1.7995254169318355     
          68          69   1.0097176124807721     
          69          70  0.96668361811645975     
          70          71   1.1795224731954594     
          67          72   1.1186900174083227     
          71          72   1.7090204315609130     
          66          73   1.3634348758970778     
          73          74   1.2216974079609795     
          74          75   1.6194073336647947     
          59          76  0.71837964797068588     
          73          76   1.2412639811849395     
          75          77   1.2289214588944000     
          76          77   1.2737227321017621     
          77          78   1.3047519013289781     
          78          79   1.3057274190282011     
          79          80   1.2288947184786210     
          80          81   1.6189345851112511     
          81          82   1.2221370860123877     
          59          83  0.71796535537330453     
          79          83   1.2732850610366668     
          82          83   1.2416926845535114     
          82          84   1.3629895272267547     
          84          85   1.0474867603698237     
          85          86   1.7999084595138410     
          86          87   1.0096962109158487     
          87          88  0.96605993504986365     
          88          89   1.1804809835725800     
          85          90   1.1191722219029903     
          89          90   1.7075017890983537     
          84          91   1.3714286895953245     
          91          92   1.2110733185407623     
          92          93   1.6370128359146017     
          60          94   1.3884879905358178     
          93          94   1.2034417483693238     
          59          95  0.71569880656426677     
          91          95   1.2452823401024511     
          94          95   1.2541602635285418     
          60          96  0.99674002975145137     
          62          97  0.99395756446510175     
          63          98   1.0001833754945340     
          68          99  0.98718682362074806     
          69         100  0.98741147034441945     
          69         101  0.98018790214887952     
          70         102  0.95669635549966436     
          71         103  0.97975626500330137     
          72         104  0.98743049472590572     
          74         105  0.99946669399526555     
          75         106  0.99896137335111257     
          80         107  0.99890253673119545     
          81         108  0.99954298362633087     
          86         109  0.98708809922356189     
          87         110  0.98704649824142798     
          87         111  0.98022967254746929     
          88         112  0.95624274761794459     
          89         113  0.97975924978071527     
          90         114  0.98739708798670711     
          92         115   1.0002202134674454     
          93         116  0.99394379494267016     
          20         117   1.2007033054735252     
         117         118   2.6239666438534890     
         119         120   2.6145778751575839     
          78         122   1.1989461929655678     
         121         122   2.6258272434887999     
         118         124   1.2028701912576369     
         124         125   1.2997324820810239     
         125         126   1.2304531308476772     
         126         127   1.6180609051335422     
         127         128   1.2219980201664458     
         123         129  0.71521003534664462     
         125         129   1.2778877759460538     
         128         129   1.2361660636147846     
         128         130   1.3702336438718770     
         130         131   1.0489648436739207     
         131         132   1.7975287621261871     
         132         133   1.0096459913735039     
         133         134  0.96747063756982066     
         134         135   1.1779338497433669     
         131         136   1.1198979417826855     
         135         136   1.7074321269667079     
         130         137   1.3651169596253330     
         137         138   1.2250530214619526     
         138         139   1.6154795314374859     
         123         140  0.71510451098434602     
         137         140   1.2380425300577445     
         139         141   1.2322806315417458     
         140         141   1.2781994883914722     
         119         142   1.2130741623431971     
         141         142   1.2970435374925671     
         142         143   1.2948601866889149     
         143         144   1.2335284577051269     
         144         145   1.6147107112726120     
         145         146   1.2240872987701970     
         123         147  0.71537543598216291     
         143         147   1.2796839846109316     
         146         147   1.2363329894257269     
         146         148   1.3675416462762398     
         148         149   1.0499478455106770     
         149         150   1.7996538106081552     
         150         151   1.0099225203955999     
         151         152  0.96634717613301502     
         152         153   1.1787934649472533     
         149         154   1.1183770217485165     
         153         154   1.7099551570193405     
         148         155   1.3671232155300181     
         155         156   1.2234558856457904     
         156         157   1.6179477490016938     
         124         158   1.3004794365008221     
         157         158   1.2295059045875041     
         123         159  0.71521903636469975     
         155         159   1.2373364996790941     
         158         159   1.2773795610376142     
         126         160  0.99934716618315866     
         127         161   1.0006223661147235     
         132         162  0.98636034035141162     
         133         163  0.97768786997512336     
         133         164  0.98753854158792831     
         134         165  0.95692828978058253     
         135         166  0.98007237530745395     
         136         167  0.98793534563913610     
         138         168  0.99957451508274586     
         139         169  0.99913963500321101     
         144         170  0.99871923772778270     
         145         171  0.99977826571560491     
         150         172  0.98691159318350308     
         151         173  0.97988689786870253     
         151         174  0.98740079490803090     
         152         175  0.95724683775169817     
         153         176  0.98024778438570148     
         154         177  0.98792155916495117     
         156         178   1.0005496036454922     
         157         179  0.99932373762808790     
         120         181   1.2123916405791197     
         181         182   1.2950469814865806     
         182         183   1.2326626652247721     
         183         184   1.6160168925165279     
         184         185   1.2230327801738510     
         180         186  0.71320359902206343     
         182         186   1.2814813498578941     
         185         186   1.2360851195349638     
         185         187   1.3700350290903776     
         187         188   1.0473569584682736     
         188         189   1.7993096126184778     
         189         190   1.0095699706940888     
         190         191  0.96748330012231620     
         191         192   1.1778779090508862     
         188         193   1.1197911682342034     
         192         193   1.7076157502532279     
         187         194   1.3671367558911525     
         194         195   1.2238399802026401     
         195         196   1.6174843810860629     
         180         197  0.71350876349075865     
         194         197   1.2385312844195637     
         196         198   1.2298058818512450     
         197         198   1.2773456584533314     
         121         199   1.1991355611315269     
         198         199   1.3023856337204249     
         199         200   1.3010288997180572     
         200         201   1.2303972412221869     
         201         202   1.6175861301214609     
         202         203   1.2221382971605428     
         180         204  0.71237916040285532     
         200         204   1.2793104636346713     
         203         204   1.2367456273752411     
         203         205   1.3707985011849755     
         205         206   1.0485879187357385     
         206         207   1.8007596538502020     
         207         208   1.0096093592112132     
         208         209  0.96637544714735946     
         209         210   1.1791332221076531     
         206         211   1.1186116229885141     
         210         211   1.7095718787807865     
         205         212   1.3651635210405870     
         212         213   1.2245727716817483     
         213         214   1.6161979637075463     
         181         215   1.2983004984876851     
         214         215   1.2315042596538150     
         180         216  0.71508799462218997     
         212         216   1.2387905424215586     
         215         216   1.2783199622406942     
         183         217  0.99882372725297563     
         184         218   1.0004237651452446     
         189         219  0.98597024358921814     
         190         220  0.97773810687748597     
         190         221  0.98746293748281222     
         191         222  0.95702510867541313     
         192         223  0.98023813902715806     
         193         224  0.98809238916957420     
         195         225  0.99953580219956706     
         196         226  0.99894849175780320     
         201         227  0.99887411859061304     
         202         228  0.99975505707029355     
         207         229  0.98713676243922144     
         208         230  0.98019000892560770     
         208         231  0.98750078883274361     
         209         232  0.95711898908710502     
         210         233  0.98013898503068431     
         211         234  0.98743692193316279     
         213         235   1.0005356875224465     
         214         236  0.99910883262498495     
