           1           2   1.3721909385126461     
           2           3   1.2404361668376602     
           3           4   1.5970883054237046     
           4           5   1.2523812369012692     
           2           6   1.2298995079283210     
           5           6   1.2272208105599927     
           5           7   1.3437980144563564     
           7           8   1.0508579055984906     
           8           9   1.4180966984933079     
           9          10   1.4477508553171243     
          10          11   1.3947095196332180     
          11          12   1.1245510896720254     
          11          13   1.3855340882992837     
           8          14   1.4108658859338241     
          13          14   1.4556781202128231     
           7          15   1.3664671929464227     
          15          16   1.1634927180992767     
          16          17   1.6905672193970533     
          15          18   1.3570868348519312     
          17          19   1.1683344048519682     
          18          19   1.4129229656755167     
          19          20   1.2925324708726775     
          20          21   1.2906289372891766     
          21          22   1.2691904009122086     
          22          23   1.5809719907649136     
          23          24   1.2608312460860647     
          21          25   1.2496591845876019     
          24          25   1.2238163096745391     
          24          26   1.3421254843738981     
          26          27   1.0510838076180062     
          27          28   1.4105498751370724     
          28          29   1.4561554831430705     
          29          30   1.3853574139986926     
          30          31   1.1244445560945895     
          30          32   1.3947576453532520     
          27          33   1.4180189180184224     
          32          33   1.4471844726898311     
          26          34   1.3604748759675962     
          34          35   1.1544792452334183     
          35          36   1.7054456845196799     
           1          37   1.3825241781098441     
          36          37   1.1477656917800989     
          34          38   1.3778213223080493     
          37          38   1.3762188711269545     
           1          39  0.99623735831625282     
           3          40  0.99313689681192041     
           4          41  0.99997946152737072     
           6          42  0.96152390259648102     
           9          43  0.98958408324546354     
          10          44  0.98162797866529461     
          12          45  0.96457219502801095     
          13          46  0.98305761106646372     
          14          47  0.98999139530195912     
          16          48  0.99962083878138341     
          17          49  0.99938592276102833     
          22          50  0.99916466299414353     
          23          51  0.99911744396599267     
          25          52  0.96095744200663580     
          28          53  0.98995908911100017     
          29          54  0.98277681326141864     
          31          55  0.96477594374082198     
          32          56  0.98188619885732409     
          33          57  0.98956663775779541     
          35          58   1.0006701964450611     
          36          59  0.99371075349660887     
          60          61   1.3722131782896096     
          61          62   1.2404434620468832     
          62          63   1.5970370517562125     
          63          64   1.2525311204048075     
          61          65   1.2298946569532121     
          64          65   1.2272731467276838     
          64          66   1.3435659715500301     
          66          67   1.0522539617055147     
          67          68   1.4174736691376646     
          68          69   1.4479366418159170     
          69          70   1.3945554361211232     
          70          71   1.1247522571805015     
          70          72   1.3852918817973894     
          67          73   1.4102350790969720     
          72          73   1.4560379208904155     
          66          74   1.3656752250393120     
          74          75   1.1639151465986741     
          75          76   1.6894633253768974     
          74          77   1.3569623970340321     
          76          78   1.1685324260588821     
          77          78   1.4131013328249027     
          78          79   1.2915526288644466     
          79          80   1.2907156221602796     
          80          81   1.2693423407805435     
          81          82   1.5803263453229288     
          82          83   1.2612608930169880     
          80          84   1.2493930345682809     
          83          84   1.2239179039556882     
          83          85   1.3412689309714247     
          85          86   1.0531615705434776     
          86          87   1.4095568643702434     
          87          88   1.4564674280837457     
          88          89   1.3851597694229079     
          89          90   1.1245918913790141     
          89          91   1.3944507984152816     
          86          92   1.4171119260393561     
          91          92   1.4477277592703595     
          85          93   1.3597787532902561     
          93          94   1.1546757468557245     
          94          95   1.7052330697816986     
          60          96   1.3824541948345992     
          95          96   1.1478790484102090     
          93          97   1.3779519687665227     
          96          97   1.3761786673134342     
          60          98  0.99624076220705537     
          62          99  0.99317965664122010     
          63         100  0.99997837976045467     
          65         101  0.96147931567030220     
          68         102  0.98928186043163291     
          69         103  0.98166762659657048     
          71         104  0.96453337914561255     
          72         105  0.98303331279571571     
          73         106  0.99001688535341492     
          75         107  0.99925999627619844     
          76         108  0.99942973997053719     
          81         109  0.99914132646815790     
          82         110  0.99882193786973772     
          84         111  0.96081989948976354     
          87         112  0.98973652900461317     
          88         113  0.98276058236648711     
          90         114  0.96475136680097973     
          91         115  0.98193748672982073     
          92         116  0.98963703665676972     
          94         117   1.0006159513765140     
          95         118  0.99372507168656787     
          20         119   1.2071786111804439     
         119         120   2.6158011151194409     
         121         122   2.6057826064971739     
         123         124   2.6020781652475033     
         125         126   2.6033905519295293     
          79         128   1.2075123615730377     
         127         128   2.6151189052957911     
         120         129   1.2090394479143454     
         129         130   1.2842141018491890     
         130         131   1.2733575666326244     
         131         132   1.5743149540729895     
         132         133   1.2668858009210817     
         130         134   1.2519507119847146     
         133         134   1.2218861784918034     
         133         135   1.3366644082129056     
         135         136   1.0535385607245502     
         136         137   1.4174919345753518     
         137         138   1.4479225974452936     
         138         139   1.3945651595965496     
         139         140   1.1247692615326912     
         139         141   1.3850122389089046     
         136         142   1.4098006263258973     
         141         142   1.4565485092482819     
         135         143   1.3724527141348333     
         143         144   1.1650215776391331     
         144         145   1.6869296982444377     
         143         146   1.3519100509685220     
         145         147   1.1709986193564303     
         146         147   1.4186067364240569     
         121         148   1.2172324413637488     
         147         148   1.2841039049723821     
         148         149   1.2848510669617643     
         149         150   1.2736190867795054     
         150         151   1.5759588407401965     
         151         152   1.2657273689009192     
         149         153   1.2515562229090438     
         152         153   1.2236815364382965     
         152         154   1.3361290444754812     
         154         155   1.0481725012730567     
         155         156   1.4122891537185627     
         156         157   1.4554868758175847     
         157         158   1.3857999756845649     
         158         159   1.1238265086946075     
         158         160   1.3954489720042307     
         155         161   1.4201661149291487     
         160         161   1.4464563585319112     
         154         162   1.3766333569735443     
         162         163   1.1625543091398545     
         163         164   1.6913332764245699     
         129         165   1.2899923321697002     
         164         165   1.1685308800830589     
         162         166   1.3516023176738230     
         165         166   1.4160629145592798     
         131         167  0.99919533816975381     
         132         168  0.99974944989153358     
         134         169  0.96247271605132356     
         137         170  0.98949218868762689     
         138         171  0.98177895861331965     
         140         172  0.96473826894105974     
         141         173  0.98302790208572366     
         142         174  0.99002970506647681     
         144         175   1.0000058849442737     
         145         176  0.99966706715678433     
         150         177  0.99876390864292242     
         151         178   1.0000523436732967     
         153         179  0.96276654353661273     
         156         180  0.99009078842788578     
         157         181  0.98299494277557875     
         159         182  0.96507902567050985     
         160         183  0.98190789341759832     
         161         184  0.98971430684815409     
         163         185   1.0006335363429819     
         164         186  0.99952400340796732     
         122         187   1.2171711071148219     
         187         188   1.2826686676140673     
         188         189   1.2739993513051184     
         189         190   1.5748674223636203     
         190         191   1.2662245125986418     
         188         192   1.2522756402928770     
         191         192   1.2222962003691700     
         191         193   1.3371496089778967     
         193         194   1.0484944653908477     
         194         195   1.4201915285279545     
         195         196   1.4466237765233854     
         196         197   1.3953541444818174     
         197         198   1.1235875842965646     
         197         199   1.3859361428012720     
         194         200   1.4121519990561775     
         199         200   1.4552718031512490     
         193         201   1.3760319460660808     
         201         202   1.1643083132850480     
         202         203   1.6888746654948861     
         201         204   1.3505379215165727     
         203         205   1.1711306341606542     
         204         205   1.4197644631034561     
         123         206   1.2220333626171334     
         205         206   1.2836608721416711     
         206         207   1.2807236370738027     
         207         208   1.2758360570206004     
         208         209   1.5734421652275878     
         209         210   1.2672657021881584     
         207         211   1.2523636706403343     
         210         211   1.2232013542526969     
         210         212   1.3349698081997996     
         212         213   1.0511078670642044     
         213         214   1.4106346486759009     
         214         215   1.4562176104243871     
         215         216   1.3853691542017519     
         216         217   1.1239220440171058     
         216         218   1.3951859076216462     
         213         219   1.4192056054768616     
         218         219   1.4470090177219419     
         212         220   1.3758508792125679     
         220         221   1.1639347931226214     
         221         222   1.6890259675555772     
         187         223   1.2854797306447636     
         222         223   1.1704824865494099     
         220         224   1.3511241966404677     
         223         224   1.4188248867357343     
         189         225  0.99907793365053499     
         190         226  0.99992126271804527     
         192         227  0.96247752769740602     
         195         228  0.98966804784008944     
         196         229  0.98193475530256225     
         198         230  0.96513136307835523     
         199         231  0.98305093465290994     
         200         232  0.98977682835300840     
         202         233   1.0007632286777990     
         203         234  0.99905484069956141     
         208         235  0.99866051870926320     
         209         236  0.99992150890365927     
         211         237  0.96266322582566821     
         214         238  0.98981400803464326     
         215         239  0.98295440377640819     
         217         240  0.96511372061588285     
         218         241  0.98191896850649552     
         219         242  0.98978766036093468     
         221         243   1.0006089249110930     
         222         244  0.99967886998744437     
         124         245   1.2222420171903410     
         245         246   1.2825466935365579     
         246         247   1.2745769141872783     
         247         248   1.5757213098207050     
         248         249   1.2659878894225791     
         246         250   1.2524440916283177     
         249         250   1.2225830184056667     
         249         251   1.3375251195716984     
         251         252   1.0453516249180135     
         252         253   1.4212243876247681     
         253         254   1.4459951997130640     
         254         255   1.3956117212165917     
         255         256   1.1233297589731015     
         255         257   1.3864576498398218     
         252         258   1.4140481950931856     
         257         258   1.4544925642048885     
         251         259   1.3776112165720875     
         259         260   1.1636794226504363     
         260         261   1.6894782947631022     
         259         262   1.3501092465033111     
         261         263   1.1704343339076499     
         262         263   1.4193657103695108     
         125         264   1.2203107347096145     
         263         264   1.2847441980603258     
         264         265   1.2802794814873200     
         265         266   1.2759220730802681     
         266         267   1.5728108795249045     
         267         268   1.2677864466268847     
         265         269   1.2527874349325334     
         268         269   1.2226922848392043     
         268         270   1.3347714568575411     
         270         271   1.0545885801365995     
         271         272   1.4093061448913546     
         272         273   1.4569125317062681     
         273         274   1.3848662520958614     
         274         275   1.1245992293541627     
         274         276   1.3945210901071026     
         271         277   1.4171647043128965     
         276         277   1.4480320213594675     
         270         278   1.3735494847957994     
         278         279   1.1653564831336027     
         279         280   1.6860480785486762     
         245         281   1.2812563330444033     
         280         281   1.1722328805238085     
         278         282   1.3509531373917980     
         281         282   1.4198674087289236     
         247         283  0.99817622397249550     
         248         284   1.0003718278227880     
         250         285  0.96279350566323896     
         253         286  0.98956117993489090     
         254         287  0.98192505405358077     
         256         288  0.96521984238809333     
         257         289  0.98306280806062951     
         258         290  0.98997948827421167     
         260         291   1.0008616126054526     
         261         292  0.99936571597572221     
         266         293  0.99880056155704333     
         267         294  0.99980352155209440     
         269         295  0.96267245333058460     
         272         296  0.98993798952765188     
         273         297  0.98298573785809085     
         275         298  0.96489882174299635     
         276         299  0.98180485645759430     
         277         300  0.98954792300103600     
         279         301   1.0002277733551366     
         280         302  0.99941146125120039     
         126         303   1.2201729349609123     
         303         304   1.2833718637997533     
         304         305   1.2743008546776295     
         305         306   1.5754089032273191     
         306         307   1.2662294517436758     
         304         308   1.2520383438318339     
         307         308   1.2235340021727750     
         307         309   1.3358371567879024     
         309         310   1.0478490544568644     
         310         311   1.4199084382362437     
         311         312   1.4466001246178244     
         312         313   1.3953526314832900     
         313         314   1.1234581057628485     
         313         315   1.3861988067743056     
         310         316   1.4129445965873737     
         315         316   1.4550822994359656     
         309         317   1.3770999963556156     
         317         318   1.1625153295097053     
         318         319   1.6909431987764660     
         317         320   1.3512075611782934     
         319         321   1.1683735715072463     
         320         321   1.4168381678028257     
         127         322   1.2095683575417393     
         321         322   1.2891233526274062     
         322         323   1.2845733879155992     
         323         324   1.2728756601496061     
         324         325   1.5746666529588742     
         325         326   1.2665613094893651     
         323         327   1.2523531504246475     
         326         327   1.2217563986913564     
         326         328   1.3372051419053770     
         328         329   1.0524305479557416     
         329         330   1.4105201739268600     
         330         331   1.4560968857146632     
         331         332   1.3852789846144546     
         332         333   1.1247749649421444     
         332         334   1.3944370852701187     
         329         335   1.4177885431535497     
         334         335   1.4479119877421038     
         328         336   1.3727931881060162     
         336         337   1.1651480642371670     
         337         338   1.6868114708444064     
         303         339   1.2829375026618499     
         338         339   1.1713547942265574     
         336         340   1.3515956448450008     
         339         340   1.4193153110957271     
         305         341  0.99854087790697976     
         306         342   1.0001151354882130     
         308         343  0.96283789508721407     
         311         344  0.98971311993037347     
         312         345  0.98189838220002801     
         314         346  0.96525247437276207     
         315         347  0.98301247271430237     
         316         348  0.99006405303604772     
         318         349   1.0006916738386051     
         319         350   1.0000008778834149     
         324         351  0.99941895157735905     
         325         352  0.99981353334179046     
         327         353  0.96249651083323051     
         330         354  0.99000955438516292     
         331         355  0.98303559975588539     
         333         356  0.96472393454422822     
         334         357  0.98177288905973081     
         335         358  0.98942576710770147     
         337         359   1.0001541504604221     
         338         360  0.99969980062182440     
