   -0.02134866
    0.06276462
   -0.03400412
   -0.03254468
    0.06333942
   -0.15810695
    0.00885268
    0.01593831
   -0.01669682
   -0.00998275
   -0.00796678
    0.14510744
   -0.29804917
   -0.01635360
   -0.01938818
    0.06026349
   -0.03698826
   -0.03654862
   -0.28423566
    0.06515091
    0.01851821
    0.06680782
   -0.03219280
   -0.03231371
    0.06275025
   -0.15608212
    0.00798593
    0.01571187
   -0.01799404
   -0.01059677
   -0.00824689
    0.14479456
   -0.29880122
   -0.01614493
   -0.01846795
    0.06139404
   -0.03753869
   -0.03865986
    0.05982531
   -0.28676743
    0.03057895
    0.04129308
    0.03185692
    0.16502626
    0.03164746
    0.04169039
    0.03985200
    0.04302035
    0.03035367
    0.02360466
    0.02692356
    0.03639295
    0.03279999
    0.16353750
    0.03181678
    0.04117243
    0.03973165
    0.04296808
    0.02972892
    0.02239823
    0.03144655
   -0.02077020
    0.06291096
   -0.03365262
   -0.03229889
    0.06367989
   -0.15787486
    0.00906836
    0.01589465
   -0.01665193
   -0.00983095
   -0.00786889
    0.14518173
   -0.29779634
   -0.01634088
   -0.01944016
    0.06070296
   -0.03668389
   -0.03615750
   -0.28404745
    0.06537711
    0.01910540
    0.06715963
   -0.03155332
   -0.03181528
    0.06323852
   -0.15599929
    0.00829951
    0.01574152
   -0.01800664
   -0.01046517
   -0.00806552
    0.14495183
   -0.29851264
   -0.01600808
   -0.01837022
    0.06166742
   -0.03738162
   -0.03843555
    0.05995800
   -0.28636637
    0.03098763
    0.04165873
    0.03222056
    0.16523966
    0.03203378
    0.04201754
    0.03990215
    0.04307830
    0.03034817
    0.02408280
    0.02734929
    0.03701101
    0.03345673
    0.16379104
    0.03185575
    0.04137471
    0.03994342
    0.04321512
    0.03003923
    0.02266984
    0.03175141
   -0.01840005
   -0.02007117
   -0.02198061
   -0.01650091
   -0.02069428
   -0.02012758
   -0.02198255
   -0.01886716
   -0.02134860
   -0.01935199
   -0.02129643
   -0.01951883
   -0.02190392
   -0.01853409
   -0.02043085
   -0.02015175
   -0.02118419
   -0.01565301
   -0.01752141
   -0.01937926
    0.01400978
    0.06598094
   -0.03517820
   -0.03364932
    0.06060228
   -0.15621481
    0.01083110
    0.01666509
   -0.01647928
   -0.01008925
   -0.00817573
    0.14499735
   -0.29860981
   -0.01628541
   -0.01886335
    0.05842886
   -0.03795490
   -0.03834238
   -0.28411678
    0.06458075
    0.01649232
    0.06640450
   -0.03377682
   -0.03305763
    0.06095433
   -0.15545805
    0.01055881
    0.01657591
   -0.01772872
   -0.01582593
   -0.00817247
    0.14496405
   -0.29895205
   -0.01048691
   -0.01760413
    0.05875609
   -0.03803194
   -0.03883573
    0.06421168
   -0.28513474
    0.03323878
    0.03025231
    0.16349102
    0.03140388
    0.04100530
    0.03936326
    0.04261704
    0.03043794
    0.02182553
    0.02487840
    0.03538057
    0.03150455
    0.16321594
    0.03015419
    0.04289978
    0.03952370
    0.04070291
    0.03162543
    0.02119523
    0.02385106
    0.01492835
    0.06616747
   -0.03468565
   -0.03354018
    0.06032881
   -0.15572450
    0.01110735
    0.01668733
   -0.01646978
   -0.01011194
   -0.00809384
    0.14508712
   -0.29870217
   -0.01612950
   -0.01866479
    0.05822682
   -0.03797452
   -0.03870367
   -0.28436163
    0.06443636
    0.01565409
    0.06628497
   -0.03426654
   -0.03316820
    0.06054898
   -0.15559778
    0.01103872
    0.01665150
   -0.01762130
   -0.01578972
   -0.00810310
    0.14507135
   -0.29888862
   -0.01047346
   -0.01752616
    0.05811557
   -0.03828115
   -0.03903553
    0.06424536
   -0.28455342
    0.03436665
    0.03059670
    0.16319749
    0.03109819
    0.04074793
    0.03945057
    0.04272670
    0.03053069
    0.02149984
    0.02431197
    0.03476842
    0.03107443
    0.16313718
    0.03001235
    0.04285303
    0.03961463
    0.04057819
    0.03153936
    0.02106917
    0.02395034
    0.01566336
    0.06623849
   -0.03431503
   -0.03342479
    0.06049334
   -0.15559116
    0.01104691
    0.01666176
   -0.01653372
   -0.01015492
   -0.00807486
    0.14511149
   -0.29874924
   -0.01606150
   -0.01862803
    0.05828316
   -0.03797094
   -0.03890081
   -0.28455290
    0.06436041
    0.01502439
    0.06627030
   -0.03455198
   -0.03320178
    0.06047564
   -0.15567233
    0.01116205
    0.01664791
   -0.01755886
   -0.01571951
   -0.00807060
    0.14509548
   -0.29892864
   -0.01050954
   -0.01755706
    0.05815118
   -0.03821135
   -0.03876936
    0.06437316
   -0.28430027
    0.03483793
    0.03084768
    0.16319096
    0.03100342
    0.04065257
    0.03957198
    0.04288232
    0.03064534
    0.02142887
    0.02400314
    0.03439469
    0.03093322
    0.16319133
    0.03012625
    0.04300733
    0.03973626
    0.04049652
    0.03146424
    0.02127194
    0.02437049
    0.01677859
    0.06641633
   -0.03364578
   -0.03314883
    0.06115245
   -0.15537840
    0.01053557
    0.01644532
   -0.01666053
   -0.01019201
   -0.00793778
    0.14516473
   -0.29877382
   -0.01591111
   -0.01859818
    0.05925393
   -0.03735322
   -0.03839432
   -0.28493653
    0.06438576
    0.01456963
    0.06619626
   -0.03465896
   -0.03289013
    0.06104765
   -0.15603900
    0.01095405
    0.01647056
   -0.01749159
   -0.01557102
   -0.00794829
    0.14516412
   -0.29891416
   -0.01061073
   -0.01771882
    0.05857529
   -0.03801386
   -0.03828401
    0.06457881
   -0.28388095
    0.03557965
    0.03139428
    0.16334060
    0.03076310
    0.04063129
    0.03988403
    0.04329055
    0.03090060
    0.02211204
    0.02442318
    0.03382046
    0.03114048
    0.16354976
    0.03033615
    0.04346639
    0.04015246
    0.04046630
    0.03136685
    0.02178270
    0.02509389
