    0.36239291
   -0.03005469
    0.05527416
   -0.04201903
   -0.03695399
    0.05574487
   -0.24007769
    0.00897304
    0.00353222
   -0.03800018
    0.03032740
   -0.24001457
    0.03579989
   -0.05835362
    0.05496020
   -0.03615256
   -0.03865858
   -0.23677794
    0.06114252
    0.01196127
    0.06106698
   -0.03876315
   -0.03627381
    0.05492122
   -0.23680260
    0.00889855
    0.00353819
   -0.03815019
    0.03036646
   -0.23994931
    0.03583842
   -0.05849878
    0.05572128
   -0.03698618
   -0.04202052
    0.05527206
   -0.24010813
    0.02002011
    0.02624537
    0.01926256
    0.01889426
    0.01764082
    0.02503921
    0.16631021
    0.03949707
    0.01223769
    0.02037205
    0.02458045
    0.02429982
    0.02020857
    0.01883274
    0.01756245
    0.02497693
    0.16639386
    0.03948848
    0.01225410
    0.01920341
    0.02622876
    0.36246782
   -0.02998600
    0.05530843
   -0.04198347
   -0.03693433
    0.05579598
   -0.24009099
    0.00903556
    0.00353063
   -0.03802535
    0.03031013
   -0.23996145
    0.03580397
   -0.05835315
    0.05499230
   -0.03607188
   -0.03861069
   -0.23673579
    0.06125932
    0.01192496
    0.06105373
   -0.03877120
   -0.03621496
    0.05496296
   -0.23689646
    0.00892027
    0.00352892
   -0.03805604
    0.03032231
   -0.24008640
    0.03578685
   -0.05842490
    0.05576809
   -0.03697149
   -0.04198760
    0.05529296
   -0.24001964
    0.02009567
    0.02632318
    0.01932531
    0.01890110
    0.01767840
    0.02504390
    0.16633132
    0.03958204
    0.01228285
    0.02042857
    0.02466488
    0.02424904
    0.02024020
    0.01888496
    0.01753525
    0.02510473
    0.16634807
    0.03947114
    0.01227936
    0.01927890
    0.02631349
   -0.02177144
   -0.02545698
   -0.02187164
   -0.02169514
   -0.02385495
   -0.01938643
   -0.02744624
   -0.01909942
   -0.01914891
   -0.02776872
   -0.01934544
   -0.02394675
   -0.02162249
   -0.02181011
   -0.02541194
   -0.02166140
    0.36355116
    0.00927971
    0.06103364
   -0.04050102
   -0.03704236
    0.05356461
   -0.23751936
    0.01124854
    0.00489296
   -0.03709434
    0.03082417
   -0.24055385
    0.03577908
   -0.05857421
    0.05351126
   -0.03672791
   -0.04037129
   -0.23716605
    0.06059651
    0.00879041
    0.06071045
   -0.04057926
   -0.03695629
    0.05370610
   -0.23764619
    0.01097359
    0.00402417
   -0.03717263
    0.03058705
   -0.24034423
    0.03562006
   -0.05826486
    0.05365797
   -0.03640305
   -0.04020881
    0.06086675
   -0.23702900
    0.02258501
    0.01849021
    0.02071714
    0.02457195
    0.01902108
    0.16603229
    0.03843776
    0.01221740
    0.01854958
    0.02254849
    0.02272389
    0.01910001
    0.01960634
    0.02604634
    0.01706682
    0.16574357
    0.03849807
    0.01187999
    0.01897685
    0.02249520
