           2           3   1.3851846998174124     
           3           4   1.2001981898676028     
           4           5   1.6407038473221871     
           5           6   1.2086864951299381     
           1           7  0.56734870792230097     
           3           7   1.2844180891941208     
           6           7   1.2761009694463394     
           6           8   1.3665305188946670     
           8           9   1.0458842534669468     
           9          10   1.8026811029093197     
          10          11   1.0091992646975239     
          11          12  0.96677617375040259     
          12          13   1.1799261481459802     
           9          14   1.1183346704298482     
          13          14   1.7089192137060272     
           8          15   1.3649422388902752     
          15          16   1.2187471885102503     
          16          17   1.6229580601475249     
           1          18  0.56212369450804567     
          15          18   1.2646331811642770     
          17          19   1.2255476289543097     
          18          19   1.3110207329559171     
          19          20   1.2893599049995774     
          20          21   1.2896585502517917     
          21          22   1.2256702373787958     
          22          23   1.6228188574657376     
          23          24   1.2187880526356867     
           1          25  0.56213631512807372     
          21          25   1.3108748994884121     
          24          25   1.2647182068467473     
          24          26   1.3649380374226776     
          26          27   1.0455723872348113     
          27          28   1.8027552384122199     
          28          29   1.0091230142523573     
          29          30  0.96653275573731645     
          30          31   1.1804365119408287     
          27          32   1.1185950592168730     
          31          32   1.7081435090691013     
          26          33   1.3667161424688594     
          33          34   1.2086170669909320     
          34          35   1.6407738912998515     
           2          36   1.3852805321270181     
          35          36   1.2001563146255625     
           1          37  0.56728120642497215     
          33          37   1.2760911415104810     
          36          37   1.2843747366421501     
           2          38  0.99868939298993042     
           4          39  0.99451064011921664     
           5          40   1.0007542590139320     
          10          41  0.98719943188239612     
          11          42  0.98742607662353810     
          11          43  0.98011263320156583     
          12          44  0.95665503323795154     
          13          45  0.97988809080871064     
          14          46  0.98760579976410534     
          16          47   1.0003832589178538     
          17          48  0.99944262256048033     
          22          49  0.99946567105154471     
          23          50   1.0004519859471372     
          28          51  0.98718387779809180     
          29          52  0.98739444384287089     
          29          53  0.98010843936024095     
          30          54  0.95650275057220047     
          31          55  0.97989495934817250     
          32          56  0.98758577528687397     
          34          57   1.0007771196449851     
          35          58  0.99452090293801065     
          60          61   1.3850269096832060     
          61          62   1.2001775220762252     
          62          63   1.6406103133612657     
          63          64   1.2087507952423087     
          59          65  0.56658820972583146     
          61          65   1.2846185667950856     
          64          65   1.2762011233979451     
          64          66   1.3662995920779490     
          66          67   1.0457604899174329     
          67          68   1.8027674341548803     
          68          69   1.0091113989008909     
          69          70  0.96687837301331114     
          70          71   1.1799738790003200     
          67          72   1.1182827988317099     
          71          72   1.7089080830316465     
          66          73   1.3652668057367596     
          73          74   1.2186213701335005     
          74          75   1.6232351123729210     
          59          76  0.56268233190739703     
          73          76   1.2643901522074570     
          75          77   1.2252747658246348     
          76          77   1.3108140626332847     
          77          78   1.2897053462736665     
          78          79   1.2906816906309542     
          79          80   1.2252661387164365     
          80          81   1.6232528111062290     
          81          82   1.2184979426315963     
          59          83  0.56160311791220696     
          79          83   1.3106927295223803     
          82          83   1.2648542285464435     
          82          84   1.3650104138543380     
          84          85   1.0458451370022914     
          85          86   1.8027493569646007     
          86          87   1.0092057662494287     
          87          88  0.96663775987518241     
          88          89   1.1799999492510043     
          85          90   1.1182925894275719     
          89          90   1.7087819068433283     
          84          91   1.3663900859739315     
          91          92   1.2087891548792140     
          92          93   1.6405571681575271     
          60          94   1.3852495749727880     
          93          94   1.2002249560734224     
          59          95  0.56785038523244402     
          91          95   1.2759872410542414     
          94          95   1.2843135766217031     
          60          96  0.99867582773227970     
          62          97  0.99450041361500574     
          63          98   1.0007337149234767     
          68          99  0.98722412639232948     
          69         100  0.98752412068898021     
          69         101  0.98009571489668146     
          70         102  0.95668100056894323     
          71         103  0.97986490866390552     
          72         104  0.98755274104637991     
          74         105   1.0003981476244801     
          75         106  0.99948641142335215     
          80         107  0.99940895829108845     
          81         108   1.0004331522966248     
          86         109  0.98716424164285355     
          87         110  0.98733827502511240     
          87         111  0.98013699234835150     
          88         112  0.95658329037370893     
          89         113  0.97987320009976220     
          90         114  0.98759785471322892     
          92         115   1.0007443920650230     
          93         116  0.99449931043386675     
          20         117   1.2261295516455133     
         117         118   2.4563882751972503     
         118         119   1.3666253579524821     
         117         120  0.16417816399369189     
         119         120   2.3370258853166557     
         120         121   1.3949109801477098     
         119         122  0.15847685237910727     
         121         122   2.3361060744666604     
         122         123   1.3684063416948462     
         121         124  0.16403037093926581     
         123         124   2.4532844996851781     
         125         126   2.4552534275837306     
         126         127   1.3667364306241574     
         125         128  0.16434335250589421     
         127         128   2.3383215056131412     
         128         129   1.3930791120824089     
         127         130  0.15883460021620974     
         129         130   2.3393235834364225     
         130         131   1.3648745081684832     
          78         132   1.2245427295018587     
         129         132  0.16452061590175018     
         131         132   2.4584943346443797     
         124         134   1.2290246508148928     
         134         135   1.2859185644691544     
         135         136   1.2272777944440048     
         136         137   1.6216000404806052     
         137         138   1.2194723821856601     
         133         139  0.56203517268378822     
         135         139   1.3132218331596603     
         138         139   1.2606254948194131     
         138         140   1.3690648757838999     
         140         141   1.0443506477142190     
         141         142   1.8021608022887678     
         142         143   1.0088930013722233     
         143         144  0.96754821095279842     
         144         145   1.1788791947600241     
         141         146   1.1194277109973665     
         145         146   1.7066046724776138     
         140         147   1.3651998977980104     
         147         148   1.2214849289753977     
         148         149   1.6205234155778456     
         133         150  0.56378565563293603     
         147         150   1.2621460667220785     
         149         151   1.2274468699589522     
         150         151   1.3115391855935730     
         125         152   1.2275153830949828     
         151         152   1.2867069377157896     
         152         153   1.2872338186482288     
         153         154   1.2274638037779215     
         154         155   1.6212550988747922     
         155         156   1.2198081595203167     
         133         157  0.56153088153642128     
         153         157   1.3122299387769538     
         156         157   1.2619166611805170     
         156         158   1.3675790852144165     
         158         159   1.0457656145553564     
         159         160   1.8032813027719339     
         160         161   1.0092628233740817     
         161         162  0.96643357836763599     
         162         163   1.1801908334581892     
         159         164   1.1183711825432041     
         163         164   1.7086648201822321     
         158         165   1.3653993396336563     
         165         166   1.2209901561899985     
         166         167   1.6209594387984421     
         134         168   1.2866779209809076     
         167         168   1.2270163623283898     
         133         169  0.56431317658172497     
         165         169   1.2619152546373640     
         168         169   1.3117448859918459     
         136         170  0.99975987582637971     
         137         171   1.0010758685574865     
         142         172  0.98611569660958198     
         143         173  0.97776798159990908     
         143         174  0.98763761041388332     
         144         175  0.95662440683994088     
         145         176  0.97997790525788675     
         146         177  0.98820340406846152     
         148         178   1.0001017759471518     
         149         179  0.99988671958052844     
         154         180  0.99983817444445233     
         155         181   1.0004339718035138     
         160         182  0.98719818152550121     
         161         183  0.97993100890530072     
         161         184  0.98761437258433515     
         162         185  0.95685805913780264     
         163         186  0.98004647396985034     
         164         187  0.98774701874573512     
         166         188   1.0010472002669917     
         167         189  0.99973828332295944     
