   -0.02043494
    0.06277296
   -0.03310160
   -0.03011846
    0.06533987
   -0.15644580
    0.01617231
    0.00114740
    0.00167063
   -0.05709855
   -0.03157229
   -0.00317602
   -0.06246837
   -0.03162135
    0.00162442
   -0.05711592
    0.06228998
   -0.03517274
   -0.03685872
   -0.28145391
    0.06526438
    0.01830686
    0.06743178
   -0.03154576
   -0.02969418
    0.06465496
   -0.15437002
    0.01592358
    0.00112609
    0.00165899
   -0.05709738
   -0.03159678
   -0.00317505
   -0.06245967
   -0.03159565
    0.00164714
   -0.05710856
    0.06345842
   -0.03550619
   -0.03833918
    0.05989417
   -0.28362954
    0.03146093
    0.04048052
    0.02932090
    0.16255772
    0.01734009
    0.01936874
    0.01844390
    0.03256092
    0.02556303
    0.02224682
    0.02238227
    0.03250082
    0.01739392
    0.01932665
    0.01829593
    0.02042349
    0.02539857
    0.03586664
    0.02994487
    0.16147233
    0.01932509
    0.01851858
    0.01728276
    0.03253485
    0.02208077
    0.02589469
    0.02220847
    0.03252103
    0.01930381
    0.01727756
    0.01846724
    0.02000430
    0.03036711
   -0.02062031
    0.06271344
   -0.03322800
   -0.03020538
    0.06522745
   -0.15651431
    0.01614488
    0.00118203
    0.00162401
   -0.05709702
   -0.03163400
   -0.00321009
   -0.06246869
   -0.03159939
    0.00168079
   -0.05708202
    0.06214426
   -0.03527497
   -0.03698962
   -0.28150212
    0.06520634
    0.01815912
    0.06738547
   -0.03168893
   -0.02981268
    0.06452740
   -0.15437315
    0.01587436
    0.00116058
    0.00165338
   -0.05708992
   -0.03161593
   -0.00320424
   -0.06245784
   -0.03160763
    0.00166640
   -0.05707727
    0.06335974
   -0.03557044
   -0.03842655
    0.05983687
   -0.28374520
    0.03129246
    0.04032709
    0.02919172
    0.16250107
    0.01739877
    0.01926709
    0.01826173
    0.03240833
    0.02551619
    0.02211124
    0.02241187
    0.03252692
    0.01729898
    0.01930164
    0.01843665
    0.02027564
    0.02524712
    0.03575201
    0.02980075
    0.16141080
    0.01925276
    0.01850265
    0.01720826
    0.03248454
    0.02201286
    0.02584055
    0.02218338
    0.03245015
    0.01925210
    0.01729393
    0.01845063
    0.01988743
    0.03023019
   -0.01316688
   -0.01536780
   -0.01771331
   -0.01630260
   -0.01963182
   -0.01406740
   -0.01445281
   -0.01537856
   -0.01867197
   -0.01624867
   -0.01949375
   -0.01528067
   -0.01481222
   -0.01484508
   -0.01905422
   -0.01572084
   -0.01899410
   -0.01560521
   -0.01468883
   -0.01458012
   -0.01893357
   -0.01546556
   -0.01876872
   -0.01552391
   -0.01455458
   -0.01455364
   -0.01877909
   -0.01543258
   -0.01876672
   -0.01542471
   -0.01456613
   -0.01468139
   -0.01876845
   -0.01552752
   -0.01891207
   -0.01544685
   -0.01481310
   -0.01482416
   -0.01897570
   -0.01562337
   -0.01905603
   -0.01568112
   -0.01533396
   -0.01453149
   -0.01946046
   -0.01535577
   -0.01874211
   -0.01619628
   -0.01552774
   -0.01344495
   -0.01973951
   -0.01431456
   -0.01795038
   -0.01643154
    0.01586321
    0.06677871
   -0.03367719
   -0.03053421
    0.06318677
   -0.15392342
    0.01857909
    0.00174636
    0.00195984
   -0.05683829
   -0.03154296
   -0.00324981
   -0.06241263
   -0.03151308
    0.00193293
   -0.05683769
    0.06110440
   -0.03558474
   -0.03787930
   -0.28101948
    0.06502282
    0.01739006
    0.06689597
   -0.03309694
   -0.03053022
    0.06334025
   -0.15356623
    0.01829367
    0.00172518
    0.00194775
   -0.05683399
   -0.03149541
   -0.00324341
   -0.06240602
   -0.03155530
    0.00192302
   -0.05684393
    0.06129564
   -0.03553180
   -0.03821797
    0.06479949
   -0.28162415
    0.03378688
    0.02826031
    0.16160652
    0.01784579
    0.01800179
    0.01907458
    0.03224484
    0.02114482
    0.02199387
    0.02613796
    0.03211047
    0.01783249
    0.01906128
    0.01799370
    0.01943124
    0.02437939
    0.03475327
    0.02871513
    0.16152855
    0.01906162
    0.01774233
    0.01810565
    0.03215461
    0.02137182
    0.02589162
    0.02199123
    0.03218161
    0.01815031
    0.01903690
    0.01761087
    0.01908958
    0.02357415
    0.01639132
    0.06676876
   -0.03364615
   -0.03065316
    0.06303813
   -0.15369350
    0.01862608
    0.00181034
    0.00198107
   -0.05679564
   -0.03154611
   -0.00327535
   -0.06239017
   -0.03150820
    0.00196851
   -0.05678429
    0.06097845
   -0.03561314
   -0.03807074
   -0.28123197
    0.06495793
    0.01681351
    0.06683652
   -0.03340530
   -0.03059510
    0.06309413
   -0.15366294
    0.01858173
    0.00180731
    0.00196601
   -0.05678887
   -0.03151184
   -0.00327072
   -0.06238743
   -0.03153792
    0.00198147
   -0.05679107
    0.06098730
   -0.03564717
   -0.03825257
    0.06488652
   -0.28131820
    0.03401321
    0.02817470
    0.16151551
    0.01793700
    0.01786231
    0.01898927
    0.03215428
    0.02109328
    0.02198181
    0.02593616
    0.03201907
    0.01792324
    0.01898478
    0.01789031
    0.01922326
    0.02404393
    0.03439342
    0.02847535
    0.16149394
    0.01898491
    0.01777085
    0.01804258
    0.03203717
    0.02131467
    0.02571245
    0.02196787
    0.03212850
    0.01801376
    0.01897648
    0.01777341
    0.01894974
    0.02369130
    0.01695839
    0.06685213
   -0.03333383
   -0.03050355
    0.06324360
   -0.15359101
    0.01864127
    0.00177526
    0.00197925
   -0.05680395
   -0.03151840
   -0.00323710
   -0.06238252
   -0.03148300
    0.00196515
   -0.05679546
    0.06113126
   -0.03552045
   -0.03799914
   -0.28118264
    0.06499696
    0.01689876
    0.06688993
   -0.03330838
   -0.03047351
    0.06322141
   -0.15363960
    0.01866743
    0.00177772
    0.00196735
   -0.05679734
   -0.03148507
   -0.00323145
   -0.06237995
   -0.03150922
    0.00198204
   -0.05680151
    0.06113551
   -0.03553886
   -0.03803328
    0.06496276
   -0.28112466
    0.03435562
    0.02838938
    0.16157287
    0.01800564
    0.01784538
    0.01905748
    0.03221342
    0.02117652
    0.02204307
    0.02592946
    0.03208288
    0.01799948
    0.01905521
    0.01786801
    0.01931565
    0.02410202
    0.03445652
    0.02857885
    0.16156767
    0.01905577
    0.01784256
    0.01802571
    0.03210024
    0.02139137
    0.02570495
    0.02203864
    0.03219414
    0.01799888
    0.01905277
    0.01784985
    0.01913951
    0.02399674
    0.01714132
    0.06692267
   -0.03319376
   -0.03039514
    0.06335393
   -0.15355410
    0.01869170
    0.00174702
    0.00197533
   -0.05681754
   -0.03150000
   -0.00320791
   -0.06238083
   -0.03146547
    0.00196235
   -0.05680824
    0.06122851
   -0.03546398
   -0.03793317
   -0.28109527
    0.06502498
    0.01707527
    0.06692448
   -0.03321149
   -0.03040214
    0.06332742
   -0.15358661
    0.01870602
    0.00174971
    0.00196282
   -0.05681113
   -0.03146847
   -0.00320337
   -0.06237879
   -0.03149142
    0.00197852
   -0.05681382
    0.06124347
   -0.03545464
   -0.03792591
    0.06502365
   -0.28105500
    0.03452621
    0.02852934
    0.16162224
    0.01803318
    0.01785772
    0.01911569
    0.03226568
    0.02123904
    0.02208056
    0.02595914
    0.03213926
    0.01802885
    0.01911329
    0.01788001
    0.01940132
    0.02417982
    0.03455867
    0.02867186
    0.16161936
    0.01911482
    0.01786994
    0.01803765
    0.03215504
    0.02144678
    0.02573093
    0.02208494
    0.03224723
    0.01801009
    0.01911115
    0.01787981
    0.01926727
    0.02414666
    0.01709315
    0.06693749
   -0.03319422
   -0.03037684
    0.06334965
   -0.15357125
    0.01870728
    0.00174641
    0.00197570
   -0.05681775
   -0.03149842
   -0.00320606
   -0.06238037
   -0.03146471
    0.00196333
   -0.05680892
    0.06122775
   -0.03547347
   -0.03793289
   -0.28106659
    0.06501341
    0.01713538
    0.06691110
   -0.03320326
   -0.03041402
    0.06333937
   -0.15356702
    0.01869370
    0.00174826
    0.00196213
   -0.05681157
   -0.03146884
   -0.00320302
   -0.06237882
   -0.03149144
    0.00197743
   -0.05681449
    0.06125065
   -0.03544092
   -0.03791988
    0.06503997
   -0.28107812
    0.03453374
    0.02854533
    0.16162420
    0.01803219
    0.01786106
    0.01911772
    0.03226620
    0.02125405
    0.02207354
    0.02595678
    0.03214362
    0.01802684
    0.01911582
    0.01788332
    0.01939470
    0.02417736
    0.03455689
    0.02866403
    0.16162097
    0.01911621
    0.01786809
    0.01804033
    0.03215687
    0.02145536
    0.02572581
    0.02208497
    0.03224814
    0.01801329
    0.01911359
    0.01787821
    0.01928151
    0.02415990
    0.01691964
    0.06690678
   -0.03328690
   -0.03044313
    0.06324902
   -0.15362339
    0.01867180
    0.00177303
    0.00197932
   -0.05680530
   -0.03151427
   -0.00323214
   -0.06238088
   -0.03148117
    0.00196775
   -0.05679626
    0.06112628
   -0.03555406
   -0.03803209
   -0.28112806
    0.06495391
    0.01697505
    0.06684563
   -0.03333048
   -0.03051670
    0.06323747
   -0.15359818
    0.01864340
    0.00177493
    0.00196534
   -0.05679912
   -0.03148614
   -0.00323024
   -0.06237974
   -0.03150840
    0.00198069
   -0.05680179
    0.06115904
   -0.03549404
   -0.03798261
    0.06501286
   -0.28116538
    0.03444031
    0.02845754
    0.16157534
    0.01802086
    0.01783480
    0.01906226
    0.03221307
    0.02123276
    0.02203031
    0.02589841
    0.03209424
    0.01801394
    0.01906027
    0.01785814
    0.01927464
    0.02403721
    0.03440145
    0.02853251
    0.16157398
    0.01906101
    0.01785598
    0.01801434
    0.03210548
    0.02142652
    0.02566477
    0.02205021
    0.03219583
    0.01798778
    0.01905831
    0.01786554
    0.01920011
    0.02408001
    0.01680714
    0.06685381
   -0.03339291
   -0.03056596
    0.06311345
   -0.15365325
    0.01858887
    0.00180581
    0.00197945
   -0.05679263
   -0.03154241
   -0.00327179
   -0.06238664
   -0.03150903
    0.00196846
   -0.05678625
    0.06097059
   -0.03566772
   -0.03824839
   -0.28131507
    0.06487360
    0.01643689
    0.06675815
   -0.03363511
   -0.03067144
    0.06303249
   -0.15369657
    0.01861929
    0.00181249
    0.00196909
   -0.05678632
   -0.03151308
   -0.00326914
   -0.06238578
   -0.03153507
    0.00198354
   -0.05679122
    0.06100345
   -0.03558849
   -0.03806111
    0.06497024
   -0.28122709
    0.03436178
    0.02834479
    0.16149917
    0.01803306
    0.01776021
    0.01898196
    0.03213862
    0.02122371
    0.02199077
    0.02578967
    0.03203070
    0.01802566
    0.01898478
    0.01778979
    0.01907987
    0.02373235
    0.03406942
    0.02831415
    0.16151274
    0.01898613
    0.01786737
    0.01794493
    0.03203884
    0.02140556
    0.02555301
    0.02202701
    0.03212957
    0.01791859
    0.01898530
    0.01788256
    0.01909964
    0.02401066
    0.01729673
    0.06688665
   -0.03315339
   -0.03054091
    0.06329248
   -0.15357054
    0.01833704
    0.00174384
    0.00192063
   -0.05684386
   -0.03156502
   -0.00325767
   -0.06240470
   -0.03150267
    0.00196203
   -0.05681532
    0.06118613
   -0.03559941
   -0.03828089
   -0.28161338
    0.06479315
    0.01585031
    0.06675761
   -0.03374369
   -0.03060723
    0.06309914
   -0.15389946
    0.01860395
    0.00176923
    0.00193571
   -0.05683823
   -0.03152539
   -0.00325290
   -0.06240600
   -0.03153216
    0.00197498
   -0.05681553
    0.06107137
   -0.03558236
   -0.03791278
    0.06502595
   -0.28103958
    0.03465814
    0.02852605
    0.16151370
    0.01817966
    0.01759353
    0.01902065
    0.03215915
    0.02138984
    0.02203141
    0.02576251
    0.03212494
    0.01806880
    0.01903348
    0.01776125
    0.01913881
    0.02355901
    0.03379786
    0.02833031
    0.16157693
    0.01904172
    0.01795484
    0.01786741
    0.03211541
    0.02157902
    0.02551429
    0.02207975
    0.03218457
    0.01781145
    0.01904458
    0.01801931
    0.01925945
    0.02429125
