   -0.03554550
    0.05786845
   -0.04365485
   -0.03980516
    0.05539730
   -0.16379458
    0.00276212
    0.01685509
   -0.01766194
   -0.01283050
    0.02962585
    0.44804637
   -0.28548191
   -0.29445127
   -0.28123177
   -0.01150525
   -0.01567407
    0.05293370
   -0.04277062
   -0.04218936
   -0.29097711
    0.06140844
    0.00704471
    0.06170744
   -0.04047318
   -0.04052943
    0.05482007
   -0.16015783
    0.00033329
    0.01629784
   -0.01715022
   -0.01227155
    0.02916787
    0.44732607
   -0.28511560
   -0.29232421
   -0.28529622
   -0.01257515
   -0.01706614
    0.05504891
   -0.04227542
   -0.04487189
    0.05518393
   -0.29641535
    0.01706922
    0.02910586
    0.02348416
    0.16024899
    0.02977119
    0.03860557
    0.22313354
    0.03972575
    0.03108180
    0.01531386
    0.01833737
    0.02726216
    0.02458872
    0.15814047
    0.03059021
    0.03925718
    0.22451196
    0.03794842
    0.02896327
    0.01445450
    0.02061337
   -0.03554349
    0.05786660
   -0.04365411
   -0.03980550
    0.05540044
   -0.16379429
    0.00276396
    0.01685855
   -0.01766098
   -0.01282765
    0.02962505
    0.44804834
   -0.28546804
   -0.29445064
   -0.28124141
   -0.01150555
   -0.01567700
    0.05293810
   -0.04277062
   -0.04218704
   -0.29097910
    0.06140586
    0.00704919
    0.06170803
   -0.04047569
   -0.04052887
    0.05482200
   -0.16015234
    0.00033371
    0.01629186
   -0.01715592
   -0.01228964
    0.02916029
    0.44731907
   -0.28522251
   -0.29224313
   -0.28524160
   -0.01256900
   -0.01706534
    0.05505018
   -0.04227342
   -0.04487026
    0.05518360
   -0.29641498
    0.01706864
    0.02910659
    0.02348911
    0.16024747
    0.02977257
    0.03860689
    0.22313209
    0.03972399
    0.03108197
    0.01531911
    0.01834236
    0.02725710
    0.02458599
    0.15813800
    0.03057913
    0.03926595
    0.22455133
    0.03792311
    0.02896230
    0.01445309
    0.02061539
   -0.03118711
   -0.02877350
   -0.03118600
   -0.02877812
