    0.26686281
   -0.02591096
    0.05750155
   -0.04058271
   -0.03589908
    0.05812826
   -0.21184583
    0.00955850
   -0.00515812
   -0.02576353
   -0.04037276
    0.06152777
   -0.25081778
    0.00201807
   -0.03592169
   -0.02453517
    0.05764836
   -0.03593540
   -0.03716209
   -0.20838182
    0.06217230
    0.01536899
    0.06224517
   -0.03724747
   -0.03603974
    0.05749211
   -0.20853099
    0.00948331
   -0.00510286
   -0.02444564
   -0.03591604
    0.06143276
   -0.25091800
    0.00195093
   -0.04038004
   -0.02589064
    0.05823682
   -0.03594052
   -0.04057294
    0.05743571
   -0.21171612
    0.02021849
    0.02527328
    0.01636248
    0.01531063
    0.02310860
    0.16605277
    0.03165042
    0.02606097
    0.03357934
    0.02544029
    0.01587835
    0.01763250
    0.02301357
    0.02294997
    0.01742928
    0.01607226
    0.02549627
    0.16595871
    0.02602280
    0.03352408
    0.03139892
    0.02301326
    0.01515079
    0.01640414
    0.02519281
    0.26674257
   -0.02599569
    0.05748188
   -0.04061147
   -0.03594303
    0.05809509
   -0.21186245
    0.00948422
   -0.00510811
   -0.02576431
   -0.04036223
    0.06144742
   -0.25089219
    0.00196841
   -0.03596088
   -0.02456965
    0.05755874
   -0.03608925
   -0.03728873
   -0.20847430
    0.06212354
    0.01525791
    0.06220878
   -0.03732743
   -0.03608000
    0.05744810
   -0.20852125
    0.00948347
   -0.00512138
   -0.02444695
   -0.03596278
    0.06145159
   -0.25085800
    0.00196720
   -0.04042087
   -0.02588710
    0.05818209
   -0.03595453
   -0.04061328
    0.05743651
   -0.21177247
    0.02017571
    0.02522990
    0.01631487
    0.01531040
    0.02309244
    0.16599549
    0.03146715
    0.02602421
    0.03353883
    0.02537057
    0.01587258
    0.01744277
    0.02286778
    0.02285878
    0.01735010
    0.01601932
    0.02545269
    0.16602483
    0.02610940
    0.03351320
    0.03137697
    0.02299927
    0.01513947
    0.01637835
    0.02517274
   -0.02448964
   -0.02581004
   -0.02804523
   -0.02188444
   -0.02631532
   -0.02375835
   -0.02627847
   -0.02375134
   -0.02817306
   -0.02205561
   -0.02467579
   -0.02592272
    0.26519906
    0.01132047
    0.06198493
   -0.03959823
   -0.03669445
    0.05629554
   -0.20945418
    0.01239752
   -0.00403068
   -0.02542714
   -0.03992568
    0.06099935
   -0.25128544
    0.00192116
   -0.03609965
   -0.02487166
    0.05668294
   -0.03607207
   -0.03846616
   -0.20903330
    0.06231018
    0.01289138
    0.06224512
   -0.03863943
   -0.03631418
    0.05644051
   -0.20899607
    0.01188165
   -0.00424474
   -0.02455030
   -0.03625566
    0.06138377
   -0.25090359
    0.00194851
   -0.03964058
   -0.02475553
    0.05628640
   -0.03617688
   -0.03939637
    0.06211314
   -0.20944335
    0.01996639
    0.01648131
    0.01539472
    0.02270127
    0.16541607
    0.02907746
    0.02588120
    0.03259195
    0.02454971
    0.01511898
    0.01676437
    0.02129501
    0.02098046
    0.01627615
    0.01520209
    0.02437983
    0.16608509
    0.02972306
    0.03284632
    0.02548105
    0.02334666
    0.01603159
    0.01559425
    0.02002401
    0.26585098
    0.01292001
    0.06213902
   -0.03842960
   -0.03590993
    0.05647531
   -0.20897087
    0.01173191
   -0.00436797
   -0.02489600
   -0.03996359
    0.06153619
   -0.25057176
    0.00201740
   -0.03602362
   -0.02425614
    0.05603506
   -0.03650302
   -0.03956432
   -0.20941690
    0.06183181
    0.01129105
    0.06174513
   -0.03961732
   -0.03657378
    0.05605597
   -0.20939736
    0.01164537
   -0.00434159
   -0.02424264
   -0.03610286
    0.06144692
   -0.25067908
    0.00197946
   -0.03997660
   -0.02493782
    0.05637656
   -0.03602859
   -0.03853621
    0.06215970
   -0.20902728
    0.02106937
    0.01595645
    0.01558666
    0.02281696
    0.16580535
    0.02642311
    0.02939228
    0.03285124
    0.02500191
    0.01566951
    0.01558778
    0.01982863
    0.01974891
    0.01554706
    0.01569260
    0.02489106
    0.16583887
    0.02944715
    0.03281067
    0.02622933
    0.02280744
    0.01556536
    0.01569667
    0.02093566
