   -0.02576684
    0.06074650
   -0.03741729
   -0.03430505
    0.06087407
   -0.16073463
    0.00762969
   -0.00292750
   -0.02284338
   -0.04157901
    0.08678316
   -0.29785551
   -0.03562291
   -0.02356181
    0.05747886
   -0.03906621
   -0.03904242
   -0.28699240
    0.06319087
    0.01543436
    0.06533987
   -0.03452846
   -0.03412818
    0.06039517
   -0.15820086
    0.00671744
   -0.00299975
   -0.02294812
   -0.03510348
    0.08668818
   -0.29771894
   -0.04227576
   -0.02366440
    0.05860263
   -0.03947914
   -0.04199978
    0.05754924
   -0.28996625
    0.02495993
    0.03572034
    0.02771806
    0.16260345
    0.02596912
    0.03714821
    0.22690518
    0.03709283
    0.02555082
    0.01909703
    0.02284075
    0.03249596
    0.02871708
    0.16107737
    0.02673855
    0.03810620
    0.22641107
    0.03590144
    0.02464277
    0.01788075
    0.02573101
   -0.02510834
    0.06089241
   -0.03707331
   -0.03411919
    0.06125324
   -0.16040712
    0.00774028
   -0.00300010
   -0.02294083
   -0.04153139
    0.08686331
   -0.29773388
   -0.03553299
   -0.02357703
    0.05803983
   -0.03875957
   -0.03864666
   -0.28700467
    0.06346250
    0.01571047
    0.06559073
   -0.03407123
   -0.03375397
    0.06085700
   -0.15824941
    0.00694973
   -0.00304606
   -0.02300174
   -0.03505106
    0.08680102
   -0.29756494
   -0.04216926
   -0.02364028
    0.05896216
   -0.03928677
   -0.04171861
    0.05771005
   -0.28956101
    0.02549539
    0.03618399
    0.02813464
    0.16284539
    0.02612168
    0.03733181
    0.22705747
    0.03733584
    0.02570093
    0.01951575
    0.02306435
    0.03276223
    0.02916825
    0.16133880
    0.02676454
    0.03828182
    0.22660625
    0.03614880
    0.02485959
    0.01826910
    0.02617213
   -0.02204593
   -0.02334567
   -0.02602707
   -0.01920205
   -0.02450696
   -0.02281837
   -0.02551843
   -0.02176334
   -0.02572863
   -0.02141906
   -0.02411218
   -0.02303483
   -0.02562471
   -0.01847843
   -0.02134388
   -0.02290165
    0.01060893
    0.06440840
   -0.03770481
   -0.03525301
    0.05832977
   -0.15838290
    0.00981261
   -0.00212181
   -0.02273362
   -0.04186428
    0.08645263
   -0.29844110
   -0.03549275
   -0.02288960
    0.05571201
   -0.04003549
   -0.04093786
   -0.28686263
    0.06258803
    0.01323972
    0.06476758
   -0.03638531
   -0.03504558
    0.05862250
   -0.15754529
    0.00939465
   -0.00218632
   -0.02266431
   -0.03527170
    0.08651602
   -0.29827763
   -0.04200445
   -0.02283159
    0.05605074
   -0.03983554
   -0.04137475
    0.06227807
   -0.28791530
    0.02895700
    0.02637856
    0.16103291
    0.02555945
    0.03600616
    0.22599422
    0.03666173
    0.02570752
    0.01714987
    0.02045433
    0.03105702
    0.02706342
    0.16083833
    0.02611246
    0.03708428
    0.22586820
    0.03573383
    0.02519536
    0.01692552
    0.01957538
    0.01202876
    0.06461148
   -0.03707051
   -0.03525344
    0.05814035
   -0.15771892
    0.00993487
   -0.00202984
   -0.02275859
   -0.04200173
    0.08642509
   -0.29846988
   -0.03533412
   -0.02263515
    0.05546371
   -0.04012692
   -0.04148075
   -0.28731519
    0.06242556
    0.01172719
    0.06462880
   -0.03715416
   -0.03521612
    0.05811301
   -0.15778902
    0.01000766
   -0.00203465
   -0.02265366
   -0.03534522
    0.08646095
   -0.29843529
   -0.04195680
   -0.02272843
    0.05547260
   -0.04011496
   -0.04140952
    0.06242221
   -0.28718974
    0.03025979
    0.02654486
    0.16080170
    0.02527435
    0.03563052
    0.22572154
    0.03683567
    0.02602887
    0.01667610
    0.01960329
    0.03017306
    0.02656329
    0.16080525
    0.02598529
    0.03681840
    0.22579274
    0.03571138
    0.02533176
    0.01673772
    0.01972441
    0.01374863
    0.06480841
   -0.03611513
   -0.03497338
    0.05888374
   -0.15744114
    0.00912762
   -0.00222527
   -0.02294815
   -0.04208467
    0.08646301
   -0.29832574
   -0.03524041
   -0.02267447
    0.05636666
   -0.03979586
   -0.04133245
   -0.28809011
    0.06224962
    0.01058430
    0.06459144
   -0.03738256
   -0.03489450
    0.05869036
   -0.15847532
    0.00986540
   -0.00218461
   -0.02291756
   -0.03543757
    0.08657803
   -0.29826979
   -0.04177083
   -0.02272205
    0.05597479
   -0.03991758
   -0.04074163
    0.06263400
   -0.28662565
    0.03134107
    0.02723754
    0.16093264
    0.02513326
    0.03565453
    0.22582467
    0.03719262
    0.02624049
    0.01688405
    0.01931855
    0.02916197
    0.02675372
    0.16115986
    0.02572145
    0.03680803
    0.22617048
    0.03620161
    0.02568949
    0.01740588
    0.02073463
