   -0.07117653
   -0.01665551
    0.06277340
   -0.03888662
   -0.03550227
    0.06614248
   -0.16860128
    0.01994590
    0.00339799
    0.00197276
   -0.05664481
   -0.03237880
   -0.00444148
   -0.06234230
   -0.03234523
    0.00199274
   -0.05655902
    0.06553782
   -0.03398368
   -0.03657330
   -0.16649124
    0.06884762
    0.02276649
    0.06878895
   -0.03659999
   -0.03400847
    0.06552715
   -0.16652116
    0.01991216
    0.00341492
    0.00207351
   -0.05658619
   -0.03235972
   -0.00445618
   -0.06236030
   -0.03235162
    0.00188818
   -0.05662788
    0.06613755
   -0.03553194
   -0.03889756
    0.06277216
   -0.16859290
    0.02735723
    0.02840027
    0.01994405
    0.01584045
    0.01665418
    0.01502899
    0.02993489
    0.01941574
    0.02458196
    0.01957062
    0.02993673
    0.01760381
    0.01506651
    0.01531337
    0.02198899
    0.02639719
    0.02628748
    0.02184460
    0.01525065
    0.01502248
    0.01730671
    0.03019805
    0.02205223
    0.01881443
    0.02255451
    0.02965101
    0.01596202
    0.01691929
    0.01503321
    0.02004799
    0.02840141
   -0.07066608
   -0.01672167
    0.06271398
   -0.03891399
   -0.03551026
    0.06603475
   -0.16851074
    0.01989493
    0.00339825
    0.00194239
   -0.05665090
   -0.03241303
   -0.00444232
   -0.06234241
   -0.03232767
    0.00203192
   -0.05654092
    0.06549055
   -0.03399578
   -0.03654064
   -0.16644695
    0.06878365
    0.02275132
    0.06867730
   -0.03658645
   -0.03402654
    0.06546208
   -0.16644717
    0.01983992
    0.00341071
    0.00209768
   -0.05657193
   -0.03234220
   -0.00445671
   -0.06235960
   -0.03239123
    0.00187243
   -0.05662871
    0.06608453
   -0.03552506
   -0.03888372
    0.06272574
   -0.16854080
    0.02742667
    0.02835239
    0.01987743
    0.01582017
    0.01660165
    0.01497862
    0.02982578
    0.01962143
    0.02457448
    0.01936616
    0.03004255
    0.01762179
    0.01509337
    0.01537635
    0.02193219
    0.02634621
    0.02625750
    0.02176633
    0.01521603
    0.01505073
    0.01730405
    0.03024130
    0.02187543
    0.01885719
    0.02267524
    0.02959961
    0.01606797
    0.01685232
    0.01498494
    0.01998877
    0.02834753
   -0.01241302
   -0.01874655
   -0.01247780
   -0.01418938
   -0.01441915
   -0.01193741
   -0.01866314
   -0.01168793
   -0.01171790
   -0.01868953
   -0.01194527
   -0.01442174
   -0.01420215
   -0.01247082
   -0.01876219
   -0.01242652
   -0.06920138
    0.02279178
    0.06907766
   -0.03671175
   -0.03359227
    0.06548479
   -0.16543580
    0.02229866
    0.00355112
    0.00221235
   -0.05651520
   -0.03208596
   -0.00414931
   -0.06225617
   -0.03210962
    0.00221057
   -0.05650205
    0.06539859
   -0.03363870
   -0.03676703
   -0.16552471
    0.06902920
    0.02271147
    0.06907857
   -0.03672456
   -0.03358485
    0.06544401
   -0.16550169
    0.02229374
    0.00354420
    0.00223835
   -0.05652753
   -0.03207334
   -0.00413722
   -0.06225221
   -0.03210837
    0.00220144
   -0.05647908
    0.06544740
   -0.03359142
   -0.03671444
    0.06904280
   -0.16546811
    0.02610380
    0.02167572
    0.01684829
    0.01550632
    0.01632755
    0.03017614
    0.02400394
    0.02023613
    0.01974285
    0.03025336
    0.01706695
    0.01646190
    0.01546679
    0.02177488
    0.02614445
    0.02614265
    0.02177944
    0.01688460
    0.01544274
    0.01634458
    0.03028810
    0.01985923
    0.02403949
    0.02010660
    0.03016050
    0.01553675
    0.01647973
    0.01699395
    0.02163722
    0.02611349
