           1           2   1.3708352886813107     
           2           3   1.2371636609932597     
           3           4   1.5994081868092282     
           4           5   1.2397398842934708     
           2           6   1.2277818559898395     
           5           6   1.2214634983278949     
           5           7   1.3706366211732111     
           7           8   1.3954505482246033     
           8           9   1.1530115883578216     
           9          10   1.6927451398647868     
           8          11   1.3484698696831674     
          10          12   1.1673293196194274     
          11          12   1.4196630095930858     
          12          13   1.2799129551921404     
          13          14   1.2809720977220185     
          14          15   1.2715442980412335     
          15          16   1.5782716807915660     
          16          17   1.2511512083938070     
          14          18   1.2485633748453453     
          17          18   1.2209833998252275     
          17          19   1.3641553341054307     
          19          20   1.3931987021862831     
          20          21   1.1419256352004823     
          21          22   1.7115291878648948     
           1          23   1.3767362504677858     
          22          23   1.1435535022154912     
          20          24   1.3678855018515916     
          23          24   1.3804364613825972     
           1          25  0.99629031690262093     
           3          26  0.99391532480475087     
           4          27  0.99405112089132952     
           6          28  0.96208361167065615     
           7          29  0.99689949385391308     
           9          30  0.99388525830433172     
          10          31  0.99857943063958410     
          15          32  0.99804644578827695     
          16          33  0.99355027947675878     
          18          34  0.96129116913288093     
          19          35  0.99689548921502391     
          21          36  0.99467875051676047     
          22          37  0.99461838810255798     
          38          39   1.3709550868166616     
          39          40   1.2369484993828126     
          40          41   1.5995394921387127     
          41          42   1.2397746162109711     
          39          43   1.2278528668271951     
          42          43   1.2214017355455118     
          42          44   1.3707126252777173     
          44          45   1.3952448927521910     
          45          46   1.1527759808802009     
          46          47   1.6932107656366466     
          45          48   1.3486457219253449     
          47          49   1.1662503233766734     
          48          49   1.4194620499343569     
          49          50   1.2815643482269816     
          50          51   1.2826161937259777     
          51          52   1.2703257961403294     
          52          53   1.5788186785483287     
          53          54   1.2508094815868993     
          51          55   1.2484979680708208     
          54          55   1.2207603518636572     
          54          56   1.3644277288852948     
          56          57   1.3929344946390794     
          57          58   1.1421005106697848     
          58          59   1.7115401170804230     
          38          60   1.3767903812672564     
          59          60   1.1433693884708855     
          57          61   1.3677838780292748     
          60          61   1.3806423042415004     
          38          62  0.99624948906852251     
          40          63  0.99388689309565592     
          41          64  0.99401607065133712     
          43          65  0.96218384549249070     
          44          66  0.99686622879290376     
          46          67  0.99377961576717400     
          47          68  0.99956886490580410     
          52          69  0.99907402341775831     
          53          70  0.99343938879759630     
          55          71  0.96145464282691184     
          56          72  0.99687060241910197     
          58          73  0.99464585466628086     
          59          74  0.99458653343096748     
          13          75   1.2256816969119242     
          75          76   2.5945179563716456     
          77          78   2.5840410058857493     
          50          80   1.2222388061800817     
          79          80   2.5970755672743513     
          76          81   1.2282896264948135     
          81          82   1.2744515078554117     
          82          83   1.2747364681921032     
          83          84   1.5729637801101490     
          84          85   1.2562584042002871     
          82          86   1.2525987043994322     
          85          86   1.2179663485680341     
          85          87   1.3609550036764657     
          87          88   1.4065035013942087     
          88          89   1.1533536893902305     
          89          90   1.6912123899332110     
          88          91   1.3413695255979936     
          90          92   1.1696632202011374     
          91          92   1.4261584639254374     
          77          93   1.2362083872794747     
          92          93   1.2717876960540451     
          93          94   1.2732542345206113     
          94          95   1.2763117581276811     
          95          96   1.5725893816917709     
          96          97   1.2565958755719617     
          94          98   1.2518884711599061     
          97          98   1.2203501571841353     
          97          99   1.3577010657280373     
          99         100   1.4097502999028200     
         100         101   1.1514395833831796     
         101         102   1.6941000126984918     
          81         103   1.2755867532760510     
         102         103   1.1674540509148501     
         100         104   1.3407175574483181     
         103         104   1.4245782911475688     
          83         105  0.99823192085198631     
          84         106  0.99421054815381937     
          86         107  0.96074635573441058     
          87         108  0.99778636745787641     
          89         109  0.99443857850906237     
          90         110  0.99862244605485517     
          95         111  0.99753219929375370     
          96         112  0.99411311459433183     
          98         113  0.96093135045716749     
          99         114  0.99774915255680419     
         101         115  0.99451008323211543     
         102         116  0.99886611815532922     
          78         117   1.2359826033324650     
         117         118   1.2734893811791084     
         118         119   1.2761013621373158     
         119         120   1.5727061698903335     
         120         121   1.2566165153617281     
         118         122   1.2518433695091469     
         121         122   1.2202441200107106     
         121         123   1.3577821784648967     
         123         124   1.4094313294225322     
         124         125   1.1512683108595185     
         125         126   1.6944377450482975     
         124         127   1.3409366812569272     
         126         128   1.1664445772763439     
         127         128   1.4243097494813519     
          79         129   1.2248272361550421     
         128         129   1.2771734759887807     
         129         130   1.2761044289372734     
         130         131   1.2735467688876811     
         131         132   1.5734067411720114     
         132         133   1.2559674368332727     
         130         134   1.2524340621778565     
         133         134   1.2176695556977182     
         133         135   1.3612259256260466     
         135         136   1.4061891171424084     
         136         137   1.1535316682537853     
         137         138   1.6912110923443116     
         117         139   1.2718672205430424     
         138         139   1.1695314847011924     
         136         140   1.3413189318090364     
         139         140   1.4262933315441977     
         119         141  0.99760678149839044     
         120         142  0.99409376546200356     
         122         143  0.96121940669015216     
         123         144  0.99772699492474060     
         125         145  0.99444067558837079     
         126         146  0.99989662021341930     
         131         147  0.99929232735481555     
         132         148  0.99413446655872850     
         134         149  0.96110867203135186     
         135         150  0.99776351940667996     
         137         151  0.99441642853047918     
         138         152  0.99855970954264361     
