    0.24900581
   -0.03683708
    0.05457362
   -0.04696334
   -0.04181700
    0.05250180
   -0.21892841
    0.00480960
   -0.00094458
   -0.02448219
   -0.04443538
    0.08328523
   -0.30298365
   -0.03677268
   -0.02229820
    0.05178920
   -0.04128192
   -0.04044278
   -0.21448640
    0.05990978
    0.00684129
    0.05972903
   -0.04051075
   -0.04133466
    0.05177013
   -0.21422988
    0.00483702
   -0.00107080
   -0.02204621
   -0.03663005
    0.08343383
   -0.30275044
   -0.04454275
   -0.02442930
    0.05248853
   -0.04182689
   -0.04695744
    0.05454728
   -0.21898279
    0.01085061
    0.01752675
    0.01225896
    0.01918698
    0.02949969
    0.22096000
    0.03203558
    0.02114408
    0.01490431
    0.01458868
    0.01428504
    0.01448999
    0.02144619
    0.03233467
    0.22100059
    0.02946189
    0.01916533
    0.01206410
    0.01755382
    0.24900652
   -0.03683697
    0.05457356
   -0.04696319
   -0.04181715
    0.05250191
   -0.21892838
    0.00480945
   -0.00094459
   -0.02448228
   -0.04443542
    0.08328521
   -0.30298353
   -0.03677268
   -0.02229820
    0.05178929
   -0.04128196
   -0.04044268
   -0.21448629
    0.05990981
    0.00684128
    0.05972905
   -0.04051069
   -0.04133470
    0.05177019
   -0.21422986
    0.00483688
   -0.00107076
   -0.02204622
   -0.03663001
    0.08343382
   -0.30275045
   -0.04454272
   -0.02442934
    0.05248862
   -0.04182700
   -0.04695730
    0.05454723
   -0.21898269
    0.01085061
    0.01752673
    0.01225894
    0.01918706
    0.02949979
    0.22096001
    0.03203565
    0.02114420
    0.01490427
    0.01458865
    0.01428506
    0.01448998
    0.02144617
    0.03233464
    0.22100058
    0.02946189
    0.01916533
    0.01206410
    0.01755380
   -0.03629556
   -0.03629554
