   -0.06353237
   -0.01525652
    0.06407233
   -0.03800915
   -0.03551884
    0.06558494
   -0.16907272
    0.01502086
    0.06467620
   -0.03409944
   -0.03607026
   -0.16713124
    0.07003890
    0.02381216
    0.07005344
   -0.03603092
   -0.03401731
    0.06465426
    0.01472046
    0.00733475
   -0.02276179
   -0.02796125
   -0.02960219
   -0.02758387
   -0.02232796
    0.06557416
   -0.03541901
   -0.03796353
    0.06408514
   -0.16904252
   -0.16711966
    0.00744356
   -0.02292596
   -0.02791950
   -0.02978371
   -0.02767451
   -0.02262027
    0.02935974
    0.03118206
    0.02341482
    0.02490919
    0.02854887
    0.02855289
    0.02462834
    0.02243427
    0.02833020
    0.02845977
    0.02910064
    0.02319177
    0.02311332
    0.03120028
    0.02244160
    0.02835724
    0.02837321
    0.02887276
    0.02301462
   -0.06351647
   -0.01525822
    0.06406689
   -0.03801641
   -0.03551784
    0.06558478
   -0.16904170
    0.01503041
    0.06466926
   -0.03410245
   -0.03606007
   -0.16715677
    0.07004632
    0.02381109
    0.07006277
   -0.03602658
   -0.03402003
    0.06465253
    0.01472796
    0.00734384
   -0.02278324
   -0.02796002
   -0.02961049
   -0.02758159
   -0.02233026
    0.06557696
   -0.03543172
   -0.03796556
    0.06407598
   -0.16901648
   -0.16713219
    0.00745354
   -0.02294438
   -0.02791555
   -0.02979071
   -0.02767444
   -0.02262134
    0.02936527
    0.03117288
    0.02342518
    0.02491086
    0.02855561
    0.02856321
    0.02463521
    0.02245357
    0.02832375
    0.02845614
    0.02909705
    0.02318639
    0.02312702
    0.03119037
    0.02245923
    0.02835254
    0.02836990
    0.02886911
    0.02302066
   -0.01195366
   -0.01777813
   -0.01182333
   -0.01327154
   -0.01352312
   -0.01129635
   -0.01774123
   -0.01130595
   -0.01148748
   -0.01746446
   -0.01132564
   -0.01310433
   -0.01312690
   -0.01131202
   -0.01749231
   -0.01148685
   -0.01132130
   -0.01776769
   -0.01130311
   -0.01354631
   -0.01327389
   -0.01184373
   -0.01778070
   -0.01197080
   -0.06077278
    0.02372139
    0.07011058
   -0.03614455
   -0.03353288
    0.06455207
   -0.16599988
    0.01693480
    0.06457190
   -0.03344064
   -0.03597006
   -0.16595227
    0.07024322
    0.02385400
    0.07025144
   -0.03596399
   -0.03344665
    0.06456546
    0.01692238
    0.00746304
   -0.02210486
   -0.02744035
   -0.02906714
   -0.02738351
   -0.02204241
    0.06457178
   -0.03356293
   -0.03615246
    0.07005612
   -0.16599559
   -0.16598610
    0.00745487
   -0.02205779
   -0.02742862
   -0.02905372
   -0.02738954
   -0.02205934
    0.02840058
    0.02439228
    0.02458050
    0.02865780
    0.02869888
    0.02457074
    0.02334214
    0.02923979
    0.02891812
    0.02939356
    0.02345431
    0.02440865
    0.02834830
    0.02333244
    0.02927518
    0.02892867
    0.02938684
    0.02344352
   -0.06046508
    0.02380972
    0.07021431
   -0.03596124
   -0.03340995
    0.06452715
   -0.16590657
    0.01685795
    0.06452436
   -0.03353387
   -0.03615225
   -0.16598370
    0.07001888
    0.02368467
    0.07005587
   -0.03613595
   -0.03351186
    0.06452171
    0.01686244
    0.00742336
   -0.02202661
   -0.02739978
   -0.02902867
   -0.02743706
   -0.02203082
    0.06452704
   -0.03342575
   -0.03597245
    0.07019298
   -0.16594987
   -0.16592883
    0.00742491
   -0.02200354
   -0.02738927
   -0.02903308
   -0.02745104
   -0.02206286
    0.02867061
    0.02451262
    0.02435098
    0.02834315
    0.02838276
    0.02433817
    0.02342333
    0.02940387
    0.02893737
    0.02928435
    0.02331307
    0.02452418
    0.02865868
    0.02342555
    0.02941479
    0.02893391
    0.02926110
    0.02330590
