           2           3   1.3947841696536365     
           3           4   1.2042716753663250     
           4           5   1.6372581119602236     
           5           6   1.2107036611283968     
           1           7  0.86904524963637575     
           3           7   1.2238024126577027     
           6           7   1.2276516063707470     
           6           8   1.3655528464134044     
           8           9   1.3757767309016404     
           9          10   1.2155339070383411     
          10          11   1.6255927370886110     
           1          12  0.86165808816043565     
           9          12   1.2145790792825595     
          11          13   1.2260639126587611     
          12          13   1.2488442949341607     
          13          14   1.3021611888420483     
          14          15   1.3016895376586601     
          15          16   1.2265048422972544     
          16          17   1.6246472206865865     
          17          18   1.2160323315878394     
          18          19   1.3744967681176927     
          19          20   1.0435246296011758     
          20          21   1.4259929579893362     
          21          22   1.4466469280501431     
          22          23   1.4417299873758296     
          23          24   1.4419095290669630     
          20          25   1.4262355395354422     
          24          25   1.4464149528758738     
          19          26   1.3644137533164848     
          26          27   1.2110650570043735     
          27          28   1.6365179172245252     
           2          29   1.3945711282511921     
          28          29   1.2045024561732720     
           1          30  0.86897447779611670     
          26          30   1.2281017749255787     
          29          30   1.2235113363974890     
           1          31  0.86144459396365358     
          15          31   1.2486441727214905     
          18          31   1.2149309574291149     
           8          32   1.0399166863990230     
          32          33   1.4277474148415099     
          33          34   1.4458770371987266     
          34          35   1.4421606898527810     
          35          36   1.4421805107015675     
          32          37   1.4277760485975377     
          36          37   1.4458322394035610     
           2          38  0.99587614620503151     
           4          39  0.99259865153961857     
           5          40  0.99886040266645715     
          10          41  0.99803146225674833     
          11          42  0.99761303688817082     
          16          43  0.99759435558241361     
          17          44  0.99791047159924129     
          21          45  0.98860874795717169     
          22          46  0.98159053965861576     
          23          47  0.98369463252054157     
          24          48  0.98144427115896926     
          25          49  0.98843532462492134     
          27          50  0.99872485193536908     
          28          51  0.99256248597993624     
          33          52  0.98845512013082093     
          34          53  0.98165395688794432     
          35          54  0.98367636276087844     
          36          55  0.98154286745353636     
          37          56  0.98839427021402815     
          58          59   1.3946564442029712     
          59          60   1.2043286213257540     
          60          61   1.6372335377815452     
          61          62   1.2106439836942333     
          57          63  0.86921261002824812     
          59          63   1.2238499099786573     
          62          63   1.2275366050256324     
          62          64   1.3656718061922792     
          64          65   1.3758530320324258     
          65          66   1.2155644906580183     
          66          67   1.6256400978203358     
          57          68  0.86157408666220359     
          65          68   1.2145710245063510     
          67          69   1.2259982099239422     
          68          69   1.2488234485886600     
          69          70   1.3022140115881859     
          70          71   1.3016386157365232     
          71          72   1.2264351861423124     
          72          73   1.6247838335598592     
          73          74   1.2159325574772604     
          74          75   1.3748824979979601     
          75          76   1.0432159025306877     
          76          77   1.4260931694939041     
          77          78   1.4466169320303846     
          78          79   1.4417425798902839     
          79          80   1.4419530669397003     
          76          81   1.4264190136876354     
          80          81   1.4463328844973382     
          75          82   1.3642343356343274     
          82          83   1.2111068121668462     
          83          84   1.6364932599134776     
          58          85   1.3947251535712868     
          84          85   1.2044830314213708     
          57          86  0.86903637023930236     
          82          86   1.2283065899355037     
          85          86   1.2233045705278562     
          57          87  0.86144764656106998     
          71          87   1.2488646783918380     
          74          87   1.2147039409726490     
          64          88   1.0396074927248953     
          88          89   1.4277662153260386     
          89          90   1.4459079709381242     
          90          91   1.4421279229350221     
          91          92   1.4422687503749179     
          88          93   1.4280331700079476     
          92          93   1.4456928116492329     
          58          94  0.99588178854398346     
          60          95  0.99260010450946190     
          61          96  0.99889127832041169     
          66          97  0.99803180252740842     
          67          98  0.99761876242038150     
          72          99  0.99759878634555565     
          73         100  0.99791644110660538     
          77         101  0.98858022519414057     
          78         102  0.98158779322492629     
          79         103  0.98369173955942502     
          80         104  0.98145067868696279     
          81         105  0.98843293419464728     
          83         106  0.99874808996426800     
          84         107  0.99257354333856551     
          89         108  0.98842241764510330     
          90         109  0.98164800039733324     
          91         110  0.98367331012913894     
          92         111  0.98154933989223392     
          93         112  0.98839318806018073     
          14         113   1.2152292424666971     
         113         114   2.4682318991342536     
         114         115   1.3655450802271687     
         113         116  0.17332797249344592     
         115         116   2.3427473455194536     
         116         117   1.3954315838507594     
         115         118  0.16709262617971973     
         117         118   2.3416322193979044     
         118         119   1.3671493471396909     
         117         120  0.17298600984189386     
         119         120   2.4643061417701313     
         121         122   2.4630793037817176     
         122         123   1.3680681447163139     
         121         124  0.17283817887969000     
         123         124   2.3395239563932186     
         124         125   1.3970807789897748     
         123         126  0.16682819410514663     
         125         126   2.3394911193184602     
         126         127   1.3681112052334736     
         125         128  0.17280808271280174     
         127         128   2.4628883150598764     
         129         130   2.4640969098088137     
         130         131   1.3672102730869642     
         129         132  0.17295986503256880     
         131         132   2.3415612805667916     
         132         133   1.3954537522658264     
         131         134  0.16708742855531394     
         133         134   2.3427283588558363     
         134         135   1.3655339497619803     
          70         136   1.2152044311488956     
         133         136  0.17332119858065956     
         135         136   2.4682564000408496     
         120         138   1.2192462040505654     
         138         139   1.2977055506233790     
         139         140   1.2297960201212113     
         140         141   1.6198455870386579     
         141         142   1.2197726064561296     
         137         143  0.86478257479486820     
         139         143   1.2468985439052491     
         142         143   1.2149162041608590     
         142         144   1.3670857621076273     
         144         145   1.3678705684880152     
         145         146   1.2195026872504311     
         146         147   1.6203777474335985     
         137         148  0.86500460345501240     
         145         148   1.2146839018365503     
         147         149   1.2293109642595097     
         148         149   1.2470343291577972     
         121         150   1.2197035646491794     
         149         150   1.2981042296235517     
         150         151   1.2978077741296663     
         151         152   1.2292485803115383     
         152         153   1.6206101276859601     
         153         154   1.2192535417715036     
         154         155   1.3688170755847169     
         155         156   1.0467426917543188     
         156         157   1.4245471913811820     
         157         158   1.4471889550391732     
         158         159   1.4415631744048898     
         159         160   1.4417325360115294     
         156         161   1.4248793746735511     
         160         161   1.4469770315523227     
         155         162   1.3663530573259772     
         162         163   1.2198987187845935     
         163         164   1.6198705507598590     
         138         165   1.2986559982818537     
         164         165   1.2296131300640736     
         137         166  0.86480848889465844     
         162         166   1.2157182726462754     
         165         166   1.2460924587288833     
         137         167  0.86499126185090058     
         151         167   1.2476935751906795     
         154         167   1.2140184845839634     
         144         168   1.0470647462325100     
         168         169   1.4244660007353618     
         169         170   1.4471948210102110     
         170         171   1.4415480783372634     
         171         172   1.4416929869161437     
         168         173   1.4246597899255391     
         172         173   1.4470792011131908     
         140         174  0.99763035083272844     
         141         175  0.99815408477432999     
         146         176  0.99813133229839401     
         147         177  0.99757060614737669     
         152         178  0.99757878555160806     
         153         179  0.99813121957922102     
         157         180  0.98858001290305286     
         158         181  0.98135715219854081     
         159         182  0.98367908230118095     
         160         183  0.98135176430342763     
         161         184  0.98858362711749137     
         163         185  0.99819412127260121     
         164         186  0.99761655882397782     
         169         187  0.98860861367305752     
         170         188  0.98135400374599624     
         171         189  0.98368018692699521     
         172         190  0.98134856373433976     
         173         191  0.98858177354087617     
         128         193   1.2199333994760870     
         193         194   1.2975546398632607     
         194         195   1.2294728681058591     
         195         196   1.6201872083859732     
         196         197   1.2194781131260291     
         192         198  0.86594099224223842     
         194         198   1.2469797634130173     
         197         198   1.2139927193472757     
         197         199   1.3678980604895048     
         199         200   1.3661145382504043     
         200         201   1.2199807090002845     
         201         202   1.6195784164614295     
         192         203  0.86549954352424951     
         200         203   1.2152065241638097     
         202         204   1.2298317180642326     
         203         204   1.2459253942349899     
         129         205   1.2194675424146906     
         204         205   1.2981608297484779     
         205         206   1.2977076147213427     
         206         207   1.2299157116900004     
         207         208   1.6195263802325619     
         208         209   1.2199661568119895     
         209         210   1.3662175462929891     
         210         211   1.0481136502425461     
         211         212   1.4242751801028659     
         212         213   1.4472165126011520     
         213         214   1.4416354248175871     
         214         215   1.4414180519388469     
         211         216   1.4238984225732900     
         215         216   1.4474428017969088     
         210         217   1.3677313959859192     
         217         218   1.2195381806954959     
         218         219   1.6201944487704276     
         193         220   1.2978468590816845     
         219         220   1.2294249027051793     
         192         221  0.86572707420334549     
         217         221   1.2142120437224801     
         220         221   1.2468163842704996     
         192         222  0.86576528034892508     
         206         222   1.2460998435041117     
         209         222   1.2149607681841952     
         199         223   1.0480327793714403     
         223         224   1.4241887327204581     
         224         225   1.4472727833016701     
         225         226   1.4415722639371737     
         226         227   1.4414974075534916     
         223         228   1.4240664598075692     
         227         228   1.4473517181358497     
         195         229  0.99757243772159920     
         196         230  0.99808815120970062     
         201         231  0.99814139823253412     
         202         232  0.99761878512647895     
         207         233  0.99763253718355471     
         208         234  0.99812357037125987     
         212         235  0.98863281736339714     
         213         236  0.98134784112975770     
         214         237  0.98368621259355704     
         215         238  0.98133601962357442     
         216         239  0.98865130399326573     
         218         240  0.99809289029603598     
         219         241  0.99758017648442243     
         224         242  0.98863558408917884     
         225         243  0.98133080150713758     
         226         244  0.98368528607697980     
         227         245  0.98135663709161669     
         228         246  0.98864335972295603     
