   -0.06396861
   -0.01764460
    0.06326295
   -0.03966121
   -0.03908115
    0.06313816
   -0.17167566
   -0.01509617
    0.06264686
   -0.03688830
   -0.03442087
   -0.16961783
    0.06926681
    0.02290597
    0.06926096
   -0.03443078
   -0.03689263
    0.06264543
   -0.16960579
   -0.01510400
    0.06314826
   -0.03907892
   -0.03965659
    0.06325152
   -0.17166837
    0.02591236
    0.02895559
    0.02950276
    0.02757942
    0.03174238
    0.02445893
    0.02445338
    0.03174751
    0.02758122
    0.02949815
    0.02895738
   -0.06434259
   -0.01759101
    0.06329254
   -0.03963313
   -0.03906560
    0.06321154
   -0.17170181
   -0.01513182
    0.06275674
   -0.03692155
   -0.03440906
   -0.16972545
    0.06917778
    0.02307902
    0.06916348
   -0.03443071
   -0.03693700
    0.06275819
   -0.16970864
   -0.01514710
    0.06321897
   -0.03906767
   -0.03962629
    0.06328500
   -0.17169887
    0.02592553
    0.02899183
    0.02953602
    0.02758390
    0.03171929
    0.02470129
    0.02470608
    0.03171305
    0.02757988
    0.02953167
    0.02899180
   -0.02315242
   -0.02251221
   -0.02276117
   -0.02278200
   -0.02204803
   -0.02271762
   -0.05963877
    0.02231389
    0.06933563
   -0.03487395
   -0.03654491
    0.06262514
   -0.16887309
   -0.01254203
    0.06262034
   -0.03635678
   -0.03462378
   -0.16862989
    0.06969450
    0.02262499
    0.06969037
   -0.03462188
   -0.03634857
    0.06261869
   -0.16850803
   -0.01255915
    0.06261473
   -0.03652539
   -0.03485993
    0.06935974
   -0.16881405
    0.02382510
    0.03189865
    0.02901217
    0.03250282
    0.02432748
    0.02434224
    0.03251417
    0.02903909
    0.03189305
    0.02379454
   -0.05977493
    0.02267011
    0.06967411
   -0.03460294
   -0.03635604
    0.06266601
   -0.16850917
   -0.01262241
    0.06269382
   -0.03661661
   -0.03491219
   -0.16883630
    0.06925388
    0.02249262
    0.06921397
   -0.03492796
   -0.03662759
    0.06269953
   -0.16889781
   -0.01263242
    0.06266525
   -0.03636041
   -0.03459280
    0.06967418
   -0.16858284
    0.02434209
    0.03251834
    0.02902698
    0.03178260
    0.02411380
    0.02416584
    0.03177784
    0.02900768
    0.03251351
    0.02433668
