    0.26312540
   -0.02936284
    0.05735107
   -0.04112702
   -0.03586591
    0.05914853
   -0.20995520
    0.01555171
    0.00376248
    0.00242825
   -0.05597924
   -0.03237068
   -0.00489043
   -0.06221615
   -0.03255531
    0.00202796
   -0.05623410
    0.05907256
   -0.03501315
   -0.03520427
   -0.20584495
    0.06229194
    0.01385813
    0.06226634
   -0.03519452
   -0.03504803
    0.05912230
   -0.20587107
    0.01556731
    0.00377333
    0.00220141
   -0.05613126
   -0.03260108
   -0.00488252
   -0.06222324
   -0.03227897
    0.00226197
   -0.05608757
    0.05912616
   -0.03583849
   -0.04112375
    0.05737761
   -0.20995143
    0.01843612
    0.02339878
    0.01554359
    0.00967113
    0.01433524
    0.01354007
    0.02916433
    0.01757868
    0.02365929
    0.01905337
    0.02849501
    0.01235884
    0.01354515
    0.01160191
    0.01735284
    0.01805907
    0.01805533
    0.01729923
    0.01148788
    0.01356248
    0.01248068
    0.02886767
    0.02214780
    0.01765793
    0.02040086
    0.02880477
    0.00973788
    0.01429779
    0.01351958
    0.01560112
    0.02344126
    0.26359681
   -0.02918941
    0.05739581
   -0.04103427
   -0.03578352
    0.05920011
   -0.20982649
    0.01559363
    0.00373180
    0.00213759
   -0.05613457
   -0.03253323
   -0.00484911
   -0.06220391
   -0.03235566
    0.00233072
   -0.05610013
    0.05923634
   -0.03495313
   -0.03511097
   -0.20580980
    0.06234860
    0.01413928
    0.06233766
   -0.03514333
   -0.03494342
    0.05919056
   -0.20583181
    0.01551633
    0.00371769
    0.00243084
   -0.05599672
   -0.03233785
   -0.00483724
   -0.06220999
   -0.03252876
    0.00203633
   -0.05621277
    0.05922447
   -0.03578808
   -0.04102185
    0.05736155
   -0.20981094
    0.01862188
    0.02354111
    0.01559856
    0.01136471
    0.01269692
    0.01352388
    0.02860425
    0.01860511
    0.02390932
    0.01794621
    0.02915586
    0.01416776
    0.01367469
    0.00990848
    0.01737816
    0.01828276
    0.01829665
    0.01720255
    0.00967449
    0.01368868
    0.01444054
    0.02928419
    0.02086962
    0.01806152
    0.02138955
    0.02847707
    0.01166450
    0.01235363
    0.01351060
    0.01571689
    0.02352631
   -0.03180169
   -0.02779084
   -0.02736729
   -0.03169609
    0.26000089
    0.00912469
    0.06175734
   -0.03783609
   -0.03553490
    0.05754560
   -0.20732273
    0.01733962
    0.00450835
    0.00256488
   -0.05562364
   -0.03240333
   -0.00506502
   -0.06211545
   -0.03246299
    0.00258589
   -0.05581664
    0.05746851
   -0.03556270
   -0.03800776
   -0.20760882
    0.06174678
    0.00883839
    0.06178656
   -0.03795507
   -0.03552979
    0.05747701
   -0.20757470
    0.01733569
    0.00451590
    0.00264305
   -0.05575383
   -0.03243719
   -0.00506221
   -0.06211560
   -0.03241410
    0.00252014
   -0.05567365
    0.05752119
   -0.03554395
   -0.03785037
    0.06177069
   -0.20732236
    0.01488302
    0.01515841
    0.01263935
    0.01327433
    0.01180850
    0.02799197
    0.02202051
    0.01876829
    0.01764415
    0.02822139
    0.01204090
    0.01131079
    0.01270992
    0.01513956
    0.01479129
    0.01467332
    0.01513629
    0.01208014
    0.01271449
    0.01124231
    0.02822475
    0.01763396
    0.02199729
    0.01878789
    0.02798002
    0.01326272
    0.01182718
    0.01263385
    0.01509295
    0.01477785
