           2           3   1.3887711370521520     
           3           4   1.2022978909046744     
           4           5   1.6376045628177121     
           5           6   1.2117314493383047     
           1           7  0.71528789408236060     
           3           7   1.2551804532192619     
           6           7   1.2410836623673929     
           6           8   1.3820998550310990     
           8           9   1.0289128597953965     
           9          10   1.4180379511430614     
          10          11   1.0188718940713251     
          10          12   1.4386870957276678     
          12          13   1.4293833012993040     
          13          14   1.0086540358924003     
          13          15   1.4353278052708152     
           9          16   1.4236865289951310     
          15          16   1.4325012449482091     
          16          17   1.0187499209156721     
           8          18   1.3746484188828554     
          18          19   1.2222654470173975     
          19          20   1.6179886210890881     
           1          21  0.71678018329389215     
          18          21   1.2367572249315335     
          20          22   1.2297177237577341     
          21          22   1.2766311352819155     
          22          23   1.3026929281546105     
          23          24   1.3031890670110080     
          24          25   1.2294982833618451     
          25          26   1.6179122691228456     
          26          27   1.2225150763492039     
           1          28  0.71673560690612426     
          24          28   1.2759680962051070     
          27          28   1.2373923584821276     
          27          29   1.3739137965181767     
          29          30   1.0289086988376266     
          30          31   1.4170516227401579     
          31          32   1.0188087894769207     
          31          33   1.4406247372664969     
          33          34   1.4272436971952145     
          34          35   1.0085414614851433     
          34          36   1.4375802005433707     
          30          37   1.4246822785870410     
          36          37   1.4305640821242256     
          37          38   1.0188249079896714     
          29          39   1.3827635862117171     
          39          40   1.2114950210532047     
          40          41   1.6376181882392353     
           2          42   1.3881901845956683     
          41          42   1.2024261504302864     
           1          43  0.71520436021220468     
          39          43   1.2406071156432452     
          42          43   1.2557610616482466     
           2          44  0.99745919388994009     
           4          45  0.99466609663648087     
           5          46   1.0017692481852347     
          11          47  0.99511068081165188     
          11          48  0.99210627048338196     
          11          49  0.99696121147335792     
          12          50  0.99476653629285616     
          14          51   1.0004127908552085     
          14          52  0.98848617055858101     
          14          53  0.99661592405910637     
          15          54  0.99423083086698372     
          17          55  0.99417005224224209     
          17          56  0.99717526237544307     
          17          57  0.99316746640936426     
          19          58   1.0003530427034206     
          20          59  0.99936629610971395     
          25          60  0.99931680532870804     
          26          61   1.0003103592661395     
          32          62  0.99336260564999390     
          32          63  0.99707419912400230     
          32          64  0.99409423961377796     
          33          65  0.99497873072593312     
          35          66  0.99208583657546645     
          35          67   1.0013934540667395     
          35          68  0.99213673378690459     
          36          69  0.99400720344944393     
          38          70  0.99498002802665386     
          38          71  0.99208146877222103     
          38          72  0.99710112446416388     
          40          73   1.0017678619568011     
          41          74  0.99464530874347079     
          76          77   1.3882256321109543     
          77          78   1.2024229193138665     
          78          79   1.6376476174763139     
          79          80   1.2114644624665809     
          75          81  0.71547310131052777     
          77          81   1.2555162837350378     
          80          81   1.2407212195278154     
          80          82   1.3824626810893075     
          82          83   1.0289311981298030     
          83          84   1.4219284863673070     
          84          85   1.0188727476415276     
          84          86   1.4345782745655160     
          86          87   1.4333098457513720     
          87          88   1.0087122689121131     
          87          89   1.4313227487572555     
          83          90   1.4197125082016815     
          89          90   1.4366336470050232     
          90          91   1.0187412044845741     
          82          92   1.3741200427760185     
          92          93   1.2220898645641733     
          93          94   1.6186236493236181     
          75          95  0.71715174281881289     
          92          95   1.2374797712151830     
          94          96   1.2287980605820308     
          95          96   1.2751416929253534     
          96          97   1.3045946995415472     
          97          98   1.3044403857923139     
          98          99   1.2289293664206615     
          99         100   1.6185946175444279     
         100         101   1.2219353211660140     
          75         102  0.71711428237503594     
          98         102   1.2755563560694534     
         101         102   1.2369973406077919     
         101         103   1.3745874894128762     
         103         104   1.0291159312297993     
         104         105   1.4175236426318318     
         105         106   1.0187969515625341     
         105         107   1.4392821156460542     
         107         108   1.4288164451637411     
         108         109   1.0086076734042109     
         108         110   1.4358822453243942     
         104         111   1.4239489023479144     
         110         111   1.4320442343543525     
         111         112   1.0187674516908758     
         103         113   1.3818620055951312     
         113         114   1.2115776483721554     
         114         115   1.6376525198975411     
          76         116   1.3887986299514128     
         115         116   1.2022886209510102     
          75         117  0.71557735161864877     
         113         117   1.2412608790784414     
         116         117   1.2550026964834238     
          76         118  0.99742719701548266     
          78         119  0.99463009463305163     
          79         120   1.0017368411489249     
          85         121  0.99378604932653636     
          85         122  0.99359295502719358     
          85         123  0.99710443747054711     
          86         124  0.99439767142784130     
          88         125  0.99809843306712043     
          88         126  0.98790362832220557     
          88         127  0.99941885363038863     
          89         128  0.99456739966022600     
          91         129  0.99251120394094827     
          91         130  0.99709055909417432     
          91         131  0.99458622571005606     
          93         132   1.0002953135938759     
          94         133  0.99922151795099712     
          99         134  0.99923157946829888     
         100         135   1.0002954664314991     
         106         136  0.99479368455957651     
         106         137  0.99694210845582842     
         106         138  0.99238332080423663     
         107         139  0.99481776892419516     
         109         140  0.99554392893258858     
         109         141   1.0005649963652297     
         109         142  0.98943649226994590     
         110         143  0.99416887391921660     
         112         144  0.99349762321290946     
         112         145  0.99386674293325605     
         112         146  0.99713036633263619     
         114         147   1.0017546846977454     
         115         148  0.99464145211320221     
          23         149   1.2013217522981776     
         149         150   2.6221736491790453     
          97         152   1.1979704376340938     
         151         152   2.6248799457223537     
         150         154   1.2014272617842774     
         154         155   1.3004379696233903     
         155         156   1.2297339433921040     
         156         157   1.6174680081054655     
         157         158   1.2234654268397076     
         153         159  0.71289058775845560     
         155         159   1.2801389410233179     
         158         159   1.2338598175704816     
         158         160   1.3789340593975845     
         160         161   1.0293574400548684     
         161         162   1.4236009917498651     
         162         163   1.0190348445509154     
         162         164   1.4333922190340707     
         164         165   1.4346414270014696     
         165         166   1.0084571834531888     
         165         167   1.4302654619819970     
         161         168   1.4188956542002951     
         167         168   1.4379006861320085     
         168         169   1.0189316727782558     
         160         170   1.3801599160560662     
         170         171   1.2229336789479450     
         171         172   1.6180294880026160     
         153         173  0.71274751871320829     
         170         173   1.2333300039384054     
         172         174   1.2289764652347177     
         173         174   1.2802836518612879     
         151         175   1.1978558837995390     
         174         175   1.3018150108459252     
         175         176   1.3016262514905439     
         176         177   1.2290342489423005     
         177         178   1.6180909477468246     
         178         179   1.2229519417205688     
         153         180  0.71282416844114160     
         176         180   1.2802163352685243     
         179         180   1.2333692433087817     
         179         181   1.3802121856901408     
         181         182   1.0293868565018278     
         182         183   1.4188197177133952     
         183         184   1.0189847242273171     
         183         185   1.4380016768245942     
         185         186   1.4302219736044901     
         186         187   1.0084491817117343     
         186         188   1.4346868887130526     
         182         189   1.4236625008215009     
         188         189   1.4333120233248406     
         189         190   1.0189769676988429     
         181         191   1.3789720746551075     
         191         192   1.2234712573869728     
         192         193   1.6174164004341449     
         154         194   1.3002996387050867     
         193         194   1.2298205895055396     
         153         195  0.71282018494384125     
         191         195   1.2337211132707839     
         194         195   1.2803100692044165     
         156         196  0.99964135945862975     
         157         197   1.0012911885730893     
         163         198  0.99320338799977359     
         163         199  0.99721393644274847     
         163         200  0.99398235824933689     
         164         201  0.99445433689689389     
         166         202  0.98867171433544565     
         166         203  0.99745514779926414     
         166         204  0.99997094479474424     
         167         205  0.99490099479329974     
         169         206  0.99349940770061518     
         169         207  0.99393885082449918     
         169         208  0.99730414997010874     
         171         209   1.0013102965628229     
         172         210  0.99939884858720573     
         177         211  0.99953596574833470     
         178         212   1.0012994983373527     
         184         213  0.99348250881385392     
         184         214  0.99724459730544279     
         184         215  0.99395493954247971     
         185         216  0.99491433639102866     
         187         217  0.99998664833422879     
         187         218  0.98871598829196150     
         187         219  0.99740873300047472     
         188         220  0.99444358262313981     
         190         221  0.99725667811340823     
         190         222  0.99388614794235575     
         190         223  0.99330442937702723     
         192         224   1.0013303627937842     
         193         225  0.99967845646428155     
