   -0.02195460
    0.06288727
   -0.03382954
   -0.03117031
    0.06406629
   -0.15831824
    0.01042686
    0.02370291
   -0.01484775
    0.05535122
   -0.25469570
    0.05455761
   -0.01661091
    0.06057446
   -0.03612293
   -0.03662204
   -0.28422064
    0.06518247
    0.01793652
    0.06694574
   -0.03215644
   -0.03141118
    0.06330377
   -0.15609553
    0.00935422
    0.02353578
   -0.01624243
    0.05477349
   -0.25508995
    0.05473210
   -0.01558626
    0.06199136
   -0.03631900
   -0.03857265
    0.05988820
   -0.28704104
    0.02978948
    0.04106657
    0.03385743
    0.16474000
    0.02963012
    0.03247892
    0.03116205
    0.02877017
    0.02514450
    0.02674967
    0.03636477
    0.03441613
    0.16328184
    0.02947286
    0.03178900
    0.03126841
    0.02845026
    0.02424047
    0.03112675
   -0.02198797
    0.06288439
   -0.03384297
   -0.03116844
    0.06406151
   -0.15834841
    0.01037959
    0.02366822
   -0.01485595
    0.05530675
   -0.25468571
    0.05458931
   -0.01658096
    0.06053436
   -0.03610163
   -0.03663421
   -0.28420200
    0.06514401
    0.01795065
    0.06686318
   -0.03219625
   -0.03142542
    0.06325954
   -0.15607079
    0.00930819
    0.02350193
   -0.01622616
    0.05475221
   -0.25509816
    0.05473672
   -0.01559157
    0.06199003
   -0.03630185
   -0.03857378
    0.05989488
   -0.28705399
    0.02978155
    0.04105160
    0.03381465
    0.16470365
    0.02945604
    0.03237039
    0.03121194
    0.02880427
    0.02522306
    0.02692483
    0.03649390
    0.03445721
    0.16323595
    0.02950186
    0.03175805
    0.03126472
    0.02838154
    0.02423507
    0.03112361
   -0.01938142
   -0.02058161
   -0.02230959
   -0.01751315
   -0.02069569
   -0.01968260
   -0.02144157
   -0.01881951
   -0.02100814
   -0.01916813
   -0.02101661
   -0.01916625
   -0.02143872
   -0.01883780
   -0.02071159
   -0.01969118
   -0.02231638
   -0.01751325
   -0.01939368
   -0.02057662
    0.01424836
    0.06633200
   -0.03472173
   -0.03220392
    0.06146273
   -0.15586896
    0.01246319
    0.02429346
   -0.01475344
    0.05513781
   -0.25501271
    0.05468052
   -0.01602188
    0.05923949
   -0.03671652
   -0.03808124
   -0.28411383
    0.06475215
    0.01623155
    0.06662572
   -0.03344559
   -0.03176161
    0.06184800
   -0.15538738
    0.01238021
    0.02426791
   -0.01484122
    0.05511234
   -0.25492059
    0.05488562
   -0.01584291
    0.05950498
   -0.03652002
   -0.03833476
    0.06461484
   -0.28481281
    0.03376795
    0.03257726
    0.16330760
    0.02918380
    0.03164568
    0.03101635
    0.02910485
    0.02372125
    0.02504913
    0.03564337
    0.03347194
    0.16315136
    0.02892556
    0.03140376
    0.03138734
    0.02941791
    0.02357744
    0.02438668
    0.01544783
    0.06654061
   -0.03384781
   -0.03184971
    0.06166489
   -0.15555860
    0.01257073
    0.02429719
   -0.01476934
    0.05513351
   -0.25496260
    0.05482917
   -0.01585675
    0.05931826
   -0.03665767
   -0.03820580
   -0.28420315
    0.06471250
    0.01583397
    0.06659831
   -0.03360099
   -0.03174587
    0.06174201
   -0.15552081
    0.01254823
    0.02429000
   -0.01480337
    0.05511182
   -0.25493418
    0.05487170
   -0.01582620
    0.05929812
   -0.03670086
   -0.03838097
    0.06460987
   -0.28431240
    0.03504034
    0.03313092
    0.16322172
    0.02900321
    0.03147609
    0.03120541
    0.02929669
    0.02360720
    0.02474821
    0.03537378
    0.03330633
    0.16320215
    0.02893647
    0.03141408
    0.03130156
    0.02938216
    0.02350530
    0.02448675
    0.01582866
    0.06659057
   -0.03361590
   -0.03175510
    0.06173717
   -0.15551449
    0.01255197
    0.02429292
   -0.01480898
    0.05510482
   -0.25494006
    0.05487622
   -0.01581792
    0.05929666
   -0.03670461
   -0.03838058
   -0.28429922
    0.06462711
    0.01545235
    0.06652195
   -0.03385624
   -0.03185404
    0.06165697
   -0.15557201
    0.01256319
    0.02429509
   -0.01476930
    0.05513608
   -0.25496169
    0.05482822
   -0.01585233
    0.05932677
   -0.03665656
   -0.03820366
    0.06471164
   -0.28420217
    0.03536653
    0.03329653
    0.16320421
    0.02892102
    0.03139711
    0.03130782
    0.02938791
    0.02350484
    0.02448762
    0.03504822
    0.03312768
    0.16322051
    0.02899297
    0.03147834
    0.03119538
    0.02929351
    0.02361061
    0.02474246
    0.01620577
    0.06660653
   -0.03345099
   -0.03175553
    0.06184356
   -0.15542403
    0.01232165
    0.02422837
   -0.01484277
    0.05507158
   -0.25490041
    0.05491760
   -0.01579850
    0.05947890
   -0.03648526
   -0.03833244
   -0.28478859
    0.06457737
    0.01427458
    0.06625928
   -0.03475142
   -0.03221201
    0.06143394
   -0.15582627
    0.01243914
    0.02424327
   -0.01473792
    0.05515133
   -0.25500187
    0.05464950
   -0.01601126
    0.05923929
   -0.03669274
   -0.03808208
    0.06478805
   -0.28409285
    0.03564668
    0.03342952
    0.16312667
    0.02875313
    0.03130406
    0.03145313
    0.02947920
    0.02366371
    0.02458819
    0.03391127
    0.03262309
    0.16326510
    0.02910653
    0.03166977
    0.03098984
    0.02911992
    0.02371861
    0.02505674
