   -0.01956276
    0.06346187
   -0.03275628
   -0.03158251
    0.06433444
   -0.15750834
    0.01012944
    0.01101340
   -0.00753804
    0.00836252
    0.23469832
   -0.27929464
   -0.32681528
   -0.01583002
   -0.02253655
   -0.01500331
    0.06108568
   -0.03577905
   -0.03603644
   -0.28316090
    0.06598190
    0.01941325
    0.06794604
   -0.03148813
   -0.03148559
    0.06322393
   -0.15547759
    0.00922330
    0.01011308
   -0.01461168
   -0.02134521
   -0.01355854
    0.00811052
    0.23453863
   -0.27771100
   -0.32878524
   -0.01005851
    0.06182584
   -0.03666200
   -0.03764792
    0.06051170
   -0.28555192
    0.03219701
    0.04261341
    0.03309491
    0.16546568
    0.04029037
    0.24467393
    0.04817082
    0.03855343
    0.03035508
    0.02564810
    0.02808915
    0.03802510
    0.03398540
    0.16426273
    0.03084121
    0.03967204
    0.04743357
    0.24389749
    0.04072298
    0.02574704
    0.03330797
   -0.01944023
    0.06349048
   -0.03268448
   -0.03149335
    0.06443827
   -0.15745130
    0.01024114
    0.01097180
   -0.00750380
    0.00843610
    0.23477046
   -0.27919659
   -0.32664775
   -0.01576141
   -0.02252412
   -0.01503607
    0.06121468
   -0.03562079
   -0.03587511
   -0.28301945
    0.06612386
    0.01968043
    0.06807959
   -0.03123907
   -0.03130301
    0.06331973
   -0.15538611
    0.00930092
    0.01013423
   -0.01451614
   -0.02127055
   -0.01354646
    0.00809262
    0.23450645
   -0.27774416
   -0.32890207
   -0.01006492
    0.06187776
   -0.03664867
   -0.03762865
    0.06052698
   -0.28545425
    0.03225189
    0.04265927
    0.03317029
    0.16550247
    0.04037031
    0.24483736
    0.04825761
    0.03855894
    0.03031655
    0.02582864
    0.02836102
    0.03842593
    0.03419748
    0.16430000
    0.03102135
    0.03979642
    0.04737489
    0.24383044
    0.04071245
    0.02574941
    0.03330383
   -0.01278125
   -0.01473864
   -0.01707046
   -0.01593368
   -0.01908927
   -0.01414545
   -0.01369486
   -0.01417884
   -0.01778088
   -0.01541901
   -0.01851126
   -0.01504194
   -0.01386850
   -0.01361269
   -0.01798917
   -0.01484569
   -0.01800923
   -0.01521340
   -0.01368402
   -0.01341659
   -0.01779427
   -0.01464655
   -0.01786422
   -0.01506858
   -0.01358988
   -0.01349268
   -0.01767839
   -0.01469405
   -0.01795699
   -0.01501099
   -0.01375849
   -0.01363978
   -0.01779942
   -0.01481011
   -0.01810443
   -0.01518487
   -0.01419358
   -0.01341328
   -0.01819526
   -0.01461118
   -0.01784330
   -0.01561443
   -0.01416330
   -0.01214520
   -0.01831948
   -0.01359645
   -0.01660725
   -0.01565982
    0.01672055
    0.06726173
   -0.03347890
   -0.03215835
    0.06200828
   -0.15490015
    0.01247003
    0.01154961
   -0.00727073
    0.00832253
    0.23466131
   -0.27947195
   -0.32690089
   -0.01579080
   -0.02231470
   -0.01436128
    0.06004793
   -0.03604121
   -0.03689315
   -0.28277095
    0.06593021
    0.01836052
    0.06751414
   -0.03268202
   -0.03187947
    0.06191021
   -0.15465034
    0.01158529
    0.01067275
   -0.01318240
   -0.02106101
   -0.01352413
    0.00791562
    0.23444091
   -0.27804165
   -0.32872853
   -0.01060544
    0.05935010
   -0.03733445
   -0.03817775
    0.06520068
   -0.28361062
    0.03612470
    0.03220978
    0.16434376
    0.04014439
    0.24429876
    0.04777082
    0.03856427
    0.03086190
    0.02470637
    0.02722198
    0.03757515
    0.03460364
    0.16431504
    0.03050405
    0.03930753
    0.04706132
    0.24405857
    0.04129135
    0.02285392
    0.02575767
    0.01753576
    0.06731420
   -0.03321584
   -0.03217083
    0.06206996
   -0.15470748
    0.01242574
    0.01158570
   -0.00723573
    0.00833961
    0.23468948
   -0.27949527
   -0.32684504
   -0.01582349
   -0.02236402
   -0.01437381
    0.06008728
   -0.03603744
   -0.03698556
   -0.28288528
    0.06589979
    0.01801824
    0.06755643
   -0.03278103
   -0.03178349
    0.06187528
   -0.15468847
    0.01190905
    0.01071686
   -0.01308620
   -0.02091063
   -0.01343711
    0.00792464
    0.23444017
   -0.27814195
   -0.32870085
   -0.01061718
    0.05932490
   -0.03726158
   -0.03793716
    0.06534012
   -0.28324786
    0.03647380
    0.03224526
    0.16435360
    0.04019944
    0.24425655
    0.04767263
    0.03838730
    0.03073142
    0.02459213
    0.02701107
    0.03740046
    0.03459697
    0.16437772
    0.03076509
    0.03953476
    0.04714391
    0.24392572
    0.04119031
    0.02309798
    0.02618160
    0.01807433
    0.06743263
   -0.03288664
   -0.03198847
    0.06230688
   -0.15458873
    0.01248195
    0.01155401
   -0.00724474
    0.00837352
    0.23470701
   -0.27943711
   -0.32682382
   -0.01576740
   -0.02231707
   -0.01437687
    0.06025929
   -0.03593763
   -0.03687773
   -0.28277532
    0.06595983
    0.01821584
    0.06763457
   -0.03262092
   -0.03163562
    0.06205583
   -0.15462221
    0.01201616
    0.01068098
   -0.01305737
   -0.02083625
   -0.01336067
    0.00795637
    0.23445650
   -0.27816237
   -0.32860343
   -0.01063777
    0.05951955
   -0.03711310
   -0.03769445
    0.06544865
   -0.28303681
    0.03683590
    0.03251180
    0.16445313
    0.04026281
    0.24432285
    0.04777871
    0.03850423
    0.03080766
    0.02473573
    0.02712471
    0.03754295
    0.03477389
    0.16448406
    0.03088349
    0.03971189
    0.04727803
    0.24395623
    0.04121717
    0.02335109
    0.02652076
    0.01816365
    0.06749422
   -0.03279210
   -0.03189884
    0.06238689
   -0.15455405
    0.01253878
    0.01154109
   -0.00724546
    0.00839119
    0.23471650
   -0.27940938
   -0.32680930
   -0.01573666
   -0.02229447
   -0.01437689
    0.06031820
   -0.03590651
   -0.03682412
   -0.28269423
    0.06598134
    0.01838666
    0.06765127
   -0.03253765
   -0.03159409
    0.06213991
   -0.15458309
    0.01203585
    0.01066095
   -0.01305346
   -0.02081184
   -0.01333061
    0.00796865
    0.23446411
   -0.27816749
   -0.32856333
   -0.01064507
    0.05961321
   -0.03704217
   -0.03761762
    0.06550486
   -0.28298927
    0.03695274
    0.03262675
    0.16449885
    0.04029897
    0.24435886
    0.04783730
    0.03856447
    0.03083844
    0.02479984
    0.02719522
    0.03761604
    0.03484349
    0.16452300
    0.03090952
    0.03977669
    0.04733458
    0.24397645
    0.04123830
    0.02345912
    0.02663433
    0.01801083
    0.06747694
   -0.03286597
   -0.03192908
    0.06231723
   -0.15459463
    0.01252663
    0.01155599
   -0.00724122
    0.00837598
    0.23470808
   -0.27943179
   -0.32683351
   -0.01575100
   -0.02230068
   -0.01436692
    0.06024116
   -0.03596399
   -0.03688982
   -0.28273382
    0.06593436
    0.01831057
    0.06759058
   -0.03262680
   -0.03167572
    0.06207040
   -0.15461046
    0.01198307
    0.01067277
   -0.01304686
   -0.02082461
   -0.01335346
    0.00794814
    0.23445132
   -0.27817666
   -0.32861628
   -0.01064190
    0.05956200
   -0.03706797
   -0.03766486
    0.06549062
   -0.28305399
    0.03688723
    0.03257075
    0.16445798
    0.04027407
    0.24432059
    0.04780427
    0.03853984
    0.03081825
    0.02471127
    0.02710052
    0.03750724
    0.03473633
    0.16448105
    0.03087337
    0.03973883
    0.04728483
    0.24393266
    0.04121627
    0.02340644
    0.02657621
    0.01786240
    0.06742213
   -0.03298597
   -0.03203369
    0.06218039
   -0.15463971
    0.01245718
    0.01158070
   -0.00725204
    0.00833778
    0.23468240
   -0.27946737
   -0.32692085
   -0.01578390
   -0.02230963
   -0.01434473
    0.06010216
   -0.03605579
   -0.03707578
   -0.28290845
    0.06584948
    0.01785725
    0.06749338
   -0.03291068
   -0.03183987
    0.06187027
   -0.15471167
    0.01192797
    0.01070634
   -0.01303119
   -0.02085349
   -0.01340627
    0.00790228
    0.23441960
   -0.27819726
   -0.32873372
   -0.01063604
    0.05941417
   -0.03715614
   -0.03775144
    0.06544062
   -0.28313817
    0.03679588
    0.03244993
    0.16436981
    0.04018600
    0.24423976
    0.04774039
    0.03850136
    0.03080067
    0.02453953
    0.02684706
    0.03719594
    0.03449618
    0.16440421
    0.03083122
    0.03966675
    0.04718083
    0.24383930
    0.04116066
    0.02328287
    0.02647800
    0.01827023
    0.06742904
   -0.03281308
   -0.03200654
    0.06232169
   -0.15454858
    0.01235659
    0.01155074
   -0.00733828
    0.00833786
    0.23466289
   -0.27934701
   -0.32718978
   -0.01570535
   -0.02221152
   -0.01429874
    0.06028604
   -0.03591558
   -0.03706191
   -0.28314433
    0.06584882
    0.01737882
    0.06754979
   -0.03300724
   -0.03179805
    0.06188916
   -0.15482055
    0.01196480
    0.01070850
   -0.01303669
   -0.02087585
   -0.01344300
    0.00788828
    0.23440160
   -0.27811458
   -0.32887598
   -0.01063259
    0.05942260
   -0.03717542
   -0.03765473
    0.06548397
   -0.28297741
    0.03700201
    0.03259654
    0.16437772
    0.04000505
    0.24425363
    0.04790509
    0.03869109
    0.03095182
    0.02473421
    0.02683620
    0.03705354
    0.03444941
    0.16446660
    0.03086031
    0.03968694
    0.04713484
    0.24384837
    0.04124064
    0.02334399
    0.02668276
