   -0.03267842
    0.05885243
   -0.04137595
   -0.03700202
    0.05740303
   -0.16366507
    0.00574906
   -0.00250006
   -0.04627201
    0.07230022
   -0.30394921
    0.06565268
   -0.30377056
    0.08055475
   -0.29541269
   -0.04100098
    0.05359738
   -0.04217373
   -0.04054074
   -0.28932846
    0.06092755
    0.01149387
    0.06353537
   -0.03549627
   -0.03663942
    0.05728524
   -0.16007348
    0.00413398
   -0.00251216
   -0.04019669
    0.08101992
   -0.29450757
    0.06545280
   -0.30380457
    0.07162907
   -0.30482945
   -0.04719877
    0.05524756
   -0.04262006
   -0.04528606
    0.05532482
   -0.29416462
    0.01867168
    0.03066680
    0.02608625
    0.16019376
    0.02999141
    0.23108641
    0.23618282
    0.23109561
    0.03108294
    0.01674851
    0.01574835
    0.02532524
    0.02704657
    0.15768806
    0.03205069
    0.23112924
    0.23559583
    0.22973639
    0.02872975
    0.01571237
    0.02091552
   -0.03225414
    0.05888867
   -0.04116312
   -0.03688511
    0.05763731
   -0.16348491
    0.00586881
   -0.00245719
   -0.04618956
    0.07251962
   -0.30369681
    0.06571792
   -0.30381462
    0.08053189
   -0.29550377
   -0.04097309
    0.05394140
   -0.04181295
   -0.04000041
   -0.28920905
    0.06114687
    0.01196522
    0.06383944
   -0.03487355
   -0.03605250
    0.05773505
   -0.15987015
    0.00447458
   -0.00258052
   -0.04006068
    0.08144063
   -0.29377236
    0.06565027
   -0.30356480
    0.07160252
   -0.30488689
   -0.04730859
    0.05548850
   -0.04245171
   -0.04513341
    0.05538667
   -0.29388010
    0.01887182
    0.03078647
    0.02613588
    0.16028542
    0.03025384
    0.23127108
    0.23629569
    0.23100518
    0.03111557
    0.01695795
    0.01566798
    0.02544080
    0.02761432
    0.15780538
    0.03272145
    0.23165415
    0.23565762
    0.22962672
    0.02865024
    0.01592928
    0.02105002
   -0.03302533
   -0.02921338
   -0.02862171
   -0.03251896
    0.00610962
    0.06252218
   -0.03893740
   -0.03838391
    0.05439124
   -0.16045232
    0.00699086
   -0.00354440
   -0.04535227
    0.08111722
   -0.29545454
    0.07554260
   -0.29657029
    0.07121177
   -0.30355627
   -0.04705067
    0.05220649
   -0.04197925
   -0.04206615
   -0.29054184
    0.06040111
    0.00649853
    0.06297926
   -0.03848884
   -0.03728171
    0.05513306
   -0.16019292
    0.00758000
   -0.00171359
   -0.04022689
    0.08050544
   -0.29553813
    0.06535398
   -0.30438583
    0.07224961
   -0.30431451
   -0.04588246
    0.05228526
   -0.04245420
   -0.04241104
    0.06018328
   -0.29036216
    0.02206622
    0.02459634
    0.15739633
    0.02995349
    0.22840411
    0.23246215
    0.23050782
    0.02958923
    0.01697049
    0.01426482
    0.02252627
    0.02498375
    0.15744957
    0.03109505
    0.23021709
    0.23537528
    0.23052692
    0.02987422
    0.01488987
    0.01262585
