           1           2   1.3698999026230860     
           2           3   1.2414699059713437     
           3           4   1.5935496797209177     
           4           5   1.2540251750471731     
           2           6   1.2302976089791537     
           5           6   1.2240900722199255     
           5           7   1.3436136932925409     
           7           8   1.0506380670311266     
           8           9   1.4183375592135117     
           9          10   1.4475151641149564     
          10          11   1.3950252672986263     
          11          12   1.1226951949456441     
          11          13   1.3862072694612202     
           8          14   1.4117982173200490     
          13          14   1.4548994252635874     
           7          15   1.3656614263655478     
          15          16   1.1647496713959102     
          16          17   1.6873637620371926     
          15          18   1.3551866907771419     
          17          19   1.1699144887654220     
          18          19   1.4134760439296452     
          19          20   1.2897612416492130     
          20          21   1.2865240930230184     
          21          22   1.2724499933013420     
          22          23   1.5749600333145224     
          23          24   1.2640159033088563     
          21          25   1.2496613516735569     
          24          25   1.2231662257793983     
          24          26   1.3372029537706653     
          26          27   1.0514831967975904     
          27          28   1.4106786133921667     
          28          29   1.4559970741102921     
          29          30   1.3856105562812193     
          30          31   1.1224703800930653     
          30          32   1.3954115194442986     
          27          33   1.4184706184369802     
          32          33   1.4465440446259425     
          26          34   1.3634508638647109     
          34          35   1.1548194198779345     
          35          36   1.7040563643079507     
           1          37   1.3808097746928412     
          36          37   1.1482153424462547     
          34          38   1.3738522235127764     
          37          38   1.3772160488819061     
           1          39  0.99657918421649949     
           3          40  0.99372529108520713     
           4          41   1.0004267428440308     
           6          42  0.96194092304071199     
           9          43  0.98976093068865589     
          10          44  0.98182390403144748     
          12          45  0.96528227898923191     
          13          46  0.98347956044150597     
          14          47  0.99025866094814252     
          16          48  0.99984610862086265     
          17          49   1.0000053886851865     
          22          50  0.99960942925598306     
          23          51  0.99938166289777386     
          25          52  0.96149651897755772     
          28          53  0.99020964177512338     
          29          54  0.98313230321050693     
          31          55  0.96559730134990618     
          32          56  0.98220940895925068     
          33          57  0.98982725955554118     
          35          58   1.0010588590015945     
          36          59  0.99430315824688542     
          60          61   1.3702063603223680     
          61          62   1.2413991405094242     
          62          63   1.5936971594700455     
          63          64   1.2539288504575534     
          61          65   1.2300491074875424     
          64          65   1.2245913816383935     
          64          66   1.3431758596504444     
          66          67   1.0505083235525268     
          67          68   1.4192273155876509     
          68          69   1.4467990738978687     
          69          70   1.3954560087253705     
          70          71   1.1227757991629266     
          70          72   1.3857659032993268     
          67          73   1.4109823641654200     
          72          73   1.4554628452993141     
          66          74   1.3661894978442755     
          74          75   1.1643210223707874     
          75          76   1.6882432984562477     
          74          77   1.3552585828405626     
          76          78   1.1688355547139708     
          77          78   1.4126958644904959     
          78          79   1.2919670667087588     
          79          80   1.2884016400362444     
          80          81   1.2712936675685340     
          81          82   1.5755791952743874     
          82          83   1.2636388918703196     
          80          84   1.2488187004302298     
          83          84   1.2228900489048324     
          83          85   1.3376962585563770     
          85          86   1.0515905553523370     
          86          87   1.4106752316241846     
          87          88   1.4558284333939826     
          88          89   1.3856972582989264     
          89          90   1.1225442895207993     
          89          91   1.3952881806644779     
          86          92   1.4183451764292485     
          91          92   1.4466892310887864     
          85          93   1.3631524719272874     
          93          94   1.1548648430716313     
          94          95   1.7041692473086887     
          60          96   1.3809343135944796     
          95          96   1.1481547713916773     
          93          97   1.3739878385478490     
          96          97   1.3771808959521066     
          60          98  0.99659034540611835     
          62          99  0.99371631036554975     
          63         100   1.0004540534339001     
          65         101  0.96187694913339217     
          68         102  0.98949789361246321     
          69         103  0.98196282854909589     
          71         104  0.96526725588427809     
          72         105  0.98338781782319340     
          73         106  0.99016559213034350     
          75         107  0.99950613108104891     
          76         108  0.99992154059552618     
          81         109  0.99930534306167351     
          82         110  0.99905769022259927     
          84         111  0.96124872700903297     
          87         112  0.98994548187801745     
          88         113  0.98311181742383580     
          90         114  0.96555667007546930     
          91         115  0.98224910571405288     
          92         116  0.98981492992880804     
          94         117   1.0010493941939267     
          95         118  0.99429470267866427     
          20         119   1.2104240354092775     
         119         120   2.6087842897545541     
         121         122   2.5882681049572716     
          79         124   1.2053155826512023     
         123         124   2.6123034198284403     
         120         125   1.2125655631820749     
         125         126   1.2800596117140479     
         126         127   1.2762885410621321     
         127         128   1.5689874347390582     
         128         129   1.2696421231036024     
         126         130   1.2525881305868221     
         129         130   1.2196096856394703     
         129         131   1.3341895426969663     
         131         132   1.0517389057995554     
         132         133   1.4188194052449581     
         133         134   1.4470242175683583     
         134         135   1.3952952973589292     
         135         136   1.1223229922472804     
         135         137   1.3858745406080761     
         132         138   1.4114450193278403     
         137         138   1.4555432804393591     
         131         139   1.3758887820307504     
         139         140   1.1670647640589096     
         140         141   1.6820826718990705     
         139         142   1.3457938433211223     
         141         143   1.1752952162903498     
         142         143   1.4242821230916534     
         121         144   1.2342248658858674     
         143         144   1.2730141760968494     
         144         145   1.2747164161262159     
         145         146   1.2799607410520706     
         146         147   1.5684856962831171     
         147         148   1.2699532700352316     
         145         149   1.2533445513801449     
         148         149   1.2211879563787740     
         148         150   1.3329347561200817     
         150         151   1.0475709371157722     
         151         152   1.4135256989096174     
         152         153   1.4545807841455871     
         153         154   1.3865586445310925     
         154         155   1.1215339539589315     
         154         156   1.3959227438286390     
         151         157   1.4207131779090050     
         156         157   1.4460125511138764     
         150         158   1.3791854542087578     
         158         159   1.1632279132667855     
         159         160   1.6883399581297096     
         125         161   1.2859404175314348     
         160         161   1.1703166186758784     
         158         162   1.3480992932488520     
         161         162   1.4176642881155743     
         127         163  0.99969804617998692     
         128         164   1.0003251156849697     
         130         165  0.96310772810565826     
         133         166  0.98963769426968229     
         134         167  0.98204540743478685     
         136         168  0.96571482040774026     
         137         169  0.98348843336540681     
         138         170  0.99029224687862238     
         140         171   1.0007845398877031     
         141         172  0.99912389305182214     
         146         173  0.99682114870108285     
         147         174   1.0006707174987233     
         149         175  0.96347665559975659     
         152         176  0.99019326911512406     
         153         177  0.98344815623543325     
         155         178  0.96598434469934791     
         156         179  0.98219855602511696     
         157         180  0.98993116925329794     
         159         181   1.0011012396182104     
         160         182   1.0002050285622128     
         122         183   1.2340796807153160     
         183         184   1.2711478798564981     
         184         185   1.2817454195831557     
         185         186   1.5655377633314249     
         186         187   1.2715875996359329     
         184         188   1.2541165816656472     
         187         188   1.2211951396358178     
         187         189   1.3305424169210915     
         189         190   1.0527302874642130     
         190         191   1.4185073671685000     
         191         192   1.4469981098681288     
         192         193   1.3954432016885658     
         193         194   1.1218182916851938     
         193         195   1.3858409545411305     
         190         196   1.4108576249346159     
         195         196   1.4559227631646265     
         189         197   1.3769545692803105     
         197         198   1.1636113807561730     
         198         199   1.6875993113024608     
         197         200   1.3493373441608472     
         199         201   1.1701321740385338     
         200         201   1.4161265514913985     
         123         202   1.2077786474247041     
         201         202   1.2877065344079328     
         202         203   1.2825290134873197     
         203         204   1.2739419603288160     
         204         205   1.5712583855890332     
         205         206   1.2678456480657143     
         203         207   1.2521667746762155     
         206         207   1.2193110607671871     
         206         208   1.3364051257500489     
         208         209   1.0472351308254482     
         209         210   1.4131629079858476     
         210         211   1.4546585948384962     
         211         212   1.3863361584242000     
         212         213   1.1218926279873824     
         212         214   1.3959697860887539     
         209         215   1.4212374355944868     
         214         215   1.4457859963260966     
         208         216   1.3769867667664244     
         216         217   1.1661901822320677     
         217         218   1.6848002224646621     
         183         219   1.2768905144493474     
         218         219   1.1743313459421414     
         216         220   1.3465655451697007     
         219         220   1.4225029832233285     
         185         221  0.99819609111489072     
         186         222   1.0002975351784684     
         188         223  0.96329434170560868     
         191         224  0.99014969973423594     
         192         225  0.98219681943301440     
         194         226  0.96601200446121438     
         195         227  0.98331460078244959     
         196         228  0.99013106287750963     
         198         229   1.0008813929768212     
         199         230   1.0004632260162249     
         204         231  0.99985937953950332     
         205         232   1.0003559394817101     
         207         233  0.96280421289372642     
         210         234  0.99015733039555953     
         211         235  0.98351469844940875     
         213         236  0.96576957012035980     
         214         237  0.98215393124919204     
         215         238  0.98965053759442079     
         217         239   1.0011002857429201     
         218         240  0.99772844845648301     
