    0.29959068
   -0.02754188
    0.05914959
   -0.03988474
   -0.03799618
    0.05648530
   -0.21347053
   -0.01890186
    0.05567978
   -0.03847267
   -0.03747820
   -0.20992136
    0.06412970
    0.01401341
    0.06405337
   -0.03754339
   -0.03850599
    0.05565228
   -0.20996927
   -0.01893140
    0.05646445
   -0.03801043
   -0.03988845
    0.05914995
   -0.21345882
    0.02196960
    0.02891840
    0.02985817
    0.02549165
    0.03019587
    0.02702016
    0.02685625
    0.03013895
    0.02543820
    0.02982874
    0.02891441
    0.29145022
   -0.02614786
    0.05938682
   -0.03942745
   -0.03778915
    0.05716291
   -0.21372734
   -0.01847862
    0.05642953
   -0.03795496
   -0.03696774
   -0.21052213
    0.06455892
    0.01491332
    0.06448570
   -0.03702379
   -0.03799270
    0.05640596
   -0.21058375
   -0.01850400
    0.05714387
   -0.03779993
   -0.03943088
    0.05938700
   -0.21371397
    0.02259447
    0.02931160
    0.03017650
    0.02584798
    0.03067127
    0.02738915
    0.02723724
    0.03061586
    0.02579906
    0.03015041
    0.02930892
   -0.02360470
   -0.02500257
   -0.02281280
   -0.02125655
   -0.02443431
   -0.01987548
   -0.02859377
   -0.02125649
   -0.02286256
   -0.02788293
   -0.02166902
   -0.02369612
   -0.02324669
   -0.02204152
   -0.02731073
   -0.02308643
   -0.02002199
   -0.02801990
   -0.01856724
   -0.02356593
   -0.02003595
   -0.02175027
   -0.02401450
   -0.02247660
    0.33247894
    0.00778079
    0.06367739
   -0.03974987
   -0.03863306
    0.05275698
   -0.20836915
   -0.01728233
    0.05287883
   -0.03857760
   -0.03925803
   -0.20809654
    0.06374532
    0.00878751
    0.06363916
   -0.03930133
   -0.03859998
    0.05287988
   -0.20817201
   -0.01731605
    0.05275592
   -0.03862921
   -0.03974825
    0.06365462
   -0.20837542
    0.02502469
    0.02930318
    0.02601139
    0.02949104
    0.02567072
    0.02555576
    0.02947119
    0.02597091
    0.02929949
    0.02501554
    0.32806137
    0.00976733
    0.06374816
   -0.03897566
   -0.03852325
    0.05334054
   -0.20833027
   -0.01720015
    0.05325665
   -0.03835082
   -0.03948567
   -0.20886059
    0.06385084
    0.00812184
    0.06386409
   -0.03950049
   -0.03835510
    0.05324696
   -0.20886427
   -0.01716794
    0.05333338
   -0.03850699
   -0.03894040
    0.06383626
   -0.20826915
    0.02582805
    0.02965573
    0.02615249
    0.02956856
    0.02517835
    0.02514532
    0.02956347
    0.02617695
    0.02967037
    0.02592711
