           1           2   1.3737446865205916     
           2           3   1.2389667286377168     
           3           4   1.6008241040003288     
           4           5   1.2486841894063376     
           2           6   1.2288997373049668     
           5           6   1.2313060484318425     
           5           7   1.3404256914789807     
           7           8   1.0503334803171998     
           8           9   1.4258447986121037     
           9          10   1.4470795454178618     
          10          11   1.4789649489624379     
           9          12  0.10150674160505442     
          11          12   1.4795387803380902     
           8          13   1.4252678709439579     
          10          13  0.10136452370091782     
          12          13   1.4470552746677219     
           7          14   1.3680991025897959     
          14          15   1.1592820481770967     
          15          16   1.6948278340465455     
          14          17   1.3543625180436214     
          16          18   1.1642074040532877     
          17          18   1.4132403533758287     
          18          19   1.2862678811913202     
          19          20   1.2871571906842769     
          20          21   1.2646853054321436     
          21          22   1.5867520740700241     
          22          23   1.2554407575564943     
          20          24   1.2492606809364704     
          23          24   1.2216539001122992     
          23          25   1.3453078876842455     
          25          26   1.0519733291372719     
          26          27   1.4248588319028663     
          27          28   1.4470539694805493     
          28          29   1.4793923243400675     
          27          30  0.10118074743349671     
          29          30   1.4786048493863999     
          26          31   1.4245493728002645     
          28          31  0.10135840155209021     
          30          31   1.4477481927520028     
          25          32   1.3546372589747309     
          32          33   1.1510319611605446     
          33          34   1.7087854592206824     
           1          35   1.3858971610462689     
          34          35   1.1458884182756877     
          32          36   1.3828338202309749     
          35          36   1.3732372583412464     
           1          37  0.99515965791641359     
           3          38  0.99162220772184750     
           4          39  0.99695827944118087     
           6          40  0.96011649021342016     
           9          41  0.98736115818727677     
          10          42  0.98245768158471447     
          12          43  0.98247372597885052     
          13          44  0.98726461462670956     
          15          45  0.99679137287413166     
          16          46  0.99824038973977280     
          21          47  0.99716853929110383     
          22          48  0.99622848364731165     
          24          49  0.95892689231850126     
          27          50  0.98717760147388145     
          28          51  0.98241588063878549     
          30          52  0.98257061760720832     
          31          53  0.98753409419329696     
          33          54  0.99755221340574407     
          34          55  0.99219861801366172     
          56          57   1.3737393591361529     
          57          58   1.2389694536222089     
          58          59   1.6008065795937796     
          59          60   1.2486963378956433     
          57          61   1.2289039064435336     
          60          61   1.2312857587792561     
          60          62   1.3404269051566828     
          62          63   1.0504234947858091     
          63          64   1.4257648292548699     
          64          65   1.4471172695746977     
          65          66   1.4789315182798839     
          64          67  0.10150006426060623     
          66          67   1.4795535589569944     
          63          68   1.4252671780457318     
          65          68  0.10135571967444802     
          67          68   1.4470464420292988     
          62          69   1.3680230772710520     
          69          70   1.1593078425036802     
          70          71   1.6947671467353773     
          69          72   1.3543785544070166     
          71          73   1.1642508271910110     
          72          73   1.4132227393250842     
          73          74   1.2861993774743836     
          74          75   1.2870611973138666     
          75          76   1.2647727150765056     
          76          77   1.5866480920589463     
          77          78   1.2555049363715574     
          75          79   1.2492521895494393     
          78          79   1.2216888770747505     
          78          80   1.3451867928210119     
          80          81   1.0520555290482494     
          81          82   1.4247970726013111     
          82          83   1.4470828790067487     
          83          84   1.4793631483258272     
          82          85  0.10117375708695474     
          84          85   1.4786129508338486     
          81          86   1.4245297771235996     
          83          86  0.10134886797727312     
          85          86   1.4477474700854445     
          80          87   1.3546678389538449     
          87          88   1.1510308568363650     
          88          89   1.7087832155900562     
          56          90   1.3858673876326237     
          89          90   1.1458885877369964     
          87          91   1.3827950155082649     
          90          91   1.3732621293164593     
          56          92  0.99515810372431446     
          58          93  0.99162479087524102     
          59          94  0.99695691441427847     
          61          95  0.96011725698085437     
          64          96  0.98736925059974445     
          65          97  0.98246074302920616     
          67          98  0.98247330484635031     
          68          99  0.98726884153739225     
          70         100  0.99678915136417645     
          71         101  0.99823724077121878     
          76         102  0.99716786031023086     
          77         103  0.99622897928970544     
          79         104  0.95892903061297974     
          82         105  0.98717776475965691     
          83         106  0.98241531906443003     
          85         107  0.98257297902383611     
          86         108  0.98754154830018293     
          88         109  0.99754935635759900     
          89         110  0.99219968417464988     
          19         111   1.2213337967268445     
         111         112   2.4585850641668068     
         112         113   1.3677899555073494     
         111         114  0.16628857741431663     
         113         114   2.3297634261014060     
         114         115   1.4045185685199100     
         113         116  0.15876052945766114     
         115         116   2.3062969276275198     
         116         117   1.4055574149979218     
         115         118  0.15845729911114365     
         117         118   2.3267634634891206     
         118         119   1.3710624465603392     
         117         120  0.16530165989284315     
         119         120   2.4518132967172206     
         121         122   2.4502344672897034     
         122         123   1.3721885557801050     
         121         124  0.16479041183770343     
         123         124   2.3244695606309658     
         124         125   1.4074129142576426     
         123         126  0.15777190892983314     
         125         126   2.3028757396264390     
         126         127   1.4073596332619847     
         125         128  0.15782504870209990     
         127         128   2.3246823179377163     
         128         129   1.3720178116977548     
         127         130  0.16490539413573199     
         129         130   2.4506198334818388     
         131         132   2.4517701856409975     
         132         133   1.3710438673174901     
         131         134  0.16514941180089474     
         133         134   2.3261655311730909     
         134         135   1.4062150818889572     
         133         136  0.15815905212574088     
         135         136   2.3045446708775694     
         136         137   1.4061686197928913     
         135         138  0.15817978792500589     
         137         138   2.3263041911329685     
         138         139   1.3708974421550950     
         137         140  0.16519826358054140     
         139         140   2.4520255002936113     
         141         142   2.4520299990869709     
         142         143   1.3708960142567757     
         141         144  0.16519632986969018     
         143         144   2.3263093588877788     
         144         145   1.4061692149511464     
         143         146  0.15818223777600721     
         145         146   2.3045390435486590     
         146         147   1.4062127919810239     
         145         148  0.15816172903920334     
         147         148   2.3261717101787904     
         148         149   1.3710390559042713     
         147         150  0.16514903329608366     
         149         150   2.4517798011079370     
         151         152   2.4506117318551550     
         152         153   1.3720165241959537     
         151         154  0.16490092299725745     
         153         154   2.3246948771073832     
         154         155   1.4073620386028955     
         153         156  0.15781948784227745     
         155         156   2.3028585020338137     
         156         157   1.4074291501370111     
         155         158  0.15777302428798223     
         157         158   2.3244388846441661     
         158         159   1.3722102568369994     
         157         160  0.16478763629804868     
         159         160   2.4501930074506095     
         161         162   2.4516051922523374     
         162         163   1.3712170374847001     
         161         164  0.16528474817219013     
         163         164   2.3265705867503206     
         164         165   1.4057145986227730     
         163         166  0.15843816851353656     
         165         166   2.3060965800235231     
         166         167   1.4046816859491420     
         165         168  0.15874699906791137     
         167         168   2.3295567532279220     
         168         169   1.3679481343085769     
          74         170   1.2215030461339125     
         167         170  0.16627634904187635     
         169         170   2.4583906927091088     
         120         171   1.2274492083077979     
         171         172   1.2796759289941990     
         172         173   1.2704568999632815     
         173         174   1.5787566247761589     
         174         175   1.2616165380826807     
         172         176   1.2506143946239556     
         175         176   1.2214080444244291     
         175         177   1.3363524026569962     
         177         178   1.0483400144344239     
         178         179   1.4268135925418624     
         179         180   1.4467576723074611     
         180         181   1.4791713085377065     
         179         182  0.10165811624958264     
         181         182   1.4796124961429287     
         178         183   1.4263161894360603     
         180         183  0.10154132186384809     
         182         183   1.4467002402775984     
         177         184   1.3728399280270338     
         184         185   1.1593075423034664     
         185         186   1.6932336614895480     
         184         187   1.3511170259667489     
         186         188   1.1664108921848100     
         187         188   1.4152478269506918     
         121         189   1.2288206107168944     
         188         189   1.2819726175343893     
         189         190   1.2794594807821371     
         190         191   1.2709093991355507     
         191         192   1.5783944810778197     
         192         193   1.2619576269234034     
         190         194   1.2504241358937298     
         193         194   1.2218701914743888     
         193         195   1.3355413839954349     
         195         196   1.0484072503824968     
         196         197   1.4264091542413995     
         197         198   1.4469996968941854     
         198         199   1.4790034731368027     
         197         200  0.10166470450281533     
         199         200   1.4797834106283034     
         196         201   1.4266365844955180     
         198         201  0.10152622227231152     
         200         201   1.4464604162094818     
         195         202   1.3734783745149126     
         202         203   1.1588317487474389     
         203         204   1.6937603936317112     
         171         205   1.2826456938086406     
         204         205   1.1660239906291858     
         202         206   1.3511316279583627     
         205         206   1.4148753850548055     
         173         207  0.99733244231623241     
         174         208  0.99695591009980378     
         176         209  0.96029643378831231     
         179         210  0.98741862996375562     
         180         211  0.98257959101487458     
         182         212  0.98253717198880541     
         183         213  0.98722826035149902     
         185         214  0.99738186268095730     
         186         215  0.99835798717277613     
         191         216  0.99724647529146970     
         192         217  0.99685898297168785     
         194         218  0.96037085612040995     
         197         219  0.98744920767736377     
         198         220  0.98260066647599742     
         200         221  0.98250424097365985     
         201         222  0.98721233383043194     
         203         223  0.99744488560314515     
         204         224  0.99839180969528607     
         130         225   1.2285777337319070     
         225         226   1.2798970851339277     
         226         227   1.2708256918798257     
         227         228   1.5790622845546811     
         228         229   1.2612958082294061     
         226         230   1.2501373256580908     
         229         230   1.2221537004545198     
         229         231   1.3362321229479606     
         231         232   1.0477228833287902     
         232         233   1.4269558452620195     
         233         234   1.4467009464294738     
         234         235   1.4792007965510174     
         233         236  0.10171712927825761     
         235         236   1.4797101457409114     
         232         237   1.4266438298664448     
         234         237  0.10159937660307941     
         236         237   1.4465274062675368     
         231         238   1.3731232234019894     
         238         239   1.1587879394127547     
         239         240   1.6937088004085081     
         238         241   1.3518356832317717     
         240         242   1.1664353379633641     
         241         242   1.4144193051774478     
         131         243   1.2278200520752496     
         242         243   1.2826750400014770     
         243         244   1.2802123143958375     
         244         245   1.2705761082440494     
         245         246   1.5793779925846758     
         246         247   1.2611540642035866     
         244         248   1.2501045786640681     
         247         248   1.2218882556249455     
         247         249   1.3367351291410379     
         249         250   1.0478111754152859     
         250         251   1.4267236845576436     
         251         252   1.4468520464877745     
         252         253   1.4790853767976015     
         251         254  0.10172972832058201     
         253         254   1.4798268112504525     
         250         255   1.4268097620746831     
         252         255  0.10157747543474709     
         254         255   1.4463871924440772     
         249         256   1.3726139645650675     
         256         257   1.1588671989822519     
         257         258   1.6934355798432985     
         225         259   1.2824544806941374     
         258         259   1.1666260653348228     
         256         260   1.3521140110264136     
         259         260   1.4143945571770558     
         227         261  0.99721294060227894     
         228         262  0.99692080792834170     
         230         263  0.96031530296507295     
         233         264  0.98739078118870127     
         234         265  0.98256769260142596     
         236         266  0.98249582206054409     
         237         267  0.98718342738865028     
         239         268  0.99742742588410582     
         240         269  0.99832792325182063     
         245         270  0.99719600544384857     
         246         271  0.99689537833476194     
         248         272  0.96033195770339430     
         251         273  0.98740242538838929     
         252         274  0.98257079572877248     
         254         275  0.98248959855285223     
         255         276  0.98718300378987034     
         257         277  0.99744344838790977     
         258         278  0.99833634688760176     
         140         279   1.2276729255464280     
         279         280   1.2805027235289408     
         280         281   1.2705583819626745     
         281         282   1.5796450982643402     
         282         283   1.2608973183690657     
         280         284   1.2498780994889420     
         283         284   1.2222384901192331     
         283         285   1.3367802352667637     
         285         286   1.0474936826293981     
         286         287   1.4269420162566604     
         287         288   1.4467214807970168     
         288         289   1.4791835230671044     
         287         290  0.10175881165991038     
         289         290   1.4798160571528021     
         286         291   1.4268391711560093     
         288         291  0.10161928533016333     
         290         291   1.4463937807631759     
         285         292   1.3727029736104548     
         292         293   1.1586504254962564     
         293         294   1.6937709749530869     
         292         295   1.3524552714206302     
         294         296   1.1665080886283417     
         295         296   1.4139863208771446     
         141         297   1.2276725516562557     
         296         297   1.2830012385812213     
         297         298   1.2805199514608976     
         298         299   1.2705518040055646     
         299         300   1.5796429122451505     
         300         301   1.2608988407355408     
         298         302   1.2498833931290194     
         301         302   1.2222446292287787     
         301         303   1.3367639546841814     
         303         304   1.0475658509885655     
         304         305   1.4269068102538685     
         305         306   1.4467352485983609     
         306         307   1.4791744757947920     
         305         308  0.10175174291533134     
         307         308   1.4798141205075588     
         304         309   1.4268119563716191     
         306         309  0.10161215531257306     
         308         309   1.4464019079646691     
         303         310   1.3726707710984245     
         310         311   1.1586520808775624     
         311         312   1.6937609819576469     
         279         313   1.2830223455325536     
         312         313   1.1665062623763287     
         310         314   1.3524717132555608     
         313         314   1.4139801009831872     
         281         315  0.99717797348506265     
         282         316  0.99689643198345335     
         284         317  0.96029086249028117     
         287         318  0.98737086039287059     
         288         319  0.98254558292271499     
         290         320  0.98246949247731308     
         291         321  0.98715819645640923     
         293         322  0.99742871935179755     
         294         323  0.99828676831421370     
         299         324  0.99716575361113557     
         300         325  0.99689332646835094     
         302         326  0.96029133539990374     
         305         327  0.98737535621232897     
         306         328  0.98254549954203418     
         308         329  0.98246982131686289     
         309         330  0.98716219168895225     
         311         331  0.99742545789366410     
         312         332  0.99827270284516501     
         150         333   1.2278165827807965     
         333         334   1.2802081212324121     
         334         335   1.2705840161393769     
         335         336   1.5793766064305195     
         336         337   1.2611511842760446     
         334         338   1.2500995141965467     
         337         338   1.2218907664978216     
         337         339   1.3367359063367552     
         339         340   1.0478237402169304     
         340         341   1.4267185481646161     
         341         342   1.4468528619121082     
         342         343   1.4790852187208323     
         341         344  0.10172906034702250     
         343         344   1.4798245722381667     
         340         345   1.4268027714225675     
         342         345  0.10157548255790491     
         344         345   1.4463906732113392     
         339         346   1.3725959332907336     
         346         347   1.1588662772021761     
         347         348   1.6934345781124425     
         346         349   1.3521327302047954     
         348         350   1.1666273515460970     
         349         350   1.4143759057972862     
         151         351   1.2285811368819826     
         350         351   1.2824814938584503     
         351         352   1.2798732184316035     
         352         353   1.2708323301154305     
         353         354   1.5790579804157701     
         354         355   1.2612988429055803     
         352         356   1.2501437615737989     
         355         356   1.2221538906994154     
         355         357   1.3362306937853035     
         357         358   1.0477128261575788     
         358         359   1.4269643089738813     
         359         360   1.4466967775220849     
         360         361   1.4792039654366749     
         359         362  0.10171850161723649     
         361         362   1.4797085863253867     
         358         363   1.4266445767222269     
         360         363  0.10159992257500733     
         362         363   1.4465288799922922     
         357         364   1.3731361969505445     
         364         365   1.1587862731286696     
         365         366   1.6937184884523722     
         333         367   1.2826843742050733     
         366         367   1.1664225661557146     
         364         368   1.3518278438255162     
         367         368   1.4144257491923580     
         335         369  0.99719762346234286     
         336         370  0.99689478077533067     
         338         371  0.96033213860697630     
         341         372  0.98740268991451785     
         342         373  0.98257129887704842     
         344         374  0.98248925555194511     
         345         375  0.98718456256036924     
         347         376  0.99744423631532619     
         348         377  0.99833301185658230     
         353         378  0.99721581533452341     
         354         379  0.99691999191077285     
         356         380  0.96031332858995699     
         359         381  0.98738908450758633     
         360         382  0.98256794133351089     
         362         383  0.98249546710466862     
         363         384  0.98718363129390141     
         365         385  0.99742814652507261     
         366         386  0.99832511973926197     
         160         387   1.2288546422277997     
         387         388   1.2794455135315921     
         388         389   1.2709205903714405     
         389         390   1.5783734893045516     
         390         391   1.2619693286307740     
         388         392   1.2504200668023024     
         391         392   1.2218651234612476     
         391         393   1.3355263220662539     
         393         394   1.0485154885612051     
         394         395   1.4263377470951200     
         395         396   1.4470273140201080     
         396         397   1.4789812073580582     
         395         398  0.10165579073753106     
         397         398   1.4797915673074986     
         394         399   1.4266154069480446     
         396         399  0.10151962558694988     
         398         399   1.4464605291931765     
         393         400   1.3733981300541422     
         400         401   1.1588672659192194     
         401         402   1.6936873147212141     
         400         403   1.3511502076781743     
         402         404   1.1660807010695280     
         403         404   1.4148550084710363     
         161         405   1.2276185845166747     
         404         405   1.2825484306540522     
         405         406   1.2796165074927444     
         406         407   1.2705174861123043     
         407         408   1.5786805769813148     
         408         409   1.2616653638155257     
         406         410   1.2506116929210538     
         409         410   1.2214480439024702     
         409         411   1.3362458108983077     
         411         412   1.0484377418357942     
         412         413   1.4268076946777155     
         413         414   1.4467479683110185     
         414         415   1.4791900530931350     
         413         416  0.10164935535439432     
         415         416   1.4795783826524733     
         412         417   1.4262353032020791     
         414         417  0.10153466693702384     
         416         417   1.4467357659244067     
         411         418   1.3728737903956969     
         418         419   1.1593129739395511     
         419         420   1.6932218781523802     
         387         421   1.2819233105186429     
         420         421   1.1664154059950411     
         418         422   1.3510683868687992     
         421         422   1.4152929158558722     
         389         423  0.99724840389872860     
         390         424  0.99685609453858970     
         392         425  0.96037358598234657     
         395         426  0.98745919033033691     
         396         427  0.98260213590649237     
         398         428  0.98250222464861958     
         399         429  0.98721609366721974     
         401         430  0.99744052941182582     
         402         431  0.99839374554614002     
         407         432  0.99732740075606718     
         408         433  0.99695416183035912     
         410         434  0.96029321937814893     
         413         435  0.98742697662230983     
         414         436  0.98258125037463229     
         416         437  0.98253411408919133     
         417         438  0.98722814770482648     
         419         439  0.99737719188981400     
         420         440  0.99835463064219809     
