           1           2   1.3723751156728159     
           2           3   1.2397843279135996     
           3           4   1.5992011724968940     
           4           5   1.2495569271551925     
           2           6   1.2296349910053759     
           5           6   1.2315403018440236     
           5           7   1.3402732422227204     
           7           8   1.0526303176175937     
           8           9   1.4204844531596272     
           9          10   1.4540389593821237     
          10          11   1.4187067157334516     
          11          12  0.89024635627762128     
          12          13   1.8901371546914376     
          12          14   1.0791996851579391     
          12          15   1.8985863459166250     
          13          15  0.13463712444192402     
          14          15  0.10083749788501821     
          11          16   1.4198594241746645     
           8          17   1.4214620533746956     
          16          17   1.4533160434051109     
           7          18   1.3674557280676960     
          18          19   1.1584231877675861     
          19          20   1.6967987916890204     
          18          21   1.3579505429636778     
          20          22   1.1631989073055362     
          21          22   1.4093653230685499     
          22          23   1.2940776075754925     
          23          24   1.2907318518912474     
          24          25   1.2644998971125341     
          25          26   1.5860559398830061     
          26          27   1.2560222029386441     
          24          28   1.2478777288386920     
          27          28   1.2237786589021222     
          27          29   1.3430099246110139     
          29          30   1.0545869587664245     
          30          31   1.4197270408442906     
          31          32   1.4542840375422483     
          32          33   1.4185311779204657     
          33          34  0.89064686656068304     
          34          35   1.8911536186436526     
          34          36   1.0794112017459883     
          34          37   1.8960813633305336     
          35          37  0.13456318813384729     
          36          37  0.10044472624598393     
          33          38   1.4192314056671702     
          30          39   1.4201481891811409     
          38          39   1.4540451240382370     
          29          40   1.3564426825195015     
          40          41   1.1509183726009224     
          41          42   1.7095895204561071     
           1          43   1.3868712687692071     
          42          43   1.1455108725991539     
          40          44   1.3827486330135932     
          43          44   1.3736586415447400     
           1          45  0.99527325144348522     
           3          46  0.99191378567792676     
           4          47  0.99819439510746155     
           6          48  0.96050116143067465     
           9          49  0.98709655009794839     
          10          50  0.98424105690348429     
          14          51  0.93754553775602001     
          16          52  0.98415179773161932     
          17          53  0.98697448602223370     
          19          54  0.99765873154447382     
          20          55  0.99843941578717188     
          25          56  0.99754079993510258     
          26          57  0.99740597693038735     
          28          58  0.95938971335870060     
          31          59  0.98701602321828164     
          32          60  0.98411556727275717     
          36          61  0.93702859219919787     
          38          62  0.98435937125265049     
          39          63  0.98717873596278205     
          41          64  0.99842763297349313     
          42          65  0.99239354882817843     
          66          67   1.3728223693430850     
          67          68   1.2395318894113199     
          68          69   1.5997422090550042     
          69          70   1.2493142046344357     
          67          71   1.2296292356765124     
          70          71   1.2315547037029886     
          70          72   1.3406973675269958     
          72          73   1.0529860452885453     
          73          74   1.4204299494301518     
          74          75   1.4540395313885597     
          75          76   1.4187271021124839     
          76          77  0.89016415237106461     
          77          78   1.8899568490289433     
          77          79   1.0791102041940788     
          77          80   1.8991947921938033     
          78          80  0.13462696328359439     
          79          80  0.10097080306707137     
          76          81   1.4198343127648632     
          73          82   1.4212108328240427     
          81          82   1.4534006801894379     
          72          83   1.3669591205436082     
          83          84   1.1585352472575599     
          84          85   1.6965792908132258     
          83          86   1.3582198864662747     
          85          87   1.1633869136241919     
          86          87   1.4094661022655692     
          87          88   1.2934216833785825     
          88          89   1.2910990122355901     
          89          90   1.2643675482032088     
          90          91   1.5865103034319945     
          91          92   1.2558203913482158     
          89          93   1.2478820617227921     
          92          93   1.2239609872147732     
          92          94   1.3432764214155808     
          94          95   1.0547346395071209     
          95          96   1.4197314506281660     
          96          97   1.4542187698495896     
          97          98   1.4186111448922107     
          98          99  0.89066982079199952     
          99         100   1.8914709291173213     
          99         101   1.0795962761152549     
          99         102   1.8953994069774232     
         100         102  0.13457069350485329     
         101         102  0.10025717322302058     
          98         103   1.4191782426488191     
          95         104   1.4200102590475838     
         103         104   1.4541223022451151     
          94         105   1.3562464191558983     
         105         106   1.1509715721465217     
         106         107   1.7095158813750051     
          66         108   1.3866211907023254     
         107         108   1.1455745546358491     
         105         109   1.3828645275188580     
         108         109   1.3738523741298745     
          66         110  0.99525110715066833     
          68         111  0.99189939701277796     
          69         112  0.99817485611367729     
          71         113  0.96045533863511823     
          74         114  0.98707399740939705     
          75         115  0.98422043694494699     
          79         116  0.93772051045484084     
          81         117  0.98413380147511065     
          82         118  0.98699828238713450     
          84         119  0.99759568605637206     
          85         120  0.99840313963650174     
          90         121  0.99743971992344582     
          91         122  0.99737274602660231     
          93         123  0.95936286388338099     
          96         124  0.98697827377903458     
          97         125  0.98407937889784358     
         101         126  0.93688918581908631     
         103         127  0.98435587785349488     
         104         128  0.98717961027811396     
         106         129  0.99841140769520853     
         107         130  0.99237081603256561     
         131         132   2.3869684450192907     
         132         133   1.3448625117314914     
          23         134   1.2095615672595870     
         131         134  0.17109831368408651     
         133         134   2.4851694061235690     
         131         135   1.3467208321420570     
         132         136  0.17068693198710014     
         135         136   2.4801011775956963     
         137         138   2.3667323645112806     
         138         139   1.3623321382442080     
         137         140  0.16920169207700136     
         139         140   2.4629104439146223     
         137         141   1.3627041296432929     
         138         142  0.16924578395355866     
         141         142   2.4622817335449869     
         143         144   2.3662204489158918     
         144         145   1.3629835396977248     
         143         146  0.16923724097722675     
         145         146   2.4620065608810480     
         143         147   1.3629647177010280     
         144         148  0.16924252893805283     
         147         148   2.4620342832167390     
         149         150   2.3670817292152995     
         150         151   1.3624819774692973     
         149         152  0.16938643901925252     
         151         152   2.4627062593358455     
         149         153   1.3620959453514270     
         150         154  0.16934869155034254     
         153         154   2.4633183429975807     
         155         156   2.3861916499858764     
         156         157   1.3475267853158399     
         155         158  0.17074899713935784     
         157         158   2.4794464490726558     
         155         159   1.3456572233462134     
          88         160   1.2103685274345164     
         156         160  0.17114755574509344     
         159         160   2.4844597753793085     
         136         161   1.2142434887933011     
         161         162   1.2842939139835796     
         162         163   1.2687041941850608     
         163         164   1.5795645294819913     
         164         165   1.2616647485314259     
         162         166   1.2499303426195212     
         165         166   1.2210940310833118     
         165         167   1.3374005919941285     
         167         168   1.0514005138415805     
         168         169   1.4219476044381523     
         169         170   1.4533914303655826     
         170         171   1.4195985100404223     
         171         172  0.89033499162553609     
         172         173   1.8910714040286190     
         172         174   1.0791177574773678     
         172         175   1.8966081418837653     
         173         175  0.13461682142629350     
         174         175  0.10032527719177206     
         171         176   1.4189193338100132     
         168         177   1.4214548903019972     
         176         177   1.4536580145147913     
         167         178   1.3717107210566886     
         178         179   1.1606261913111906     
         179         180   1.6919628061496568     
         178         181   1.3517665484561654     
         180         182   1.1671422555307482     
         181         182   1.4164672986107658     
         140         183   1.2296075362019401     
         182         183   1.2819185371311175     
         183         184   1.2789374275002598     
         184         185   1.2722029943258468     
         185         186   1.5764363433263013     
         186         187   1.2633372076279925     
         184         188   1.2512153887421593     
         187         188   1.2229372248755983     
         187         189   1.3337250809870447     
         189         190   1.0515563536742585     
         190         191   1.4219161173757935     
         191         192   1.4535429068657457     
         192         193   1.4192742327837271     
         193         194  0.89046868678999080     
         194         195   1.8942617594351066     
         194         196   1.0798850804702980     
         194         197   1.8923134377832593     
         195         197  0.13459525534682543     
         193         198   1.4190937325593580     
         190         199   1.4212228575860362     
         198         199   1.4536724921250224     
         189         200   1.3740364089558734     
         200         201   1.1589515955919507     
         201         202   1.6949909834991534     
         161         203   1.2887254100201579     
         202         203   1.1648348630502292     
         200         204   1.3524417762127363     
         203         204   1.4125116097237442     
         163         205  0.99791434123569622     
         164         206  0.99823330213085726     
         166         207  0.96081865771054709     
         169         208  0.98707371053083548     
         170         209  0.98432534159972307     
         174         210  0.93753783250600164     
         176         211  0.98433987525999767     
         177         212  0.98714947450447843     
         179         213  0.99826631821787937     
         180         214  0.99888886251230946     
         185         215  0.99771959333915416     
         186         216  0.99784135031290500     
         188         217  0.96108663580729836     
         191         218  0.98729714188742568     
         192         219  0.98434095741929362     
         196         220  0.93720540493505122     
         198         221  0.98434062047566795     
         199         222  0.98696618662243762     
         201         223  0.99861371213482719     
         202         224  0.99892274631987277     
         142         225   1.2300937642187337     
         225         226   1.2776377019292302     
         226         227   1.2723343473599731     
         227         228   1.5760396197227331     
         228         229   1.2640080117313399     
         226         230   1.2520277335633532     
         229         230   1.2212277210070219     
         229         231   1.3348486551558807     
         231         232   1.0514013427827738     
         232         233   1.4220718473680716     
         233         234   1.4531395173406403     
         234         235   1.4199530965361564     
         235         236  0.88989089341211625     
         236         237   1.8893247151132495     
         236         238   1.0811869837772248     
         236         239   1.8990256059243142     
         237         239  0.13449444837394392     
         238         239  0.10118914304363859     
         235         240   1.4187617739541738     
         232         241   1.4213893216429077     
         240         241   1.4537484591899048     
         231         242   1.3739805019827980     
         242         243   1.1605188379290954     
         243         244   1.6921615017900118     
         242         245   1.3501410091445418     
         244         246   1.1671353144773013     
         245         246   1.4174891621194865     
         146         247   1.2303621278163976     
         246         247   1.2810162410393289     
         247         248   1.2779955185373373     
         248         249   1.2724801938329053     
         249         250   1.5761396781515482     
         250         251   1.2638861425992791     
         248         252   1.2519048452552450     
         251         252   1.2218616768077100     
         251         253   1.3341800922330664     
         253         254   1.0513082116873023     
         254         255   1.4220633833090155     
         255         256   1.4535119699497312     
         256         257   1.4192775503768438     
         257         258  0.89040521974860687     
         258         259   1.8935187385487460     
         258         260   1.0806033597239595     
         258         261   1.8926472400022176     
         259         261  0.13456891887083597     
         257         262   1.4192700217427807     
         254         263   1.4214732604517117     
         262         263   1.4534800525877041     
         253         264   1.3747811474133809     
         264         265   1.1605347569993920     
         265         266   1.6923194429335664     
         225         267   1.2809216497736919     
         266         267   1.1668615213753273     
         264         268   1.3495292717215022     
         267         268   1.4177168406867240     
         227         269  0.99793391359345784     
         228         270  0.99820130282117037     
         230         271  0.96097539424008449     
         233         272  0.98714221834002214     
         234         273  0.98440323168831800     
         238         274  0.93766070204829532     
         240         275  0.98432540998666684     
         241         276  0.98712506687038670     
         243         277  0.99838773942495151     
         244         278  0.99898337087587352     
         249         279  0.99783364462262381     
         250         280  0.99796906707091249     
         252         281  0.96109296712963932     
         255         282  0.98730287291623109     
         256         283  0.98434856374668989     
         260         284  0.93698995339623492     
         262         285  0.98439474021384410     
         263         286  0.98698680543672868     
         265         287  0.99861868311357382     
         266         288  0.99906283209392699     
         148         289   1.2303440190670296     
         289         290   1.2779275759473481     
         290         291   1.2724300305792520     
         291         292   1.5760826993920760     
         292         293   1.2640275816237476     
         290         294   1.2518052431681965     
         293         294   1.2217466223844546     
         293         295   1.3342975001023127     
         295         296   1.0514148993176753     
         296         297   1.4220095447005510     
         297         298   1.4531576630057332     
         298         299   1.4199474624844874     
         299         300  0.88988915216723075     
         300         301   1.8892677954547408     
         300         302   1.0813929687586987     
         300         303   1.8989858926381020     
         301         303  0.13447337187233649     
         302         303  0.10123938730531960     
         299         304   1.4188105068611068     
         296         305   1.4214292429223960     
         304         305   1.4537200086543853     
         295         306   1.3745315342913869     
         306         307   1.1603392955309826     
         307         308   1.6924205646125805     
         306         309   1.3499237002494977     
         308         310   1.1669380538651328     
         309         310   1.4175029242339914     
         152         311   1.2297998838585495     
         310         311   1.2811442279227829     
         311         312   1.2780503526039648     
         312         313   1.2721941595459199     
         313         314   1.5764317972472541     
         314         315   1.2636641819552650     
         312         316   1.2520505271973066     
         315         316   1.2214554117593670     
         315         317   1.3349464652912075     
         317         318   1.0512137801759185     
         318         319   1.4221882338838381     
         319         320   1.4534394991002360     
         320         321   1.4193578030652434     
         321         322  0.89038632665385342     
         322         323   1.8941600373920890     
         322         324   1.0808688049602744     
         322         325   1.8918839009940549     
         323         325  0.13455299845618351     
         321         326   1.4192629604343627     
         318         327   1.4214419991353728     
         326         327   1.4534927851218058     
         317         328   1.3741035131681905     
         328         329   1.1606684829880574     
         329         330   1.6921856615061579     
         289         331   1.2810159685846552     
         330         331   1.1670016099564116     
         328         332   1.3499738470988965     
         331         332   1.4175381412592800     
         291         333  0.99785039027171496     
         292         334  0.99814514107151686     
         294         335  0.96099383725334631     
         297         336  0.98715785589642979     
         298         337  0.98442572380092819     
         302         338  0.93759467548482078     
         304         339  0.98429444494504537     
         305         340  0.98711178580791459     
         307         341  0.99841983360841857     
         308         342  0.99901492918276580     
         313         343  0.99788440348120111     
         314         344  0.99801140376755171     
         316         345  0.96105611838933114     
         319         346  0.98728272706703879     
         320         347  0.98431895355303789     
         324         348  0.93690183786543679     
         326         349  0.98441319038652519     
         327         350  0.98698774914616261     
         329         351  0.99856969791770989     
         330         352  0.99901595528023091     
         154         353   1.2293398677107084     
         353         354   1.2789969564894550     
         354         355   1.2719759569387408     
         355         356   1.5766742367453284     
         356         357   1.2633722314660538     
         354         358   1.2511912295991243     
         357         358   1.2227902875558547     
         357         359   1.3341491248801240     
         359         360   1.0517298499319760     
         360         361   1.4216289100840223     
         361         362   1.4533088722042034     
         362         363   1.4198769254021226     
         363         364  0.88998216291571353     
         364         365   1.8897965639967984     
         364         366   1.0810298194823453     
         364         367   1.8983576224742182     
         365         367  0.13449977067772745     
         366         367  0.10109724058136578     
         363         368   1.4189084356729205     
         360         369   1.4213981255402370     
         368         369   1.4536880041049083     
         359         370   1.3736354413938809     
         370         371   1.1587561959809936     
         371         372   1.6950970316129468     
         370         373   1.3529204008152234     
         372         374   1.1649220104751603     
         373         374   1.4124718034590438     
         158         375   1.2149967627551455     
         374         375   1.2885578865850691     
         375         376   1.2844651597845111     
         376         377   1.2687306461675891     
         377         378   1.5799156778490500     
         378         379   1.2613673792262381     
         376         380   1.2500307275459146     
         379         380   1.2215382711198124     
         379         381   1.3373797732054149     
         381         382   1.0515325295372056     
         382         383   1.4221570142182616     
         383         384   1.4534300580105204     
         384         385   1.4194679255319180     
         385         386  0.89038663127300288     
         386         387   1.8945838515067537     
         386         388   1.0812447229376809     
         386         389   1.8912888182470553     
         387         389  0.13453528522274388     
         385         390   1.4192388957167814     
         382         391   1.4211635238153413     
         390         391   1.4535974498127613     
         381         392   1.3716651491096463     
         392         393   1.1607136841785226     
         393         394   1.6920752143153530     
         353         395   1.2821517207025934     
         394         395   1.1669780928346252     
         392         396   1.3518354275318463     
         395         396   1.4163340406545115     
         355         397  0.99774063743508623     
         356         398  0.99800068193942193     
         358         399  0.96095262288387684     
         361         400  0.98718486555944152     
         362         401  0.98439804507864970     
         366         402  0.93740244664471717     
         368         403  0.98421121088074592     
         369         404  0.98707702698076916     
         371         405  0.99835285131878582     
         372         406  0.99881532435319254     
         377         407  0.99780532553585399     
         378         408  0.99800724732559298     
         380         409  0.96088804901958469     
         383         410  0.98727367229819052     
         384         411  0.98425068474814636     
         388         412  0.93669890156579305     
         390         413  0.98439087849842910     
         391         414  0.98696682521799695     
         393         415  0.99843409445608178     
         394         416  0.99888925840258125     
