   -0.02257253
    0.06132291
   -0.03583606
   -0.03264347
    0.06277250
   -0.15966647
    0.00965832
   -0.00549429
   -0.02455720
   -0.03490819
    0.06752538
   -0.19022684
    0.00718284
    0.00712989
   -0.03558973
   -0.02629956
    0.05891864
   -0.03752636
   -0.03891461
   -0.28566396
    0.06355032
    0.01685148
    0.06599646
   -0.03344397
   -0.03215695
    0.06204090
   -0.15741488
    0.00942294
   -0.00557736
   -0.02509907
   -0.03527537
    0.06763594
   -0.19026760
    0.00728457
    0.00723058
   -0.03523002
   -0.02575532
    0.06049328
   -0.03752009
   -0.04072508
    0.05825770
   -0.28793364
    0.02723540
    0.03758105
    0.02699705
    0.16315333
    0.02024899
    0.02561000
    0.02944463
    0.03495151
    0.02672935
    0.02956727
    0.02583595
    0.03530419
    0.02469303
    0.01974780
    0.01754811
    0.02284789
    0.03386598
    0.02793052
    0.16168328
    0.01946272
    0.02501553
    0.03528122
    0.03077281
    0.02581763
    0.02586320
    0.03504235
    0.03014248
    0.02529716
    0.02053541
    0.01736838
    0.02759349
   -0.02257075
    0.06132400
   -0.03583405
   -0.03263715
    0.06277176
   -0.15967229
    0.00964991
   -0.00550010
   -0.02452623
   -0.03488640
    0.06752162
   -0.19023919
    0.00718058
    0.00712030
   -0.03560556
   -0.02631559
    0.05891619
   -0.03751988
   -0.03891694
   -0.28563675
    0.06355462
    0.01685508
    0.06599215
   -0.03345430
   -0.03215673
    0.06203184
   -0.15740474
    0.00941105
   -0.00558854
   -0.02509410
   -0.03528338
    0.06764381
   -0.19024676
    0.00728995
    0.00723599
   -0.03524076
   -0.02574625
    0.06049352
   -0.03752195
   -0.04072415
    0.05826005
   -0.28793156
    0.02724079
    0.03758897
    0.02700406
    0.16315332
    0.02031151
    0.02568499
    0.02948491
    0.03495197
    0.02678411
    0.02957438
    0.02578062
    0.03529715
    0.02467043
    0.01972354
    0.01753223
    0.02286593
    0.03386906
    0.02790474
    0.16168192
    0.01946371
    0.02501831
    0.03528068
    0.03075702
    0.02585445
    0.02587754
    0.03503626
    0.03012014
    0.02531450
    0.02055298
    0.01737214
    0.02759767
   -0.02102786
   -0.02054602
   -0.02306963
   -0.01829396
   -0.02160406
   -0.01982363
   -0.02241433
   -0.01896084
   -0.02191890
   -0.01929793
   -0.02189669
   -0.01923444
   -0.02183903
   -0.01905573
   -0.02167438
   -0.01916068
   -0.02169048
   -0.01904228
   -0.02169121
   -0.01904493
   -0.02167146
   -0.01916004
   -0.02182752
   -0.01905113
   -0.02189638
   -0.01923499
   -0.02191784
   -0.01929947
   -0.02240902
   -0.01896157
   -0.02160345
   -0.01981879
   -0.02308343
   -0.01828430
   -0.02102865
   -0.02056009
    0.01439271
    0.06545630
   -0.03549914
   -0.03288491
    0.06068093
   -0.15680346
    0.01230991
   -0.00483332
   -0.02545283
   -0.03527104
    0.06771422
   -0.19014002
    0.00727199
    0.00728385
   -0.03489203
   -0.02416533
    0.05809540
   -0.03769443
   -0.03975133
   -0.28499068
    0.06338237
    0.01608713
    0.06558523
   -0.03479266
   -0.03279097
    0.06096771
   -0.15643936
    0.01204442
   -0.00488227
   -0.02537534
   -0.03512696
    0.06767436
   -0.19031192
    0.00725622
    0.00730074
   -0.03503676
   -0.02431666
    0.05813393
   -0.03773020
   -0.04024602
    0.06318582
   -0.28555223
    0.03187369
    0.02629669
    0.16182516
    0.02041136
    0.02478376
    0.03496471
    0.02567080
    0.02994298
    0.02644859
    0.02964384
    0.03457505
    0.02530410
    0.02017297
    0.01667135
    0.02200073
    0.03276875
    0.02667948
    0.16178147
    0.02068207
    0.02510113
    0.02986523
    0.02597807
    0.03447901
    0.03051350
    0.03504357
    0.02562611
    0.02499153
    0.01986816
    0.01635050
    0.02114218
    0.01516968
    0.06550812
   -0.03524470
   -0.03287629
    0.06074209
   -0.15658948
    0.01230131
   -0.00482138
   -0.02536846
   -0.03518931
    0.06770287
   -0.19019584
    0.00730647
    0.00729000
   -0.03495185
   -0.02422654
    0.05809758
   -0.03767825
   -0.03987017
   -0.28515551
    0.06335078
    0.01561832
    0.06559908
   -0.03497814
   -0.03277763
    0.06084372
   -0.15652555
    0.01226552
   -0.00481816
   -0.02533900
   -0.03511543
    0.06768458
   -0.19029273
    0.00727295
    0.00730802
   -0.03498010
   -0.02426249
    0.05805044
   -0.03774471
   -0.04007752
    0.06326081
   -0.28525200
    0.03216246
    0.02636965
    0.16182059
    0.02057067
    0.02492638
    0.03493622
    0.02569067
    0.03012249
    0.02628181
    0.02963680
    0.03447734
    0.02514783
    0.02004870
    0.01658158
    0.02176496
    0.03252084
    0.02656051
    0.16180584
    0.02066515
    0.02504649
    0.02975346
    0.02605431
    0.03443261
    0.03035698
    0.03495370
    0.02564340
    0.02503224
    0.01994772
    0.01642302
    0.02144014
    0.01575144
    0.06558963
   -0.03492159
   -0.03272443
    0.06096789
   -0.15647293
    0.01230854
   -0.00486564
   -0.02535167
   -0.03514655
    0.06774609
   -0.19016161
    0.00731098
    0.00728862
   -0.03495268
   -0.02424485
    0.05825085
   -0.03758476
   -0.03979894
   -0.28510936
    0.06339658
    0.01568880
    0.06565429
   -0.03488470
   -0.03266222
    0.06097136
   -0.15650268
    0.01234580
   -0.00484945
   -0.02534214
   -0.03511092
    0.06774051
   -0.19020477
    0.00727853
    0.00730818
   -0.03493875
   -0.02423298
    0.05821645
   -0.03763035
   -0.03984448
    0.06334159
   -0.28504329
    0.03250673
    0.02659585
    0.16188799
    0.02066656
    0.02504321
    0.03500567
    0.02572911
    0.03024067
    0.02624894
    0.02970096
    0.03451631
    0.02516409
    0.02004244
    0.01668717
    0.02182200
    0.03258003
    0.02666586
    0.16188893
    0.02070102
    0.02508917
    0.02974498
    0.02615117
    0.03451549
    0.03031364
    0.03498384
    0.02571609
    0.02513840
    0.02001790
    0.01662211
    0.02174686
    0.01594990
    0.06566036
   -0.03476972
   -0.03261216
    0.06109205
   -0.15642192
    0.01235415
   -0.00489040
   -0.02534740
   -0.03511441
    0.06777812
   -0.19013871
    0.00730570
    0.00728339
   -0.03493613
   -0.02424289
    0.05834884
   -0.03752883
   -0.03972561
   -0.28501146
    0.06342602
    0.01587598
    0.06568229
   -0.03477867
   -0.03259228
    0.06108545
   -0.15644775
    0.01237243
   -0.00488348
   -0.02534562
   -0.03510323
    0.06777740
   -0.19014944
    0.00728471
    0.00730778
   -0.03492774
   -0.02423199
    0.05833824
   -0.03754336
   -0.03972754
    0.06340579
   -0.28497280
    0.03267422
    0.02674101
    0.16194596
    0.02072038
    0.02512146
    0.03506001
    0.02575488
    0.03029799
    0.02624898
    0.02974533
    0.03455609
    0.02520673
    0.02006691
    0.01677945
    0.02191122
    0.03267637
    0.02675743
    0.16194675
    0.02072757
    0.02513164
    0.02975625
    0.02623066
    0.03455409
    0.03031060
    0.03505247
    0.02574903
    0.02520391
    0.02006227
    0.01676227
    0.02190590
    0.01587736
    0.06568357
   -0.03477538
   -0.03259244
    0.06108579
   -0.15645090
    0.01237167
   -0.00488049
   -0.02534686
   -0.03510328
    0.06777317
   -0.19015997
    0.00730345
    0.00727812
   -0.03492027
   -0.02423638
    0.05834200
   -0.03754316
   -0.03972588
   -0.28497137
    0.06340788
    0.01594978
    0.06565714
   -0.03477173
   -0.03261271
    0.06109044
   -0.15642619
    0.01235328
   -0.00488770
   -0.02534407
   -0.03510746
    0.06777924
   -0.19013468
    0.00728360
    0.00730851
   -0.03493423
   -0.02423554
    0.05834773
   -0.03752979
   -0.03972678
    0.06342445
   -0.28500920
    0.03267981
    0.02676102
    0.16194844
    0.02073294
    0.02512918
    0.03503088
    0.02575768
    0.03030713
    0.02620924
    0.02975278
    0.03456814
    0.02520593
    0.02006278
    0.01676346
    0.02190525
    0.03267368
    0.02673908
    0.16194268
    0.02071978
    0.02512381
    0.02974604
    0.02626629
    0.03453779
    0.03029733
    0.03507907
    0.02574030
    0.02520417
    0.02006969
    0.01677771
    0.02191006
    0.01568514
    0.06565276
   -0.03488067
   -0.03266274
    0.06097384
   -0.15650566
    0.01234487
   -0.00484817
   -0.02534647
   -0.03511069
    0.06773604
   -0.19021218
    0.00730773
    0.00727743
   -0.03493828
   -0.02424004
    0.05821697
   -0.03762939
   -0.03983962
   -0.28504959
    0.06334930
    0.01575517
    0.06558548
   -0.03492141
   -0.03272365
    0.06097097
   -0.15646735
    0.01231178
   -0.00487237
   -0.02535097
   -0.03515129
    0.06775041
   -0.19015259
    0.00729616
    0.00731677
   -0.03495684
   -0.02423841
    0.05824901
   -0.03758731
   -0.03980077
    0.06339654
   -0.28510974
    0.03258428
    0.02667011
    0.16189040
    0.02070210
    0.02508826
    0.03496561
    0.02572620
    0.03031250
    0.02613194
    0.02974050
    0.03452875
    0.02513603
    0.02002249
    0.01662526
    0.02175139
    0.03250541
    0.02659921
    0.16188981
    0.02065990
    0.02504062
    0.02970453
    0.02626793
    0.03450828
    0.03024025
    0.03502663
    0.02572582
    0.02516894
    0.02003272
    0.01668181
    0.02181719
    0.01562346
    0.06559904
   -0.03497599
   -0.03277413
    0.06084607
   -0.15653858
    0.01226782
   -0.00481782
   -0.02534203
   -0.03511875
    0.06768213
   -0.19029040
    0.00730706
    0.00727107
   -0.03497978
   -0.02426854
    0.05805526
   -0.03774461
   -0.04007090
   -0.28524814
    0.06326688
    0.01517152
    0.06550874
   -0.03524486
   -0.03287557
    0.06074441
   -0.15659375
    0.01230077
   -0.00481899
   -0.02536821
   -0.03518540
    0.06770394
   -0.19019844
    0.00728886
    0.00730454
   -0.03494966
   -0.02422382
    0.05810129
   -0.03768028
   -0.03987032
    0.06335156
   -0.28514587
    0.03252387
    0.02656473
    0.16181099
    0.02067022
    0.02504694
    0.03493013
    0.02566423
    0.03035416
    0.02602961
    0.02974614
    0.03445183
    0.02502535
    0.01994449
    0.01642646
    0.02144251
    0.03216269
    0.02637516
    0.16182200
    0.02057058
    0.02492803
    0.02963968
    0.02629076
    0.03446662
    0.03012295
    0.03494735
    0.02567907
    0.02515003
    0.02004786
    0.01658341
    0.02176572
    0.01608483
    0.06558352
   -0.03479425
   -0.03279237
    0.06096462
   -0.15644366
    0.01205995
   -0.00486921
   -0.02536474
   -0.03511442
    0.06766801
   -0.19031259
    0.00730504
    0.00725106
   -0.03504729
   -0.02434728
    0.05813027
   -0.03773695
   -0.04024677
   -0.28558315
    0.06318146
    0.01438573
    0.06547284
   -0.03548893
   -0.03288320
    0.06068585
   -0.15680497
    0.01232022
   -0.00482198
   -0.02545572
   -0.03525121
    0.06770876
   -0.19016296
    0.00727825
    0.00726922
   -0.03487918
   -0.02417263
    0.05810299
   -0.03769822
   -0.03975314
    0.06338314
   -0.28498671
    0.03276522
    0.02667436
    0.16178772
    0.02070131
    0.02511543
    0.03501334
    0.02568250
    0.03050440
    0.02590033
    0.02983210
    0.03449626
    0.02492655
    0.01981958
    0.01636987
    0.02112680
    0.03185557
    0.02632255
    0.16183558
    0.02039854
    0.02477122
    0.02966230
    0.02642326
    0.03457220
    0.02995636
    0.03495217
    0.02563645
    0.02530022
    0.02017242
    0.01667034
    0.02199428
