           1           2   1.3616011852691248     
           2           3   1.2457228223003050     
           3           4   1.5802228821892861     
           4           5   1.2610424230532151     
           2           6   1.2316361701750786     
           5           6   1.2167233248262141     
           5           7   1.3369045536210398     
           7           8   1.3716339284690322     
           8           9   1.1680625367929725     
           9          10   1.6790020419705141     
           8          11   1.3404129481140592     
          10          12   1.1733203706476851     
          11          12   1.4230790416733814     
          12          13   1.2705883823511730     
          13          14   1.2637856148223960     
          14          15   1.2832286046236601     
          15          16   1.5548875770822790     
          16          17   1.2747960548971016     
          17          18   1.3246127081165742     
          18          19   1.0513269096728817     
          19          20   1.4237256308643329     
          20          21   1.4381870283853972     
          21          22   1.0084816598465276     
          21          23   1.4293263651467301     
          23          24   1.4308630288897513     
          24          25   1.0085772447608863     
          19          26   1.4257391706004059     
          24          26   1.4364564891555338     
          18          27   1.3723461766697123     
          27          28   1.1552278135191372     
          28          29   1.7011529529476248     
           1          30   1.3775935689104390     
          29          30   1.1485086509018529     
          27          31   1.3619043973168021     
          30          31   1.3796738103877619     
          14          32   1.2530255747175350     
          17          32   1.2164515564861134     
           7          33   1.0505015829014750     
          33          34   1.4298097314932527     
          34          35   1.4329798262743210     
          35          36   1.0089433401002768     
          35          37   1.4343291654353498     
          37          38   1.4265864098939538     
          38          39   1.0084181149853551     
          33          40   1.4217110775621591     
          38          40   1.4402812177230637     
           1          41  0.99744987032150545     
           3          42  0.99501917842469356     
           4          43   1.0010036893543501     
           6          44  0.96320179309374310     
           9          45   1.0003483664986084     
          10          46   1.0015784758369100     
          15          47   1.0003947260584629     
          16          48  0.99994987741924302     
          20          49  0.99590620562588228     
          22          50  0.98822614393924990     
          22          51  0.99775954743568829     
          22          52  0.99844915593128591     
          23          53  0.99519687571686888     
          25          54  0.99706381971494717     
          25          55  0.99827188524844002     
          25          56  0.98836075169097548     
          26          57  0.99574004102075198     
          28          58   1.0014830605881531     
          29          59  0.99563292284573224     
          32          60  0.96271364245660784     
          34          61  0.99605079674648989     
          36          62  0.99556843962772634     
          36          63   1.0003811751961840     
          36          64  0.98730327180346067     
          37          65  0.99483058456677820     
          39          66  0.99814823612130621     
          39          67  0.98812372534016235     
          39          68  0.99792748366385509     
          40          69  0.99582402040290496     
          70          71   1.3615952623449568     
          71          72   1.2457304171232160     
          72          73   1.5802074968446080     
          73          74   1.2610546789659962     
          71          75   1.2316341783553706     
          74          75   1.2167358885822570     
          74          76   1.3368691572121549     
          76          77   1.3715782904464260     
          77          78   1.1680693080925142     
          78          79   1.6789908475990460     
          77          80   1.3404419359350883     
          79          81   1.1733244845294353     
          80          81   1.4230541826717789     
          81          82   1.2706063176478222     
          82          83   1.2637693789177900     
          83          84   1.2832401369599067     
          84          85   1.5548641902600564     
          85          86   1.2748191204715089     
          86          87   1.3245638931739367     
          87          88   1.0514515127088837     
          88          89   1.4236604719541037     
          89          90   1.4382141055739448     
          90          91   1.0084807492498085     
          90          92   1.4293094911494684     
          92          93   1.4308577938892031     
          93          94   1.0085754332307455     
          88          95   1.4256857020583729     
          93          95   1.4364725054945429     
          87          96   1.3723009741864689     
          96          97   1.1552384010433090     
          97          98   1.7011389211029020     
          70          99   1.3775965433572157     
          98          99   1.1485106099081641     
          96         100   1.3619189286102427     
          99         100   1.3796683783224062     
          83         101   1.2530309300763276     
          86         101   1.2164614324286378     
          76         102   1.0506189025067507     
         102         103   1.4297491334553467     
         103         104   1.4330048301524028     
         104         105   1.0089432146934125     
         104         106   1.4343139503981910     
         106         107   1.4265857977649479     
         107         108   1.0084141450304012     
         102         109   1.4216641944400201     
         107         109   1.4402938744059341     
          70         110  0.99744787186011974     
          72         111  0.99501856462975014     
          73         112   1.0009978766390695     
          75         113  0.96319888115438268     
          78         114   1.0003428221696964     
          79         115   1.0015803134466830     
          84         116   1.0003925216050278     
          85         117  0.99994467265503528     
          89         118  0.99591221040929556     
          91         119  0.98822868464216629     
          91         120  0.99775471405253535     
          91         121  0.99845221702539499     
          92         122  0.99519907377932160     
          94         123  0.99706271822487225     
          94         124  0.99827152950878162     
          94         125  0.98836179175402017     
          95         126  0.99574404175414277     
          97         127   1.0014766470877792     
          98         128  0.99563226285572692     
         101         129  0.96271048249868296     
         103         130  0.99605355310813160     
         105         131  0.99557391008133267     
         105         132   1.0003770107678016     
         105         133  0.98729894762397752     
         106         134  0.99483295910361558     
         108         135  0.99814631378915730     
         108         136  0.98812723457348772     
         108         137  0.99792918799616004     
         109         138  0.99582838455027523     
          13         140   1.2440164340333213     
         139         140   2.4670098894901908     
         139         141   1.3479233741594066     
          82         142   1.2440014630576817     
         140         142  0.17165403566172840     
         141         142   2.4670413618029059     
