           2           3   1.3943464134824468     
           3           4   1.1974211719064747     
           4           5   1.6428062259972451     
           5           6   1.2029031585185108     
           1           7  0.72002469065979069     
           3           7   1.2435634388271355     
           6           7   1.2489846466597232     
           6           8   1.3623764187853138     
           8           9   1.0446965165284401     
           9          10   1.4296090545412850     
          10          11   1.4481673568758242     
          11          12   1.4767169742943802     
          10          13  0.10051912431236053     
          12          13   1.4767478507011862     
           9          14   1.4289865850098631     
          11          14  0.10052672336513230     
          13          14   1.4481176042232182     
           8          15   1.3686398618953692     
          15          16   1.2079768083205473     
          16          17   1.6316244708838226     
           1          18  0.71790594296135979     
          15          18   1.2389878909010446     
          17          19   1.2193862979621868     
          18          19   1.2679850601702258     
          19          20   1.3108866987969070     
          20          21   1.3133223821330788     
          21          22   1.2189125325976142     
          22          23   1.6305668510353730     
          23          24   1.2087138751404425     
           1          25  0.71820752826461576     
          21          25   1.2653414011672677     
          24          25   1.2411885403882814     
          24          26   1.3662893728453700     
          26          27   1.0531576084510075     
          27          28   1.4257831138383490     
          28          29   1.4490893406143035     
          29          30   1.4763181361116764     
          30          31   1.4761329516894326     
          27          32   1.4257317555865849     
          29          32  0.10001521170153987     
          31          32   1.4490521145886994     
          26          33   1.3595910685356176     
          33          34   1.2042894943742755     
          34          35   1.6399425211630243     
           2          36   1.3900836614682579     
          35          36   1.1990060078580984     
           1          37  0.71861000880923809     
          33          37   1.2492112985250201     
          36          37   1.2449144640741927     
           2          38  0.99832316588773329     
           4          39  0.99545660692451421     
           5          40  0.99944781649995962     
          10          41  0.98993547009369787     
          11          42  0.98464785677662037     
          13          43  0.98475609012399756     
          14          44  0.98968180563774122     
          16          45  0.99870850219392726     
          17          46  0.99970833186554642     
          22          47  0.99958210982715168     
          23          48  0.99820271209433820     
          28          49  0.99022794243684742     
          29          50  0.98477722802133139     
          31          51  0.98431036456267273     
          32          52  0.98941984273040484     
          34          53  0.99926595328627454     
          35          54  0.99539720964829836     
          56          57   1.3943456302307164     
          57          58   1.1974232831853269     
          58          59   1.6428051942322144     
          59          60   1.2029025283324146     
          55          61  0.72002400952465762     
          57          61   1.2435624763386162     
          60          61   1.2489854463622894     
          60          62   1.3623760955702595     
          62          63   1.0446964590721310     
          63          64   1.4296098676050160     
          64          65   1.4481657368925640     
          65          66   1.4767185555725157     
          64          67  0.10051940187975612     
          66          67   1.4767446147547929     
          63          68   1.4289850867795282     
          65          68  0.10052614030691003     
          67          68   1.4481203032674126     
          62          69   1.3686400610880642     
          69          70   1.2079773176745741     
          70          71   1.6316237498911603     
          55          72  0.71790491280676660     
          69          72   1.2389876057305185     
          71          73   1.2193868459956334     
          72          73   1.2679849938866439     
          73          74   1.3108865104236940     
          74          75   1.3133224929584697     
          75          76   1.2189124796500568     
          76          77   1.6305668847177204     
          77          78   1.2087138630969616     
          55          79  0.71820681338448666     
          75          79   1.2653410011496931     
          78          79   1.2411890232041700     
          78          80   1.3662887189601303     
          80          81   1.0531575630455314     
          81          82   1.4257830548416996     
          82          83   1.4490895756050108     
          83          84   1.4763178179316585     
          84          85   1.4761326648591533     
          81          86   1.4257315672232256     
          83          86  0.10001515193663373     
          85          86   1.4490523728254667     
          80          87   1.3595919132808447     
          87          88   1.2042896006270589     
          88          89   1.6399437132953676     
          56          90   1.3900841845321592     
          89          90   1.1990039197391329     
          55          91  0.71860955001213822     
          87          91   1.2492105094074579     
          90          91   1.2449154807494935     
          56          92  0.99832323099554987     
          58          93  0.99545667076263955     
          59          94  0.99944768766907255     
          64          95  0.98993571743527342     
          65          96  0.98464918113340205     
          67          97  0.98475647969032920     
          68          98  0.98968215922377478     
          70          99  0.99870845878099790     
          71         100  0.99970822012039917     
          76         101  0.99958212506042754     
          77         102  0.99820273330746756     
          82         103  0.99022791667447063     
          83         104  0.98477739515715457     
          85         105  0.98431056652297122     
          86         106  0.98941988643634726     
          88         107  0.99926611661944653     
          89         108  0.99539725365075649     
          20         109   1.1931798250753116     
          74         110   1.1931799302520132     
         109         110   2.6459111690736363     
