   -0.02676463
    0.06091229
   -0.03764427
   -0.03530272
    0.06015767
   -0.16023189
    0.00656935
    0.01582084
   -0.01582343
   -0.01155740
    0.01495370
    0.11183968
   -0.26922727
   -0.01246529
   -0.01751548
    0.05717432
   -0.03931555
   -0.03879546
   -0.28695213
    0.06405888
    0.01410855
    0.06515459
   -0.03554841
   -0.03565469
    0.05948952
   -0.15747226
    0.00497206
    0.01552353
   -0.01670895
   -0.01227207
    0.01455567
    0.11158868
   -0.26988394
   -0.01221870
   -0.01715869
    0.05886148
   -0.03931938
   -0.04083929
    0.05810828
   -0.29070781
    0.02570830
    0.03698913
    0.02870277
    0.16314457
    0.03206586
    0.04158854
    0.04036992
    0.03133596
    0.02047630
    0.02442843
    0.03355383
    0.02924724
    0.16162893
    0.03065038
    0.04028265
    0.04092346
    0.03199322
    0.01972580
    0.02773102
   -0.02689349
    0.06091658
   -0.03768035
   -0.03529392
    0.06008593
   -0.16028688
    0.00664795
    0.01584687
   -0.01581090
   -0.01153530
    0.01495300
    0.11183608
   -0.26923700
   -0.01247735
   -0.01751297
    0.05708397
   -0.03938151
   -0.03885822
   -0.28693858
    0.06407664
    0.01397962
    0.06513146
   -0.03559778
   -0.03569668
    0.05943772
   -0.15752379
    0.00497517
    0.01555184
   -0.01672626
   -0.01231025
    0.01455466
    0.11157800
   -0.26991742
   -0.01217900
   -0.01712246
    0.05878544
   -0.03935979
   -0.04089765
    0.05808215
   -0.29074939
    0.02561046
    0.03693815
    0.02868066
    0.16313070
    0.03206794
    0.04163145
    0.04032350
    0.03132246
    0.02041245
    0.02438521
    0.03345601
    0.02919015
    0.16161284
    0.03059362
    0.04019152
    0.04101202
    0.03205949
    0.01966644
    0.02765591
   -0.02057743
   -0.02222928
   -0.01918818
   -0.01797166
   -0.02054691
   -0.01644091
   -0.02468709
   -0.01787967
   -0.01810017
   -0.02472114
   -0.01667124
   -0.02064703
   -0.01817715
   -0.01931946
   -0.02239154
   -0.02073015
    0.01060360
    0.06501254
   -0.03753813
   -0.03587865
    0.05764262
   -0.15729035
    0.00870729
    0.01649876
   -0.01673790
   -0.01216878
    0.01482369
    0.11176147
   -0.27025706
   -0.01172300
   -0.01565454
    0.05582879
   -0.03980123
   -0.04045576
   -0.28738522
    0.06351192
    0.01063716
    0.06498604
   -0.03752183
   -0.03590978
    0.05766856
   -0.15729191
    0.00864546
    0.01648663
   -0.01669853
   -0.01211158
    0.01482438
    0.11176673
   -0.27024093
   -0.01178328
   -0.01569520
    0.05584040
   -0.03977112
   -0.04047048
    0.06346460
   -0.28743725
    0.03148132
    0.02775753
    0.16172183
    0.03184266
    0.04029886
    0.04067918
    0.03150311
    0.01891864
    0.02224949
    0.03146795
    0.02774615
    0.16171264
    0.03193540
    0.04045486
    0.04054284
    0.03141945
    0.01892943
    0.02221634
