           2           3   1.3953230360679729     
           3           4   1.2055282430821730     
           4           5   1.6321660163475884     
           5           6   1.2180736146157640     
           1           7  0.70560956348609505     
           3           7   1.2410831645725777     
           6           7   1.2786775530636825     
           6           8   1.3097970983315759     
           8           9   1.1832065281348461     
           9          10   2.6622354541777842     
          10          11   1.1536482933678418     
          11          12   1.3732872856980578     
          12          13   1.4631875813560846     
          13          14   1.4687446052659769     
          14          15   1.4687752232122475     
          11          16   1.3730146966819814     
          15          16   1.4634028484655557     
           8          17   1.3152461554412198     
          17          18   1.2241879376492049     
          18          19   1.6202680031960721     
           1          20  0.70562454138942643     
          17          20   1.2652600671214389     
          19          21   1.2263880454588452     
          20          21   1.2621641568668338     
          21          22   1.3093485430232865     
          22          23   1.3096258884936727     
          23          24   1.2264754035245571     
          24          25   1.6202151359210322     
          25          26   1.2241504135226982     
           1          27  0.70563314726557436     
          23          27   1.2621289174774317     
          26          27   1.2652295877277600     
          26          28   1.3151480288779260     
          28          29   1.1831843620137443     
          29          30   2.6622888191665974     
          30          31   1.1536118429508340     
          31          32   1.3730475433529477     
          32          33   1.4633276457021478     
          33          34   1.4685924368205703     
          34          35   1.4689932134079555     
          31          36   1.3732937699810490     
          35          36   1.4632038967396499     
          28          37   1.3098811397468271     
          37          38   1.2180742784448098     
          38          39   1.6322264707685235     
           2          40   1.3954837524711445     
          39          40   1.2054535279575438     
           1          41  0.70565104459916472     
          37          41   1.2787565897994859     
          40          41   1.2409491919948705     
           2          42  0.99581971370890121     
           4          43  0.99232829251133359     
           5          44  0.99922960142598316     
          12          45  0.98798747179766910     
          13          46  0.98197306698373865     
          15          47  0.98217587782329352     
          16          48  0.98831175728360865     
          18          49  0.99851269586154556     
          19          50  0.99751923469641546     
          24          51  0.99742467751201191     
          25          52  0.99856778641452537     
          32          53  0.98806012732312753     
          33          54  0.98192394169475405     
          35          55  0.98219712988153218     
          36          56  0.98823908164383945     
          38          57  0.99918045667394428     
          39          58  0.99233669593608109     
          60          61   1.3951191674980885     
          61          62   1.2053123736263820     
          62          63   1.6324460765616959     
          63          64   1.2179685160327685     
          59          65  0.70538778808716696     
          61          65   1.2416302161637529     
          64          65   1.2779865688670815     
          64          66   1.3108467204251533     
          66          67   1.1828790829818554     
          67          68   2.6628240200025055     
          68          69   1.1534163964653652     
          69          70   1.3731520043029299     
          70          71   1.4632815599294140     
          71          72   1.4686390900199804     
          72          73   1.4691958645232677     
          69          74   1.3736004420608428     
          73          74   1.4630268432169362     
          66          75   1.3151597549686227     
          75          76   1.2244946500943712     
          76          77   1.6197745970229733     
          59          78  0.70576190754987544     
          75          78   1.2646307002907671     
          77          79   1.2267600626912065     
          78          79   1.2628970083740556     
          79          80   1.3082768369933788     
          80          81   1.3085433478283595     
          81          82   1.2267230785082368     
          82          83   1.6198066542501073     
          83          84   1.2244477567303829     
          59          85  0.70545859629139474     
          81          85   1.2629757274812794     
          84          85   1.2646309409680556     
          84          86   1.3155734147580724     
          86          87   1.1829446670912211     
          87          88   2.6627279252188636     
          88          89   1.1534807394709181     
          89          90   1.3735715470053986     
          90          91   1.4630318381464338     
          91          92   1.4689199142243323     
          92          93   1.4687909613970815     
          89          94   1.3730885608609971     
          93          94   1.4633827762202838     
          86          95   1.3103566071870707     
          95          96   1.2179766637404605     
          96          97   1.6324197379732359     
          60          98   1.3952325490575690     
          97          98   1.2053276235142092     
          59          99  0.70565906161176584     
          95          99   1.2780913132991536     
          98          99   1.2414989788688584     
          60         100  0.99579638884859201     
          62         101  0.99234503368533478     
          63         102  0.99915335436670638     
          70         103  0.98807845311577835     
          71         104  0.98188608609311501     
          73         105  0.98219684494444870     
          74         106  0.98819237434436813     
          76         107  0.99858823264005436     
          77         108  0.99748498802015395     
          82         109  0.99749742958222554     
          83         110  0.99849310041965422     
          90         111  0.98793898069185193     
          91         112  0.98198200032390393     
          93         113  0.98215211259276558     
          94         114  0.98834340157807599     
          96         115  0.99928900218915218     
          97         116  0.99232554355179914     
          22         117   1.2058026177625101     
         117         118   2.4836262199902657     
         118         119   1.3523069387759872     
         117         120  0.17075429308133719     
         119         120   2.3591346420596424     
         120         121   1.3821195581435828     
         119         122  0.16431496735468351     
         121         122   2.3558585953326685     
         122         123   1.3564110486048251     
         121         124  0.16906820617552440     
         123         124   2.4729963936738599     
         125         126   2.4582553382737373     
         126         127   1.3677511338540189     
         125         128  0.16589974101326396     
         127         128   2.3376105686268005     
         128         129   1.3957247170424305     
         127         130  0.16016300835721309     
         129         130   2.3375711460881048     
         130         131   1.3678287341917297     
         129         132  0.16587681004269578     
         131         132   2.4580767421841352     
         133         134   2.4713965053021663     
         134         135   1.3574921818028591     
         133         136  0.16871847836537429     
         135         136   2.3541629205624131     
         136         137   1.3832344437277124     
         135         138  0.16387384167871891     
         137         138   2.3573903573653445     
         138         139   1.3534301952577856     
          80         140   1.2071159679623553     
         137         140  0.17025022005058701     
         139         140   2.4817099719030811     
         124         142   1.2145517401250214     
         142         143   1.2981346287165867     
         143         144   1.2276220929143811     
         144         145   1.6167383287053760     
         145         146   1.2269807200090523     
         141         147  0.70541287680978837     
         143         147   1.2707965977463649     
         146         147   1.2571355267922046     
         146         148   1.3178339463311139     
         148         149   1.1817363942073138     
         149         150   2.6679836164387432     
         150         151   1.1511380742043416     
         151         152   1.3758484461397251     
         152         153   1.4615982706988526     
         153         154   1.4704254619513542     
         154         155   1.4705091318930985     
         151         156   1.3758765074291235     
         155         156   1.4615684123474304     
         148         157   1.3156768597534603     
         157         158   1.2287516181722937     
         158         159   1.6133136635991712     
         141         160  0.70594811002372448     
         157         160   1.2563968399879837     
         159         161   1.2305736740246827     
         160         161   1.2731835254579327     
         125         162   1.2252098799763236     
         161         162   1.2923177292551229     
         162         163   1.2930268603527759     
         163         164   1.2304522895468450     
         164         165   1.6130327618582230     
         165         166   1.2292178056804768     
         141         167  0.70604497425159896     
         163         167   1.2721452421066681     
         166         167   1.2574886210780192     
         166         168   1.3141791947732784     
         168         169   1.1822127933138014     
         169         170   2.6676004273706937     
         170         171   1.1513868222511918     
         171         172   1.3758315124964435     
         172         173   1.4615703044497617     
         173         174   1.4705349731053141     
         174         175   1.4703302261036013     
         171         176   1.3756327980868950     
         175         176   1.4616743638896008     
         168         177   1.3186595803418810     
         177         178   1.2266157610413955     
         178         179   1.6168413369446140     
         142         180   1.2978509186171916     
         179         180   1.2277030708938006     
         141         181  0.70519994152610954     
         177         181   1.2565635774014492     
         180         181   1.2714462748806632     
         144         182  0.99767373055628783     
         145         183  0.99873415032848833     
         152         184  0.98768847723602471     
         153         185  0.98176528470423940     
         155         186  0.98185113284761794     
         156         187  0.98783586077852537     
         158         188  0.99856479845364154     
         159         189  0.99771000787443287     
         164         190  0.99773163194673109     
         165         191  0.99860863797575039     
         172         192  0.98779353502306544     
         173         193  0.98187208715250285     
         175         194  0.98175287485226204     
         176         195  0.98779547212086904     
         178         196  0.99864655022573112     
         179         197  0.99763891440247077     
         132         199   1.2253999699175628     
         199         200   1.2925008341439721     
         200         201   1.2305434235302828     
         201         202   1.6129974773802835     
         202         203   1.2292262280841382     
         198         204  0.70613208682834705     
         200         204   1.2725462100788318     
         203         204   1.2570235802428515     
         203         205   1.3144920034512968     
         205         206   1.1820272085258177     
         206         207   2.6678478068071385     
         207         208   1.1512360553958683     
         208         209   1.3759281344028185     
         209         210   1.4615498384245011     
         210         211   1.4705647951416660     
         211         212   1.4703648836777714     
         208         213   1.3757417493745663     
         212         213   1.4616290950227926     
         205         214   1.3186107620019600     
         214         215   1.2268139883553173     
         215         216   1.6164370986548096     
         198         217  0.70552674916965230     
         214         217   1.2562080586344015     
         216         218   1.2279571918354408     
         217         218   1.2718033987743445     
         133         219   1.2158133558866255     
         218         219   1.2969208870226672     
         219         220   1.2972575929412149     
         220         221   1.2279229214611602     
         221         222   1.6161869966584066     
         222         223   1.2271985027152297     
         198         224  0.70546154508424719     
         220         224   1.2711706398241089     
         223         224   1.2569552250662031     
         223         225   1.3176408946288460     
         225         226   1.1822957797690463     
         226         227   2.6676267055384226     
         227         228   1.1513713780048822     
         228         229   1.3755967079596911     
         229         230   1.4617008010240113     
         230         231   1.4702980411392512     
         231         232   1.4706051160844629     
         228         233   1.3759403152932508     
         232         233   1.4615053469924804     
         225         234   1.3151343260216009     
         234         235   1.2288965643660146     
         235         236   1.6131929064370525     
         199         237   1.2923024562352563     
         236         237   1.2305349517842821     
         198         238  0.70610452266765522     
         234         238   1.2565634843055269     
         237         238   1.2730337622615682     
         201         239  0.99774562708083259     
         202         240  0.99871596241060334     
         209         241  0.98773354883757047     
         210         242  0.98187425994286959     
         212         243  0.98175413640709486     
         213         244  0.98782468875248552     
         215         245  0.99858393100949072     
         216         246  0.99764873550857813     
         221         247  0.99769577679461474     
         222         248  0.99858164951857731     
         229         249  0.98782812309132140     
         230         250  0.98174804930877957     
         232         251  0.98187805638532499     
         233         252  0.98775606133161586     
         235         253  0.99868293893371252     
         236         254  0.99773674773324561     
