   -0.05922879
   -0.01093180
    0.06482378
   -0.03519775
   -0.03534933
    0.07033941
   -0.16682370
    0.02434086
   -0.01728456
   -0.02681927
    0.02979012
   -0.01614198
    0.05412923
   -0.25837225
    0.05366529
   -0.01685971
    0.06922915
   -0.03441064
   -0.03391477
   -0.16517907
    0.07003700
    0.02781008
    0.07005413
   -0.03390547
   -0.03441152
    0.06918212
   -0.16522568
    0.02437657
   -0.01728453
   -0.02676338
    0.02979285
   -0.01620430
    0.05416198
   -0.25832038
    0.05367406
   -0.01676750
    0.07041638
   -0.03527998
   -0.03517029
    0.06483062
   -0.16676592
    0.03315633
    0.03553141
    0.03066728
    0.03741621
    0.03403946
    0.03293349
    0.03600616
    0.03145184
    0.03211516
    0.03221575
    0.03146861
    0.03753746
    0.03408530
    0.03296484
    0.03591665
    0.03076074
    0.03556202
   -0.05908682
   -0.01095306
    0.06477625
   -0.03521863
   -0.03532707
    0.07038103
   -0.16672051
    0.02441609
   -0.01727533
   -0.02672863
    0.02979788
   -0.01617310
    0.05417925
   -0.25829474
    0.05368014
   -0.01677568
    0.06911923
   -0.03441007
   -0.03393643
   -0.16512583
    0.07011933
    0.02775145
    0.07001904
   -0.03397076
   -0.03444468
    0.06915462
   -0.16515028
    0.02433134
   -0.01727476
   -0.02683497
    0.02979381
   -0.01617158
    0.05411523
   -0.25839491
    0.05365931
   -0.01683960
    0.07032254
   -0.03539232
   -0.03523750
    0.06476728
   -0.16674472
    0.03313123
    0.03552884
    0.03072653
    0.03754356
    0.03412115
    0.03296513
    0.03592707
    0.03146739
    0.03223892
    0.03204446
    0.03141169
    0.03742029
    0.03400297
    0.03292623
    0.03598925
    0.03063855
    0.03549947
   -0.00981458
   -0.01433766
   -0.00866465
   -0.00973275
   -0.00995167
   -0.00817796
   -0.01428048
   -0.00932347
   -0.00984797
   -0.01428595
   -0.00867357
   -0.00996760
   -0.00997680
   -0.00866250
   -0.01429473
   -0.00983996
   -0.00940620
   -0.01432067
   -0.00827856
   -0.01002165
   -0.00982071
   -0.00874817
   -0.01439733
   -0.00985686
   -0.05602327
    0.02786206
    0.07000854
   -0.03416531
   -0.03426475
    0.06912838
   -0.16383859
    0.02678054
   -0.01684833
   -0.02527684
    0.02995778
   -0.01603105
    0.05426083
   -0.25778272
    0.05415432
   -0.01614469
    0.06899500
   -0.03404837
   -0.03402270
   -0.16376029
    0.07043332
    0.02784224
    0.07043461
   -0.03401911
   -0.03404610
    0.06900448
   -0.16374489
    0.02677701
   -0.01685563
   -0.02528686
    0.02995522
   -0.01615251
    0.05415292
   -0.25778687
    0.05425763
   -0.01602350
    0.06912475
   -0.03425921
   -0.03415725
    0.06999677
   -0.16385109
    0.03202842
    0.03166666
    0.03742180
    0.03411707
    0.03384998
    0.03720740
    0.03186316
    0.03228322
    0.03229041
    0.03186329
    0.03720345
    0.03384626
    0.03411552
    0.03741838
    0.03167267
    0.03201840
   -0.05581556
    0.02783950
    0.07038618
   -0.03405081
   -0.03406826
    0.06900585
   -0.16369619
    0.02682609
   -0.01686135
   -0.02524758
    0.02995472
   -0.01614735
    0.05416330
   -0.25778089
    0.05425662
   -0.01602706
    0.06909940
   -0.03425567
   -0.03413058
   -0.16377449
    0.07003517
    0.02783117
    0.07005685
   -0.03422135
   -0.03424631
    0.06902438
   -0.16379581
    0.02679015
   -0.01686100
   -0.02529424
    0.02995400
   -0.01602805
    0.05425724
   -0.25778543
    0.05415529
   -0.01614738
    0.06894852
   -0.03408139
   -0.03404671
    0.07037620
   -0.16370304
    0.03229074
    0.03185983
    0.03721411
    0.03386063
    0.03411009
    0.03742669
    0.03170684
    0.03203267
    0.03201881
    0.03165870
    0.03741058
    0.03411254
    0.03385155
    0.03720434
    0.03184002
    0.03223599
