           2           3   1.3954110309472425     
           3           4   1.2058700708737811     
           4           5   1.6310533106208320     
           5           6   1.2197056254614724     
           1           7  0.86362554980691830     
           3           7   1.2181752894032782     
           6           7   1.2445405400206477     
           6           8   1.3167417965519017     
           8           9   1.1774397572963760     
           9          10   2.6707119176678704     
          10          11   1.1505849216623338     
          11          12   1.3761297817572005     
          12          13   1.4615440729825475     
          13          14   1.4705880661562651     
          14          15   1.4709033903803783     
          11          16   1.3763691132867719     
          15          16   1.4614700754206835     
           8          17   1.3216679382670860     
          17          18   1.2258194356714089     
          18          19   1.6187150690470111     
           1          20  0.85873558511859027     
          17          20   1.2333321877305401     
          19          21   1.2275718522297063     
          20          21   1.2390088976197002     
          21          22   1.3078896263560580     
          22          23   1.3073376240453418     
          23          24   1.2277500724253747     
          24          25   1.6184981887345957     
          25          26   1.2259710954963152     
           1          27  0.85840369166570341     
          23          27   1.2391763063866568     
          26          27   1.2331429317785898     
          26          28   1.3219305663180319     
          28          29   1.1774217653196810     
          29          30   2.6707333100652364     
          30          31   1.1505543799816211     
          31          32   1.3765519424236730     
          32          33   1.4612815510512660     
          33          34   1.4708821698392245     
          34          35   1.4706519835349048     
          31          36   1.3759698826951832     
          35          36   1.4616921270674883     
          28          37   1.3164478380367619     
          37          38   1.2196005639467249     
          38          39   1.6312138856513254     
           2          40   1.3959237431490064     
          39          40   1.2057209946896994     
           1          41  0.86406629173599325     
          37          41   1.2446811734592331     
          40          41   1.2179203114284085     
           2          42  0.99512880107923130     
           4          43  0.99197331971605096     
           5          44  0.99888023167365281     
          12          45  0.98780722506668439     
          13          46  0.98161611181961339     
          15          47  0.98186834953208468     
          16          48  0.98794719391549035     
          18          49  0.99835842074653713     
          19          50  0.99716572834076178     
          24          51  0.99718279631429618     
          25          52  0.99819596203007532     
          32          53  0.98764967743725174     
          33          54  0.98165578529257480     
          35          55  0.98180924530611025     
          36          56  0.98809654279274706     
          38          57  0.99901885974865967     
          39          58  0.99194367611601986     
          60          61   1.3957860817455601     
          61          62   1.2057896637035224     
          62          63   1.6311491670486615     
          63          64   1.2196333476270578     
          59          65  0.86416567546766787     
          61          65   1.2178483656054278     
          64          65   1.2448803245135567     
          64          66   1.3161796546811524     
          66          67   1.1774229839718031     
          67          68   2.6707507178573322     
          68          69   1.1505233061041029     
          69          70   1.3765055986485868     
          70          71   1.4612955187052332     
          71          72   1.4708547079067924     
          72          73   1.4707034133931509     
          69          74   1.3760476132011521     
          73          74   1.4616435780494541     
          66          75   1.3222421011125640     
          75          76   1.2259898793026014     
          76          77   1.6184392067362880     
          59          78  0.85869343754009075     
          75          78   1.2327421264926910     
          77          79   1.2278366465218780     
          78          79   1.2397090346307011     
          79          80   1.3059207882874251     
          80          81   1.3071938300100430     
          81          82   1.2276492032021393     
          82          83   1.6186456373154616     
          83          84   1.2257877364892946     
          59          85  0.85871972039751221     
          81          85   1.2395488810127442     
          84          85   1.2329617673580013     
          84          86   1.3220853050927681     
          86          87   1.1774689012983837     
          87          88   2.6707034039887083     
          88          89   1.1505733225997246     
          89          90   1.3762028798182198     
          90          91   1.4615062878853418     
          91          92   1.4706305631154653     
          92          93   1.4708448436478503     
          89          94   1.3763009927503482     
          93          94   1.4615091111013179     
          86          95   1.3163003997285589     
          95          96   1.2197334313579105     
          96          97   1.6310269703629383     
          60          98   1.3954773289530404     
          97          98   1.2058804565574797     
          59          99  0.86412276552300959     
          95          99   1.2447551024356260     
          98          99   1.2179212639434018     
          60         100  0.99513216418422812     
          62         101  0.99195531807648274     
          63         102  0.99899964554595611     
          70         103  0.98765732859116173     
          71         104  0.98164148311443034     
          73         105  0.98181565497075785     
          74         106  0.98807131154921268     
          76         107  0.99819028211042482     
          77         108  0.99725172454209543     
          82         109  0.99713426779310810     
          83         110  0.99833275443819824     
          90         111  0.98777103909688624     
          91         112  0.98163601152248803     
          93         113  0.98185997010134352     
          94         114  0.98797527387363804     
          96         115  0.99892442689300565     
          97         116  0.99197832645988215     
          22         117   1.2059421335796645     
         117         118   2.4812770464110674     
         118         119   1.3548951153292617     
         117         120  0.17251499513577606     
         119         120   2.3569335934666515     
         120         121   1.3843389795114494     
         119         122  0.16657157974861797     
         121         122   2.3555098349311456     
         122         123   1.3568637298488229     
         121         124  0.17232092975156874     
         123         124   2.4766582512439119     
         125         126   2.4631855363624271     
         126         127   1.3683093146358691     
         125         128  0.17315304418617455     
         127         128   2.3388322727754289     
         128         129   1.3974744183751959     
         127         130  0.16705775585611782     
         129         130   2.3387681552735562     
         130         131   1.3683910557420638     
         129         132  0.17314082146653947     
         131         132   2.4629589658540998     
         133         134   2.4734986528324887     
         134         135   1.3593699241042778     
         133         136  0.17253680762205262     
         135         136   2.3520385385011897     
         136         137   1.3869646168174348     
         135         138  0.16674442027119674     
         137         138   2.3535752021359095     
         138         139   1.3572465177318598     
          80         140   1.2078017497353832     
         137         140  0.17270893717286415     
         139         140   2.4784482845368938     
         124         142   1.2110772013940305     
         142         143   1.3022696658533048     
         143         144   1.2294441863789369     
         144         145   1.6149315078910247     
         145         146   1.2283500712137656     
         141         147  0.86382647158572479     
         143         147   1.2384580374336964     
         146         147   1.2337916798155417     
         146         148   1.3146140705972340     
         148         149   1.1798656140434773     
         149         150   2.6693224985141693     
         150         151   1.1506233511288262     
         151         152   1.3762936393549425     
         152         153   1.4610856604642264     
         153         154   1.4709832860520373     
         154         155   1.4709973181509097     
         151         156   1.3762802590769843     
         155         156   1.4611024044296979     
         148         157   1.3179693210741366     
         157         158   1.2280117766238847     
         158         159   1.6150193388434428     
         141         160  0.86282489895963854     
         157         160   1.2309850596462493     
         159         161   1.2296271300217168     
         160         161   1.2421595810721264     
         125         162   1.2196405296218860     
         161         162   1.2977098783131955     
         162         163   1.2978294049337418     
         163         164   1.2296083383371732     
         164         165   1.6149906443323365     
         165         166   1.2280909353502485     
         141         167  0.86290597926301138     
         163         167   1.2419574831642080     
         166         167   1.2311811581586969     
         166         168   1.3176911418367037     
         168         169   1.1798666565866380     
         169         170   2.6693537809047090     
         170         171   1.1506434374551751     
         171         172   1.3763050817341544     
         172         173   1.4610963462732245     
         173         174   1.4710117963086311     
         174         175   1.4709603496026153     
         171         176   1.3762422152806377     
         175         176   1.4611109771700990     
         168         177   1.3148594028059279     
         177         178   1.2282536553748218     
         178         179   1.6149863788164833     
         142         180   1.3021629560232464     
         179         180   1.2294018094145645     
         141         181  0.86387750803896113     
         177         181   1.2335825207510207     
         180         181   1.2386454187419265     
         144         182  0.99720089756690888     
         145         183  0.99834517845516491     
         152         184  0.98765320883552588     
         153         185  0.98161223073390291     
         155         186  0.98166503961681684     
         156         187  0.98773662454151701     
         158         188  0.99823030933360279     
         159         189  0.99721896352687656     
         164         190  0.99722093469209627     
         165         191  0.99828975949111642     
         172         192  0.98770879245146959     
         173         193  0.98167347611477951     
         175         194  0.98160398622998268     
         176         195  0.98769941139696260     
         178         196  0.99829691896103379     
         179         197  0.99718029423328913     
         132         199   1.2199094271050661     
         199         200   1.2969202553523766     
         200         201   1.2298916711092915     
         201         202   1.6146884028055548     
         202         203   1.2280854562881625     
         198         204  0.86328236477423204     
         200         204   1.2426121164030561     
         203         204   1.2304919260823286     
         203         205   1.3176847184697806     
         205         206   1.1802855325260331     
         206         207   2.6689096015788891     
         207         208   1.1506808011464211     
         208         209   1.3762791941021295     
         209         210   1.4610684659701332     
         210         211   1.4710056985685718     
         211         212   1.4709295543303356     
         208         213   1.3761983468642058     
         212         213   1.4611033346255125     
         205         214   1.3139204502869755     
         214         215   1.2286025277523214     
         215         216   1.6146574356345074     
         198         217  0.86432226857310712     
         214         217   1.2341252161590743     
         216         218   1.2292660717840178     
         217         218   1.2381254031124471     
         133         219   1.2132519879379351     
         218         219   1.3015702203497024     
         219         220   1.3001755294338397     
         220         221   1.2299226827349365     
         221         222   1.6146462319852206     
         222         223   1.2282104825128117     
         198         224  0.86397829315104413     
         220         224   1.2401343519986197     
         223         224   1.2321297957659783     
         223         225   1.3158020951880731     
         225         226   1.1799382984489100     
         226         227   2.6693353534455126     
         227         228   1.1506395557655298     
         228         229   1.3762616445393934     
         229         230   1.4610983918079699     
         230         231   1.4709680997017913     
         231         232   1.4710150934179402     
         228         233   1.3762923073424920     
         232         233   1.4610848504846623     
         225         234   1.3165182126764128     
         234         235   1.2284673932511299     
         235         236   1.6146831778116215     
         199         237   1.2980277008367991     
         236         237   1.2297013711132905     
         198         238  0.86337766976478025     
         234         238   1.2318984555409054     
         237         238   1.2410348900739840     
         201         239  0.99722669165858280     
         202         240  0.99829926627616095     
         209         241  0.98766004543307806     
         210         242  0.98167361731058111     
         212         243  0.98160399080068539     
         213         244  0.98769378870665925     
         215         245  0.99816448516662015     
         216         246  0.99722315385756211     
         221         247  0.99717197387696321     
         222         248  0.99836787646775760     
         229         249  0.98768501839381995     
         230         250  0.98160991840809475     
         232         251  0.98166859302410647     
         233         252  0.98772802495222445     
         235         253  0.99826565835168124     
         236         254  0.99723359928222710     
