   -0.02894702
    0.05941848
   -0.04005854
   -0.03562053
    0.06039088
   -0.16165476
    0.00733405
    0.00376144
   -0.03872295
    0.03023901
   -0.23953046
    0.03619007
   -0.05811756
    0.05796138
   -0.03828581
   -0.03915036
   -0.28892364
    0.06290705
    0.01383813
    0.06471697
   -0.03551644
   -0.03428948
    0.06019825
   -0.15901939
    0.00679629
    0.00312914
   -0.03745744
    0.03027171
   -0.24005619
    0.03580374
   -0.05898222
    0.05825070
   -0.03966927
   -0.04365706
    0.05651839
   -0.29184361
    0.02098689
    0.03211617
    0.02401264
    0.16121382
    0.02016791
    0.02457871
    0.01815440
    0.16666128
    0.04006286
    0.01331421
    0.01618076
    0.02047441
    0.02981786
    0.02505202
    0.15949405
    0.01977312
    0.02519634
    0.01788292
    0.16655193
    0.03981697
    0.01381024
    0.01492443
    0.02259751
   -0.02886633
    0.05939979
   -0.04006738
   -0.03566161
    0.06043979
   -0.16162212
    0.00724716
    0.00374271
   -0.03880934
    0.03021987
   -0.23956233
    0.03621387
   -0.05808275
    0.05805344
   -0.03819959
   -0.03907440
   -0.28893917
    0.06292967
    0.01386235
    0.06471702
   -0.03554084
   -0.03429913
    0.06021631
   -0.15903391
    0.00676240
    0.00311370
   -0.03741205
    0.03030730
   -0.24000024
    0.03580446
   -0.05910037
    0.05830678
   -0.03964704
   -0.04361547
    0.05653315
   -0.29181488
    0.02104259
    0.03213407
    0.02404082
    0.16121721
    0.02005092
    0.02459634
    0.01805375
    0.16665887
    0.04015487
    0.01346823
    0.01619411
    0.02050905
    0.02986077
    0.02508933
    0.15950376
    0.01986995
    0.02520654
    0.01797585
    0.16661946
    0.03975207
    0.01364875
    0.01492832
    0.02263674
   -0.02325211
   -0.02470285
   -0.02826403
   -0.02000087
   -0.02780652
   -0.02470745
   -0.02766852
   -0.02480328
   -0.02817344
   -0.01988225
   -0.02316327
   -0.02457785
    0.00753175
    0.06391710
   -0.03910939
   -0.03580244
    0.05775895
   -0.16006019
    0.01015064
    0.00540318
   -0.03783972
    0.03079503
   -0.24069798
    0.03602132
   -0.05801902
    0.05499925
   -0.04029307
   -0.04219910
   -0.28821166
    0.06148585
    0.01051884
    0.06395340
   -0.03829244
   -0.03619791
    0.05785767
   -0.15875408
    0.00939980
    0.00529269
   -0.03764166
    0.03076243
   -0.24059108
    0.03581685
   -0.05802168
    0.05574477
   -0.03985379
   -0.04232794
    0.06136936
   -0.28991414
    0.02620396
    0.02222285
    0.15937718
    0.02147835
    0.02468394
    0.01803801
    0.16606306
    0.03858044
    0.01323533
    0.01306287
    0.01745991
    0.02793111
    0.02252068
    0.15916972
    0.02187450
    0.02441021
    0.01859540
    0.16581569
    0.03817825
    0.01278630
    0.01300202
    0.01648122
    0.01068992
    0.06396679
   -0.03820028
   -0.03616346
    0.05793969
   -0.15870622
    0.00936522
    0.00527023
   -0.03764516
    0.03076745
   -0.24056898
    0.03583877
   -0.05805090
    0.05582674
   -0.03977432
   -0.04225176
   -0.28996247
    0.06136154
    0.00756688
    0.06396383
   -0.03905070
   -0.03575568
    0.05782182
   -0.16004424
    0.01016663
    0.00540788
   -0.03783676
    0.03076962
   -0.24068761
    0.03601584
   -0.05795885
    0.05503922
   -0.04028116
   -0.04215479
    0.06149850
   -0.28815083
    0.02802033
    0.02258786
    0.15918070
    0.02187289
    0.02440277
    0.01863885
    0.16586201
    0.03824583
    0.01282719
    0.01307966
    0.01651626
    0.02629474
    0.02228412
    0.15940057
    0.02146063
    0.02469941
    0.01805096
    0.16603479
    0.03861715
    0.01329951
    0.01309989
    0.01753292
