           1           2   1.3682196107879079     
           2           3   1.2427352251542627     
           3           4   1.5899611778669167     
           4           5   1.2554582291337950     
           2           6   1.2300263906634925     
           5           6   1.2257535523967498     
           5           7   1.3402871994877472     
           7           8   1.0471797654626160     
           8           9   1.7985590734028953     
           9          10   1.0093904541610850     
          10          11  0.96687292429028981     
          11          12   1.1810109387276626     
           8          13   1.1186765697004595     
          12          13   1.7081261933286378     
           7          14   1.3688627516371901     
          14          15   1.1614259446586632     
          15          16   1.6949388632547659     
          14          17   1.3549688575897261     
          16          18   1.1635038085277978     
          17          18   1.4061995268048484     
          18          19   1.2996570584506315     
          19          20   1.2901323153648112     
          20          21   1.2674014394910857     
          21          22   1.5781196145869192     
          22          23   1.2626819522336972     
          20          24   1.2471149071048457     
          23          24   1.2210279131445583     
          23          25   1.3384464067107631     
          25          26   1.0492895632929935     
          26          27   1.7982555217453149     
          27          28   1.0099116727500557     
          28          29  0.96635545047690130     
          29          30   1.1807683058637779     
          26          31   1.1167961071640928     
          30          31   1.7088905894090416     
          25          32   1.3629853116972899     
          32          33   1.1550054124995695     
          33          34   1.7041204667529715     
           1          35   1.3822466780025409     
          34          35   1.1478973402122148     
          32          36   1.3736946626779085     
          35          36   1.3766828799172812     
           1          37  0.99685302304249424     
           3          38  0.99384222327719640     
           4          39   1.0003060506170889     
           6          40  0.96123033929170143     
           9          41  0.98652443153158353     
          10          42  0.98005186193199234     
          10          43  0.98712769540950451     
          11          44  0.95611227209690364     
          12          45  0.97987056343191936     
          13          46  0.98701877598019128     
          15          47   1.0003935887803461     
          16          48  0.99983962990180131     
          21          49  0.99881465865847763     
          22          50  0.99988816851586004     
          24          51  0.96050428783412134     
          27          52  0.98678066540691900     
          28          53  0.98008238235550060     
          28          54  0.98731717820132425     
          29          55  0.95625314108493242     
          30          56  0.97975310520748093     
          31          57  0.98684601494869595     
          33          58   1.0008060781427923     
          34          59  0.99434832562542053     
          60          61   1.3677860437754894     
          61          62   1.2430723575814091     
          62          63   1.5894350903169239     
          63          64   1.2557108913249555     
          61          65   1.2299903067671729     
          64          65   1.2259527747149541     
          64          66   1.3398020995693034     
          66          67   1.0473639969471658     
          67          68   1.7984557124191209     
          68          69   1.0093820566225102     
          69          70  0.96693361157921820     
          70          71   1.1809604383962826     
          67          72   1.1186048714254908     
          71          72   1.7081771942740709     
          66          73   1.3690051944238464     
          73          74   1.1610577603454901     
          74          75   1.6953760538860201     
          73          76   1.3553600213123971     
          75          77   1.1633237246792820     
          76          77   1.4055498573474661     
          77          78   1.3004629803355747     
          78          79   1.2902750366449067     
          79          80   1.2673239414173816     
          80          81   1.5780491561003780     
          81          82   1.2627108783066383     
          79          83   1.2471784585399281     
          82          83   1.2209124639298288     
          82          84   1.3384801463034750     
          84          85   1.0491707445884566     
          85          86   1.7982022021198394     
          86          87   1.0099374260055982     
          87          88  0.96623894228497520     
          88          89   1.1809953948690224     
          85          90   1.1168879835742143     
          89          90   1.7086056657147852     
          84          91   1.3629197048964359     
          91          92   1.1548738495239479     
          92          93   1.7043028153473325     
          60          94   1.3826786059432676     
          93          94   1.1477795013258383     
          91          95   1.3739124978987964     
          94          95   1.3764047192515039     
          60          96  0.99684411499888570     
          62          97  0.99383263672396083     
          63          98   1.0002834745090678     
          65          99  0.96124887390202096     
          68         100  0.98656104801049882     
          69         101  0.98006369449998587     
          69         102  0.98718621392496375     
          70         103  0.95611222240511740     
          71         104  0.97982465542641695     
          72         105  0.98698776744952588     
          74         106   1.0004180767826016     
          75         107  0.99983416977934925     
          80         108  0.99880945424761325     
          81         109  0.99988351866384395     
          83         110  0.96050395574479785     
          86         111  0.98675491871483412     
          87         112  0.98006835049587171     
          87         113  0.98723779995035155     
          88         114  0.95618003517719508     
          89         115  0.97976726364404876     
          90         116  0.98684980547238621     
          92         117   1.0008135105114573     
          93         118  0.99434021389760585     
          19         120   1.1976671850029568     
         119         120   2.5177700735755257     
         119         121   1.3069272059199326     
         120         122  0.17720406202429362     
         121         122   2.5143341254690883     
         123         124   2.4797323544794709     
         123         125   1.3407758170864716     
         124         126  0.17655306037395249     
         125         126   2.4798819265305476     
         127         128   2.5155737416754209     
         127         129   1.3059201637150566     
          78         130   1.1966946215742029     
         128         130  0.17736803034345741     
         129         130   2.5189505910679095     
         122         131   1.2015416666271024     
         131         132   1.2870138560453885     
         132         133   1.2691693464276428     
         133         134   1.5758328845910849     
         134         135   1.2649958027623174     
         132         136   1.2493473927278140     
         135         136   1.2156553655632967     
         135         137   1.3406222338392781     
         137         138   1.0448045337847665     
         138         139   1.7992434304079983     
         139         140   1.0091747148207943     
         140         141  0.96718711522384737     
         141         142   1.1792124038799647     
         138         143   1.1197837935334269     
         142         143   1.7060454985072500     
         137         144   1.3725250992375608     
         144         145   1.1667205345269664     
         145         146   1.6846415540549620     
         144         147   1.3466444001441675     
         146         148   1.1709765082054231     
         147         148   1.4196316960213473     
         124         149   1.2355265889465974     
         148         149   1.2768059629103010     
         149         150   1.2735268045722647     
         150         151   1.2766870098274610     
         151         152   1.5680598829806234     
         152         153   1.2692594131518975     
         150         154   1.2528298216350420     
         153         154   1.2186749280329523     
         153         155   1.3338925761714984     
         155         156   1.0445608623902334     
         156         157   1.7994384169198179     
         157         158   1.0091426064880173     
         158         159  0.96735954672254387     
         159         160   1.1789317827596364     
         156         161   1.1197392039306699     
         160         161   1.7064820549047623     
         155         162   1.3771894783322873     
         162         163   1.1627450101906533     
         163         164   1.6917797894351252     
         131         165   1.2910108784676702     
         164         165   1.1662304993602224     
         162         166   1.3481085443884580     
         165         166   1.4116449000964433     
         133         167  0.99937548877455218     
         134         168   1.0008285043401142     
         136         169  0.96194631186707369     
         139         170  0.98544284116525616     
         140         171  0.97775169537197726     
         140         172  0.98754360505614558     
         141         173  0.95606435883749818     
         142         174  0.97994734274582673     
         143         175  0.98766830837307318     
         145         176   1.0003849250565109     
         146         177   1.0008626279429602     
         151         178  0.99964160172523076     
         152         179   1.0007187360337322     
         154         180  0.96208945886857378     
         157         181  0.98537198950842564     
         158         182  0.97779258164188143     
         158         183  0.98756828986625689     
         159         184  0.95630965903170972     
         160         185  0.98006981881993993     
         161         186  0.98778803691298600     
         163         187   1.0004773197195640     
         164         188   1.0005612262237444     
         126         189   1.2354442910567698     
         189         190   1.2736426788344171     
         190         191   1.2766846279191817     
         191         192   1.5681455872476993     
         192         193   1.2691623855408656     
         190         194   1.2526846651299850     
         193         194   1.2189093512214335     
         193         195   1.3337617081893671     
         195         196   1.0445899335132907     
         196         197   1.7993434623884634     
         197         198   1.0091520187411356     
         198         199  0.96734385256344757     
         199         200   1.1789999716738266     
         196         201   1.1197654134386423     
         200         201   1.7063971677729093     
         195         202   1.3772137323222262     
         202         203   1.1625869704888503     
         203         204   1.6920620487272395     
         202         205   1.3482987134744648     
         204         206   1.1660537930466905     
         205         206   1.4111744930400170     
         128         207   1.2004009840581833     
         206         207   1.2919096498418798     
         207         208   1.2872761890533910     
         208         209   1.2688779016128193     
         209         210   1.5762739698603982     
         210         211   1.2646840874405585     
         208         212   1.2492276367737467     
         211         212   1.2157611835072684     
         211         213   1.3409299395469387     
         213         214   1.0448493560794863     
         214         215   1.7991302255741826     
         215         216   1.0091747323435682     
         216         217  0.96728695323600844     
         217         218   1.1791174453568083     
         214         219   1.1198374482505211     
         218         219   1.7061756496091929     
         213         220   1.3722288664218019     
         220         221   1.1668477270824456     
         221         222   1.6845732424925299     
         189         223   1.2769494562500601     
         222         223   1.1709801592427764     
         220         224   1.3467904579080783     
         223         224   1.4195561149213107     
         191         225  0.99963445543632989     
         192         226   1.0007042757634295     
         194         227  0.96209954539095033     
         197         228  0.98536931902831892     
         198         229  0.97780143495294858     
         198         230  0.98754701499963948     
         199         231  0.95627965747757604     
         200         232  0.98006085958715661     
         201         233  0.98777819899161767     
         203         234   1.0004856607188855     
         204         235   1.0005316125884962     
         209         236  0.99937774749447472     
         210         237   1.0008135134174283     
         212         238  0.96192660234736127     
         215         239  0.98545747276064632     
         216         240  0.97773241182019954     
         216         241  0.98758912134283938     
         217         242  0.95612764157872987     
         218         243  0.97994732820848263     
         219         244  0.98766099366936866     
         221         245   1.0003691062527584     
         222         246   1.0008510006469493     
