    0.29927521
   -0.02090485
    0.05487161
   -0.04031454
   -0.03933842
    0.05721920
   -0.21542876
    0.00831560
    0.01794961
   -0.01781922
   -0.01112913
   -0.00951729
    0.14424904
   -0.30142132
   -0.01688148
   -0.01893063
    0.05655006
   -0.03755735
   -0.03795163
   -0.21350062
    0.06108844
    0.01798081
    0.06089720
   -0.03766669
   -0.03735827
    0.05675252
   -0.21346766
    0.00724867
    0.01738404
   -0.01878217
   -0.01718551
   -0.00926954
    0.14421156
   -0.30106123
   -0.01097415
   -0.01717058
    0.05734677
   -0.03897243
   -0.04014981
    0.05497502
   -0.21539403
    0.02499634
    0.02711160
    0.01987742
    0.02675065
    0.03811530
    0.03741199
    0.04009608
    0.02534672
    0.02207023
    0.02481158
    0.02490222
    0.02122375
    0.02542981
    0.03978378
    0.03715853
    0.03866549
    0.02737398
    0.01910864
    0.02725083
    0.29846025
   -0.02084672
    0.05498968
   -0.04026055
   -0.03932864
    0.05735403
   -0.21558275
    0.00826853
    0.01793861
   -0.01780001
   -0.01112332
   -0.00950890
    0.14422073
   -0.30145474
   -0.01689179
   -0.01889583
    0.05671322
   -0.03756640
   -0.03791984
   -0.21360739
    0.06111239
    0.01806718
    0.06093445
   -0.03764824
   -0.03738096
    0.05690343
   -0.21358891
    0.00734883
    0.01743502
   -0.01876686
   -0.01716243
   -0.00924897
    0.14423975
   -0.30096742
   -0.01092873
   -0.01718758
    0.05743281
   -0.03893549
   -0.04011701
    0.05512572
   -0.21553470
    0.02495235
    0.02716786
    0.01987788
    0.02679814
    0.03813239
    0.03736761
    0.04008622
    0.02534487
    0.02205311
    0.02483902
    0.02489564
    0.02131355
    0.02543182
    0.03979199
    0.03716321
    0.03873773
    0.02743899
    0.01920545
    0.02731425
   -0.01356001
   -0.01947034
   -0.01270692
   -0.01431069
   -0.01441982
   -0.01238497
   -0.01931993
   -0.01307074
   -0.01294696
   -0.01926313
   -0.01222958
   -0.01432794
   -0.01417722
   -0.01259155
   -0.01937398
   -0.01347040
    0.30826405
    0.01820102
    0.06074878
   -0.03813647
   -0.03738218
    0.05645687
   -0.21270078
    0.00960790
    0.01735311
   -0.01701292
   -0.01097718
   -0.00886155
    0.14452851
   -0.30083077
   -0.01658520
   -0.01817249
    0.05663266
   -0.03677741
   -0.03771381
   -0.21277897
    0.06100995
    0.01821983
    0.06068513
   -0.03817090
   -0.03744743
    0.05645981
   -0.21270264
    0.00959050
    0.01737904
   -0.01815002
   -0.01657873
   -0.00888513
    0.14448816
   -0.30096333
   -0.01100610
   -0.01702559
    0.05657053
   -0.03677328
   -0.03772868
    0.06108656
   -0.21276165
    0.02445654
    0.02063974
    0.02737634
    0.03868210
    0.03794323
    0.04095004
    0.02632318
    0.02115045
    0.02492126
    0.02437251
    0.02054048
    0.02635094
    0.04096093
    0.03792270
    0.03860350
    0.02735995
    0.02114374
    0.02491013
