    0.29480068
   -0.02619877
    0.05831777
   -0.03927090
   -0.03681157
    0.05831762
   -0.21319420
    0.00813995
    0.01680479
   -0.01741643
   -0.01096172
   -0.00935909
    0.14395310
   -0.30140830
   -0.01703928
   -0.01916870
    0.05729328
   -0.03692080
   -0.03688583
   -0.20967385
    0.06328915
    0.01519806
    0.06313158
   -0.03691144
   -0.03692764
    0.05730799
   -0.20963093
    0.00809834
    0.01670275
   -0.01917990
   -0.01708263
   -0.00936791
    0.14390316
   -0.30147208
   -0.01099411
   -0.01738379
    0.05841288
   -0.03675458
   -0.03922122
    0.05831005
   -0.21321848
    0.02356275
    0.02973811
    0.02228994
    0.02858538
    0.03880397
    0.03712503
    0.04016702
    0.02654283
    0.02350589
    0.02747221
    0.02744868
    0.02347783
    0.02643884
    0.04013134
    0.03705837
    0.03880770
    0.02855498
    0.02228289
    0.02976576
    0.29383648
   -0.02605151
    0.05835364
   -0.03920691
   -0.03678765
    0.05839824
   -0.21325960
    0.00815559
    0.01680375
   -0.01742233
   -0.01097451
   -0.00937274
    0.14392618
   -0.30146464
   -0.01704064
   -0.01917024
    0.05735479
   -0.03691628
   -0.03686496
   -0.20971670
    0.06330792
    0.01530387
    0.06322567
   -0.03681434
   -0.03683360
    0.05741593
   -0.20971170
    0.00817630
    0.01671032
   -0.01918525
   -0.01708054
   -0.00934024
    0.14394585
   -0.30133429
   -0.01094912
   -0.01737371
    0.05846625
   -0.03674178
   -0.03918508
    0.05833972
   -0.21322098
    0.02362658
    0.02978612
    0.02231120
    0.02862124
    0.03878997
    0.03710944
    0.04017408
    0.02655148
    0.02348462
    0.02746329
    0.02752304
    0.02357658
    0.02643881
    0.04013310
    0.03707996
    0.03891032
    0.02863891
    0.02232543
    0.02980493
   -0.02279896
   -0.02341133
   -0.02132321
   -0.01963930
   -0.02268440
   -0.01873520
   -0.02703419
   -0.02095361
   -0.02082601
   -0.02701961
   -0.01860290
   -0.02263707
   -0.01951732
   -0.02125089
   -0.02331272
   -0.02271130
    0.32311418
    0.00893097
    0.06318630
   -0.03919197
   -0.03715107
    0.05434784
   -0.20841933
    0.01058892
    0.01744239
   -0.01707631
   -0.01082163
   -0.00896555
    0.14437456
   -0.30135335
   -0.01644967
   -0.01820421
    0.05452751
   -0.03667679
   -0.03889872
   -0.20846237
    0.06335715
    0.00889387
    0.06313746
   -0.03921865
   -0.03716554
    0.05437898
   -0.20843435
    0.01051908
    0.01736463
   -0.01816825
   -0.01648868
   -0.00901314
    0.14427695
   -0.30158582
   -0.01091247
   -0.01708466
    0.05454486
   -0.03671236
   -0.03891387
    0.06328816
   -0.20845671
    0.02555395
    0.02201432
    0.02838891
    0.03849494
    0.03750312
    0.04077527
    0.02741214
    0.02262443
    0.02585838
    0.02548727
    0.02189815
    0.02737241
    0.04079565
    0.03744644
    0.03839268
    0.02827188
    0.02255278
    0.02583108
