           1           2   1.3740942817906583     
           2           3   1.2395691074511466     
           3           4   1.5999902703393469     
           4           5   1.2508146828813373     
           2           6   1.2294854779702213     
           5           6   1.2297336818835738     
           5           7   1.3442007320568290     
           7           8   1.0502178956596531     
           8           9   1.4181811816324486     
           9          10   1.4478057243751834     
          10          11   1.3944414752558509     
          11          12   1.1260210088546183     
          11          13   1.3851169339708564     
           8          14   1.4104691670614180     
          13          14   1.4561187461866378     
           7          15   1.3670041323819853     
          15          16   1.1623436455358005     
          16          17   1.6931025180950354     
          15          18   1.3590132252459994     
          17          19   1.1668758720137646     
          18          19   1.4115829258356292     
          19          20   1.2958049722403056     
          20          21   1.2940649571370579     
          21          22   1.2665512407698842     
          22          23   1.5856284190435568     
          23          24   1.2583455510388009     
          21          25   1.2494664919180698     
          24          25   1.2243756868162579     
          24          26   1.3456983091903072     
          26          27   1.0516452558628500     
          27          28   1.4094840663208736     
          28          29   1.4569007697488905     
          29          30   1.3846498941284195     
          30          31   1.1261277517244623     
          30          32   1.3944595397795956     
          27          33   1.4176763677997730     
          32          33   1.4475290493597961     
          26          34   1.3577399811752684     
          34          35   1.1541705616999207     
          35          36   1.7064655833762248     
           1          37   1.3838618090826407     
          36          37   1.1474918041375388     
          34          38   1.3811975343570189     
          37          38   1.3753208616527361     
           1          39  0.99591273424184124     
           3          40  0.99261137715807501     
           4          41  0.99962259279987598     
           6          42  0.96129566904609853     
           9          43  0.98940133855082635     
          10          44  0.98145079829289428     
          12          45  0.96398357838099369     
          13          46  0.98269825264072519     
          14          47  0.98974632744424806     
          16          48  0.99944014649394197     
          17          49  0.99912034991610454     
          22          50  0.99890556363618532     
          23          51  0.99882725361759306     
          25          52  0.96056930975919330     
          28          53  0.98976560754068288     
          29          54  0.98244970016514477     
          31          55  0.96408957959417874     
          32          56  0.98165224702023013     
          33          57  0.98938413481065468     
          35          58   1.0002918809153096     
          36          59  0.99317870213339710     
          60          61   1.3739234680357317     
          61          62   1.2397228804022002     
          62          63   1.5996890049202535     
          63          64   1.2511188382705414     
          61          65   1.2295165330788089     
          64          65   1.2297931838236102     
          64          66   1.3435600870677560     
          66          67   1.0520796352922863     
          67          68   1.4173872982500533     
          68          69   1.4480327140002480     
          69          70   1.3942686612288451     
          70          71   1.1262216609343065     
          70          72   1.3848050907683214     
          67          73   1.4096033145648577     
          72          73   1.4566429911008216     
          66          74   1.3662815593834603     
          74          75   1.1628073779894348     
          75          76   1.6919349807580697     
          74          77   1.3587573100225967     
          76          78   1.1672523776006063     
          77          78   1.4119637698979097     
          78          79   1.2945160750146945     
          79          80   1.2933341141605437     
          80          81   1.2670762052672648     
          81          82   1.5845932834301883     
          82          83   1.2589628587866852     
          80          84   1.2493718288986158     
          83          84   1.2243284767057310     
          83          85   1.3448565773167425     
          85          86   1.0530862108642458     
          86          87   1.4087937925910416     
          87          88   1.4570988469154882     
          88          89   1.3844961975824583     
          89          90   1.1262253128087536     
          89          91   1.3942585017479048     
          86          92   1.4170943749473688     
          91          92   1.4478916035795208     
          85          93   1.3574088908401809     
          93          94   1.1543358848125551     
          94          95   1.7062855490784732     
          60          96   1.3838046579080348     
          95          96   1.1475790068871006     
          93          97   1.3811558408213327     
          96          97   1.3753078093003903     
          60          98  0.99591321239129316     
          62          99  0.99264377795225311     
          63         100  0.99960972725712116     
          65         101  0.96129160585646600     
          68         102  0.98914260550593591     
          69         103  0.98148423194117951     
          71         104  0.96396836257400209     
          72         105  0.98268930990731285     
          73         106  0.98979205173659257     
          75         107  0.99912112203540249     
          76         108  0.99908197566407875     
          81         109  0.99888635530285630     
          82         110  0.99857059219694033     
          84         111  0.96048202643975567     
          87         112  0.98953086291791104     
          88         113  0.98246081728256074     
          90         114  0.96405558816838210     
          91         115  0.98167838933152740     
          92         116  0.98942516046437889     
          94         117   1.0002873206589673     
          95         118  0.99321305428523809     
          20         119   1.2029596760564913     
         119         120   2.6219860199432485     
         121         122   2.6127374584115644     
         123         124   2.6072537064671470     
         125         126   2.6046579654892401     
         127         128   2.6036344210031777     
         129         130   2.6089740128533188     
         131         132   2.6124203747403811     
         133         134   2.6139212746346687     
          79         136   1.2043638504355347     
         135         136   2.6207937583306706     
         120         137   1.2050313052236685     
         137         138   1.2881195309746953     
         138         139   1.2712982073818531     
         139         140   1.5784292507874320     
         140         141   1.2645068260267160     
         138         142   1.2508093764921147     
         141         142   1.2240550549538147     
         141         143   1.3383411197116448     
         143         144   1.0526153126549653     
         144         145   1.4177452225232512     
         145         146   1.4479401124155105     
         146         147   1.3943185505559161     
         147         148   1.1264219620757780     
         147         149   1.3845444204784005     
         144         150   1.4093781588856313     
         149         150   1.4569715882200780     
         143         151   1.3719401365356676     
         151         152   1.1637105712485893     
         152         153   1.6896347961030092     
         151         154   1.3547123989434966     
         153         155   1.1692889976620497     
         154         155   1.4166143520448462     
         121         156   1.2114043418140981     
         155         156   1.2880280995656543     
         156         157   1.2894881082014147     
         157         158   1.2707311760540807     
         158         159   1.5805264009388136     
         159         160   1.2629730217462647     
         157         161   1.2506360267054979     
         160         161   1.2251741999579113     
         160         162   1.3389229977857593     
         162         163   1.0482873996746436     
         163         164   1.4118664707750737     
         164         165   1.4558028542550838     
         165         166   1.3854106474266903     
         166         167   1.1256184809084169     
         166         168   1.3948248392856590     
         163         169   1.4194018783546449     
         168         169   1.4470988854249438     
         162         170   1.3741071472349142     
         170         171   1.1615864252149688     
         171         172   1.6933691733514156     
         137         173   1.2939102147647064     
         172         173   1.1675153554413922     
         170         174   1.3556536813397864     
         173         174   1.4132737901640426     
         139         175  0.99879592966793374     
         140         176  0.99944656382656671     
         142         177  0.96207971676171355     
         145         178  0.98930082733272717     
         146         179  0.98158629282924259     
         148         180  0.96404121681393484     
         149         181  0.98265375675955657     
         150         182  0.98976986130195077     
         152         183  0.99968586250987190     
         153         184  0.99945459735277797     
         158         185  0.99862755368571210     
         159         186  0.99967745258073670     
         161         187  0.96239300503981595     
         164         188  0.98986582905485465     
         165         189  0.98265202789219996     
         167         190  0.96432490115122904     
         168         191  0.98162407665801132     
         169         192  0.98949716936287335     
         171         193   1.0003229872981405     
         172         194  0.99927241481311735     
         122         195   1.2113477028277082     
         195         196   1.2867586272285683     
         196         197   1.2713110975309299     
         197         198   1.5789220849082473     
         198         199   1.2638555153431512     
         196         200   1.2514154039743488     
         199         200   1.2236939011560828     
         199         201   1.3392714702101367     
         201         202   1.0484982462476735     
         202         203   1.4197963404804010     
         203         204   1.4469396113525492     
         204         205   1.3950005074601446     
         205         206   1.1253006998395239     
         205         207   1.3853942084167132     
         202         208   1.4115310978056579     
         207         208   1.4557961236310222     
         201         209   1.3743163018436557     
         209         210   1.1633928946529948     
         210         211   1.6908566583087541     
         209         212   1.3535643310744307     
         211         213   1.1699013788023738     
         212         213   1.4177569908030687     
         123         214   1.2182599889880106     
         213         214   1.2869917769416046     
         214         215   1.2840123049569194     
         215         216   1.2736051507886974     
         216         217   1.5772100738858046     
         217         218   1.2651119081929283     
         215         219   1.2518358671372261     
         218         219   1.2247004331584825     
         218         220   1.3367952379117840     
         220         221   1.0518749309196802     
         221         222   1.4098567828568394     
         222         223   1.4567860545339122     
         223         224   1.3848570153276898     
         224         225   1.1257531413408164     
         224         226   1.3945394380484906     
         221         227   1.4182494801036918     
         226         227   1.4477045214625430     
         220         228   1.3737733632655533     
         228         229   1.1630193667756756     
         229         230   1.6910067575942107     
         195         231   1.2895629816062950     
         230         231   1.1691780680276120     
         228         232   1.3545238026098096     
         231         232   1.4162008785834268     
         197         233  0.99887500375042149     
         198         234  0.99952128727488365     
         200         235  0.96205000401319163     
         203         236  0.98947030405367808     
         204         237  0.98167481908560339     
         206         238  0.96439175898359308     
         207         239  0.98274008342792296     
         208         240  0.98960124165336016     
         210         241   1.0004584099924214     
         211         242  0.99896720854631971     
         216         243  0.99838502070129886     
         217         244  0.99954429831780844     
         219         245  0.96228249838071633     
         222         246  0.98963291406787590     
         223         247  0.98261042513849339     
         225         248  0.96436307515518882     
         226         249  0.98165465369946692     
         227         250  0.98962532659135816     
         229         251   1.0002716007241164     
         230         252  0.99953537039091211     
         124         253   1.2187681855731625     
         253         254   1.2856945199260457     
         254         255   1.2726140529892687     
         255         256   1.5793114292746229     
         256         257   1.2636318808144182     
         254         258   1.2518422761085060     
         257         258   1.2242071413874989     
         257         259   1.3398149904361902     
         259         260   1.0442793570108997     
         260         261   1.4219673472365715     
         261         262   1.4457030534521498     
         262         263   1.3956211986312319     
         263         264   1.1249741191726499     
         263         265   1.3857756196954640     
         260         266   1.4132860700016860     
         265         266   1.4551095416677653     
         259         267   1.3767174848816333     
         267         268   1.1631696857143718     
         268         269   1.6912903317492765     
         267         270   1.3521611219046783     
         269         271   1.1703317187632627     
         270         271   1.4183783386509765     
         125         272   1.2216707206769615     
         271         272   1.2854411692593366     
         272         273   1.2818892100285253     
         273         274   1.2753264244442983     
         274         275   1.5758581089881651     
         275         276   1.2661812961830630     
         273         277   1.2522975678513808     
         276         277   1.2247563140291635     
         276         278   1.3358229330709754     
         278         279   1.0557220417440627     
         279         280   1.4084024579204322     
         280         281   1.4576362162884957     
         281         282   1.3842822360057101     
         282         283   1.1265022891229426     
         282         284   1.3937894227418082     
         279         285   1.4159716338085910     
         284         285   1.4488554350383187     
         278         286   1.3718143505501663     
         286         287   1.1643940413251805     
         287         288   1.6877016949857724     
         253         289   1.2842328675843713     
         288         289   1.1714814749789508     
         286         290   1.3542464021520115     
         289         290   1.4175040288775804     
         255         291  0.99806838733111991     
         256         292   1.0001483105706823     
         258         293  0.96226778516498812     
         261         294  0.98933903943673152     
         262         295  0.98174868319133990     
         264         296  0.96451831885475858     
         265         297  0.98268553178960294     
         266         298  0.98970047112451576     
         268         299   1.0006505123177154     
         269         300  0.99800477290158696     
         274         301  0.99795512102130801     
         275         302  0.99958944378808912     
         277         303  0.96240541637246890     
         280         304  0.98975584226471647     
         281         305  0.98258018516172807     
         283         306  0.96421481009820020     
         284         307  0.98155233982319912     
         285         308  0.98942710082694951     
         287         309  0.99996673428245464     
         288         310  0.99909215822169040     
         126         311   1.2218986207451079     
         311         312   1.2841572810585378     
         312         313   1.2736859770519247     
         313         314   1.5790252787366210     
         314         315   1.2639478080016235     
         312         316   1.2518854758534443     
         315         316   1.2246010731882369     
         315         317   1.3392364077976324     
         317         318   1.0450430673664981     
         318         319   1.4213306250443984     
         319         320   1.4460127028734138     
         320         321   1.3953882799249129     
         321         322   1.1251248659422131     
         321         323   1.3857267738070060     
         318         324   1.4131941222397995     
         323         324   1.4552153158652874     
         317         325   1.3769684234147395     
         325         326   1.1629251824127111     
         326         327   1.6913737353995804     
         325         328   1.3526350984085311     
         327         329   1.1707622136112785     
         328         329   1.4180320794528734     
         127         330   1.2231249048229704     
         329         330   1.2854022420521765     
         330         331   1.2804628978885757     
         331         332   1.2761446066163991     
         332         333   1.5754586384950604     
         333         334   1.2662301141904004     
         331         335   1.2525911769583782     
         334         335   1.2244532575873202     
         334         336   1.3362916784665406     
         336         337   1.0550181540821240     
         337         338   1.4087368653116181     
         338         339   1.4574579515355397     
         339         340   1.3843548233261582     
         340         341   1.1264461135007624     
         340         342   1.3938354331086369     
         337         343   1.4162682086407596     
         342         343   1.4487662694103893     
         336         344   1.3717996820991076     
         344         345   1.1643914883527886     
         345         346   1.6875903372958585     
         311         347   1.2834726307013311     
         346         347   1.1722446863539764     
         344         348   1.3545646380693694     
         347         348   1.4174484643575238     
         313         349  0.99724184435325991     
         314         350   1.0002325925017117     
         316         351  0.96230583924402624     
         319         352  0.98926414646202199     
         320         353  0.98170412677542451     
         322         354  0.96449286489641317     
         323         355  0.98270152811014111     
         324         356  0.98970789911683121     
         326         357   1.0006640571945038     
         327         358  0.99714448171463310     
         332         359  0.99767365004282693     
         333         360  0.99966931178292928     
         335         361  0.96237411372458737     
         338         362  0.98973267841284640     
         339         363  0.98258046249472020     
         341         364  0.96420470048062534     
         342         365  0.98152824735384347     
         343         366  0.98941054473234902     
         345         367   1.0001455044027416     
         346         368  0.99868017893307703     
         128         369   1.2230788089644846     
         369         370   1.2848785291792486     
         370         371   1.2734718805922163     
         371         372   1.5794309324524156     
         372         373   1.2638557676234821     
         370         374   1.2514772413091846     
         373         374   1.2245272018346485     
         373         375   1.3395693690961006     
         375         376   1.0458015145871518     
         376         377   1.4207428629174947     
         377         378   1.4463843734666939     
         378         379   1.3952288291711317     
         379         380   1.1251232883470925     
         379         381   1.3857590272138269     
         376         382   1.4130404475703136     
         381         382   1.4551985048032070     
         375         383   1.3756849670482869     
         383         384   1.1624636050274380     
         384         385   1.6917314167671560     
         383         386   1.3540261491210230     
         385         387   1.1695874437735128     
         386         387   1.4166673397048655     
         129         388   1.2171460717132958     
         387         388   1.2881990982618261     
         388         389   1.2836097283296937     
         389         390   1.2744960177524920     
         390         391   1.5762555802831957     
         391         392   1.2658737852108517     
         389         393   1.2517526660221721     
         392         393   1.2250553529022017     
         392         394   1.3356077099116574     
         394         395   1.0556051393687977     
         395         396   1.4083123716519061     
         396         397   1.4576454244624488     
         397         398   1.3842577906075513     
         398         399   1.1265630010402248     
         398         400   1.3937950823312228     
         395         401   1.4161314146908768     
         400         401   1.4488253013890169     
         394         402   1.3725617815788038     
         402         403   1.1647755988000839     
         403         404   1.6872392619236398     
         369         405   1.2812466929561264     
         404         405   1.1724462160558082     
         402         406   1.3530787896314522     
         405         406   1.4193123103252707     
         371         407  0.99628927095074415     
         372         408   1.0000827339973017     
         374         409  0.96240139158418503     
         377         410  0.98937300920003446     
         378         411  0.98167618603952667     
         380         412  0.96447892670327862     
         381         413  0.98269968090098625     
         382         414  0.98967411560601803     
         384         415   1.0005942351044550     
         385         416  0.99900449650862444     
         390         417  0.99826684655514919     
         391         418  0.99948751211207887     
         393         419  0.96228316043938089     
         396         420  0.98974114161034599     
         397         421  0.98259658895746393     
         399         422  0.96415506183911281     
         400         423  0.98152562903278939     
         401         424  0.98941180356782710     
         403         425   1.0000279461239778     
         404         426  0.99843321634157811     
         130         427   1.2164851303399513     
         427         428   1.2862353614807769     
         428         429   1.2722808998576158     
         429         430   1.5796984274114250     
         430         431   1.2638267058999606     
         428         432   1.2517520453366879     
         431         432   1.2243873875887874     
         431         433   1.3391912223620732     
         433         434   1.0489960969713616     
         434         435   1.4188640576224183     
         435         436   1.4472363273809243     
         436         437   1.3946015544478061     
         437         438   1.1258690961810345     
         437         439   1.3852927252379168     
         434         440   1.4117822354367402     
         439         440   1.4559774833018340     
         433         441   1.3737845478932202     
         441         442   1.1630656438401830     
         442         443   1.6904431105254156     
         441         444   1.3544804280316822     
         443         445   1.1691019783900845     
         444         445   1.4162693651309834     
         131         446   1.2122881522044557     
         445         446   1.2885061227348200     
         446         447   1.2877207042120065     
         447         448   1.2717391093735797     
         448         449   1.5796189980086339     
         449         450   1.2638063721719737     
         447         451   1.2513227133574334     
         450         451   1.2246570033100219     
         450         452   1.3386938467750744     
         452         453   1.0510482472822771     
         453         454   1.4104981566961949     
         454         455   1.4565839699737331     
         455         456   1.3848342238572340     
         456         457   1.1261758316335675     
         456         458   1.3944105720313100     
         453         459   1.4181728001031630     
         458         459   1.4476977573921157     
         452         460   1.3727556534776604     
         460         461   1.1634707503204289     
         461         462   1.6898427762203712     
         427         463   1.2868424519414070     
         462         463   1.1699533897995809     
         460         464   1.3546447555076591     
         463         464   1.4170060122624828     
         429         465  0.99820827685656977     
         430         466  0.99993113669904277     
         432         467  0.96244418628373662     
         435         468  0.98918103678221392     
         436         469  0.98159382394539840     
         438         470  0.96429553102228605     
         439         471  0.98268183073950488     
         440         472  0.98988617710461213     
         442         473   1.0000109252458371     
         443         474  0.99953096232168903     
         448         475  0.99869213509753618     
         449         476  0.99979169278304392     
         451         477  0.96245400354354960     
         454         478  0.98992026349490114     
         455         479  0.98262856271195942     
         457         480  0.96421170522733313     
         458         481  0.98158393406379452     
         459         482  0.98925880929505328     
         461         483   1.0000404947088419     
         462         484  0.99935418546742416     
         132         485   1.2121291216462331     
         485         486   1.2865488656899384     
         486         487   1.2717563141163823     
         487         488   1.5787669141032594     
         488         489   1.2640669495999466     
         486         490   1.2512802469962585     
         489         490   1.2243679331367920     
         489         491   1.3383022414623162     
         491         492   1.0504206536540548     
         492         493   1.4187424876053223     
         493         494   1.4474570692912914     
         494         495   1.3946856345014655     
         495         496   1.1255787904733225     
         495         497   1.3851597741225516     
         492         498   1.4106949272780287     
         497         498   1.4562804319297531     
         491         499   1.3734957335247719     
         499         500   1.1629771408114637     
         500         501   1.6912846656593215     
         499         502   1.3547827332768141     
         501         503   1.1687713590828921     
         502         503   1.4159099953307148     
         133         504   1.2102212245950170     
         503         504   1.2901507439933793     
         504         505   1.2876101767954222     
         505         506   1.2710272482664242     
         506         507   1.5792790376276444     
         507         508   1.2636555484286955     
         505         509   1.2511314491888716     
         508         509   1.2239020232656634     
         508         510   1.3392129283412513     
         510         511   1.0500124130945303     
         511         512   1.4109891561747647     
         512         513   1.4560731345523630     
         513         514   1.3852469110450092     
         514         515   1.1256079910324595     
         514         516   1.3946522981975618     
         511         517   1.4187831158061663     
         516         517   1.4474919648194460     
         510         518   1.3728075423494661     
         518         519   1.1630027320976941     
         519         520   1.6913091869138672     
         485         521   1.2901600314753405     
         520         521   1.1690793976494229     
         518         522   1.3552474232296723     
         521         522   1.4158031706010603     
         487         523  0.99859637235607757     
         488         524  0.99935223056099265     
         490         525  0.96206797922316056     
         493         526  0.98957647574221808     
         494         527  0.98165538692434584     
         496         528  0.96436201315849268     
         497         529  0.98265552585621452     
         498         530  0.98961470296834275     
         500         531   1.0002963342241538     
         501         532  0.99957282629707711     
         506         533  0.99883219488071773     
         507         534  0.99943695248201181     
         509         535  0.96205771796061512     
         512         536  0.98965483732086990     
         513         537  0.98273169436919539     
         515         538  0.96429498110407585     
         516         539  0.98160437237009857     
         517         540  0.98951198398381546     
         519         541   1.0002733869901885     
         520         542  0.99939078979784279     
         134         543   1.2104332530795310     
         543         544   1.2893789011213110     
         544         545   1.2706792293212288     
         545         546   1.5803632851311928     
         546         547   1.2631601366682783     
         544         548   1.2506345819279128     
         547         548   1.2251287689256560     
         547         549   1.3386888380933966     
         549         550   1.0479100894778841     
         550         551   1.4196213962748674     
         551         552   1.4469175206879221     
         552         553   1.3949558824075652     
         553         554   1.1253070273136825     
         553         555   1.3855749869398222     
         550         556   1.4120596626793547     
         555         556   1.4557004649457030     
         549         557   1.3746700220136612     
         557         558   1.1616071948399240     
         558         559   1.6932328378916992     
         557         560   1.3550203891054615     
         559         561   1.1672751640888341     
         560         561   1.4143928647436677     
         135         562   1.2064371454274980     
         561         562   1.2930190836069468     
         562         563   1.2877496179761216     
         563         564   1.2710822825905332     
         564         565   1.5785015680182202     
         565         566   1.2643689031606333     
         563         567   1.2513872119854799     
         566         567   1.2238339091261070     
         566         568   1.3387352901412855     
         568         569   1.0525790694244608     
         569         570   1.4094808078599448     
         570         571   1.4569257129246640     
         571         572   1.3845333997088367     
         572         573   1.1265523170584739     
         572         574   1.3942180615690811     
         569         575   1.4176188900193873     
         574         575   1.4480326830617472     
         568         576   1.3714603045813392     
         576         577   1.1636414173007386     
         577         578   1.6898606081415184     
         543         579   1.2889917660773265     
         578         579   1.1691414387651111     
         576         580   1.3552594719430746     
         579         580   1.4159748691020622     
         545         581  0.99869592453602096     
         546         582  0.99967136136046020     
         548         583  0.96237470529025115     
         551         584  0.98949760046755120     
         552         585  0.98165862850373165     
         554         586  0.96447387076611313     
         555         587  0.98262870452440843     
         556         588  0.98983562456171381     
         558         589   1.0003615861330108     
         559         590  0.99965451995090970     
         564         591  0.99896028236515089     
         565         592  0.99941095578053518     
         567         593  0.96208652965951236     
         570         594  0.98976863067770249     
         571         595  0.98265453339747699     
         573         596  0.96400223193259782     
         574         597  0.98156556997695943     
         575         598  0.98928666655534891     
         577         599  0.99972840467707313     
         578         600  0.99950159495649893     
