           1           2   1.3717400127469359     
           2           3   1.2400378423402947     
           3           4   1.5980221426746737     
           4           5   1.2505864969338947     
           2           6   1.2297781781653818     
           5           6   1.2301723955087547     
           5           7   1.3398456770091416     
           7           8   1.0538395975402080     
           8           9   1.4143681145933438     
           9          10   1.4637738835720056     
          10          11   1.3830091880227504     
          11          12   1.1240705361921264     
          12          13   2.9628283931858874     
          11          14   1.3832864043572670     
           8          15   1.4145759771750455     
          14          15   1.4631526392552323     
           7          16   1.3673352960189635     
          16          17   1.1603727542090547     
          17          18   1.6933049274288423     
          16          19   1.3546923593954785     
          18          20   1.1650851752165785     
          19          20   1.4131817538807359     
          20          21   1.2862863976179693     
          21          22   1.2845431972447552     
          22          23   1.2672279929783870     
          23          24   1.5821719184074727     
          24          25   1.2583970365220223     
          22          26   1.2495554470560168     
          25          26   1.2225675375297056     
          25          27   1.3408711428548024     
          27          28   1.0555156617844996     
          28          29   1.4135997413923704     
          29          30   1.4640354349398377     
          30          31   1.3827494219653191     
          31          32   1.1242573010010006     
          32          33   2.9624795347744044     
          31          34   1.3827226840369302     
          28          35   1.4134393239678644     
          34          35   1.4637918255618108     
          27          36   1.3571946419269563     
          36          37   1.1516170623573412     
          37          38   1.7084923737903879     
           1          39   1.3856395709572240     
          38          39   1.1458493442264452     
          36          40   1.3809926034364544     
          39          40   1.3740548102519714     
           1          41  0.99529953791109549     
           3          42  0.99194912040476901     
           4          43  0.99796515341969316     
           6          44  0.96046639652838695     
           9          45  0.98587839319372084     
          10          46  0.98473313326658185     
          14          47  0.98483371530000863     
          15          48  0.98587989150823141     
          17          49  0.99755287415449168     
          18          50  0.99852569111258238     
          23          51  0.99746799737194669     
          24          52  0.99718906828348053     
          26          53  0.95936082277541079     
          29          54  0.98607229847995748     
          30          55  0.98491203553583706     
          34          56  0.98472336691331575     
          35          57  0.98577038035920295     
          37          58  0.99835119450400178     
          38          59  0.99249069302057813     
          60          61   1.3717301153283477     
          61          62   1.2400487492488945     
          62          63   1.5979836558223903     
          63          64   1.2506359585257869     
          61          65   1.2297747982667797     
          64          65   1.2301262486809794     
          64          66   1.3398443746017963     
          66          67   1.0535419026302084     
          67          68   1.4145895343622032     
          68          69   1.4636687448232635     
          69          70   1.3830559804628504     
          70          71   1.1240696318931105     
          71          72   2.9628212317010330     
          70          73   1.3832901100486101     
          67          74   1.4146225461487905     
          73          74   1.4631471173076851     
          66          75   1.3676470904361024     
          75          76   1.1604472580838341     
          76          77   1.6932573778320912     
          75          78   1.3542904507608773     
          77          79   1.1650815618855452     
          78          79   1.4136866510378820     
          79          80   1.2856797668633926     
          80          81   1.2845598071715953     
          81          82   1.2672491475115168     
          82          83   1.5821216617130398     
          83          84   1.2584082844358810     
          81          85   1.2496104140077287     
          84          85   1.2224616833487050     
          84          86   1.3409797349752537     
          86          87   1.0553202547922889     
          87          88   1.4136290283178190     
          88          89   1.4640474765266813     
          89          90   1.3827237171010602     
          90          91   1.1242591321715636     
          91          92   2.9624680526100500     
          90          93   1.3827898772289737     
          87          94   1.4136146331291244     
          93          94   1.4637027818482802     
          86          95   1.3572250919470183     
          95          96   1.1516199801231779     
          96          97   1.7084577618399872     
          60          98   1.3856119161984148     
          97          98   1.1458830317336113     
          95          99   1.3809452183843447     
          98          99   1.3740487468609726     
          60         100  0.99531620872135851     
          62         101  0.99196442432227916     
          63         102  0.99798630294543123     
          65         103  0.96046582966973193     
          68         104  0.98587865266273966     
          69         105  0.98475731051234894     
          73         106  0.98482290837475661     
          74         107  0.98586578269899006     
          76         108  0.99755023064083903     
          77         109  0.99857977236880235     
          82         110  0.99745313141711445     
          83         111  0.99721490659318357     
          85         112  0.95937566355779236     
          88         113  0.98607802578476245     
          89         114  0.98493637117003618     
          93         115  0.98471006532107730     
          94         116  0.98576107994415030     
          96         117  0.99836166433240692     
          97         118  0.99249914455184785     
          21         119   1.2219356003584081     
         119         120   2.4610141660142606     
         120         121   1.3647554321261310     
         119         122  0.16682052657225899     
         121         122   2.3413805558034877     
         122         123   1.3932464157755999     
         121         124  0.16097673618498667     
         123         124   2.3396688124245224     
         124         125   1.3674552267048279     
         123         126  0.16620791399138099     
         125         126   2.4553613581244154     
         127         128   2.4501907478556095     
         128         129   1.3719343601557434     
         127         130  0.16551056726728022     
         129         130   2.3330530105024367     
         130         131   1.3990049889967073     
         129         132  0.16000656989014295     
         131         132   2.3331120441850746     
         132         133   1.3719677695070975     
         131         134  0.16560152606945966     
         133         134   2.4503302115227408     
         135         136   2.4503260191864045     
         136         137   1.3719717122154000     
         135         138  0.16559388549007847     
         137         138   2.3330940488903247     
         138         139   1.3990209532161424     
         137         140  0.15999940478866706     
         139         140   2.3330298386502077     
         140         141   1.3719644586083284     
         139         142  0.16550325686198791     
         141         142   2.4501506125809014     
         143         144   2.4547901475692866     
         144         145   1.3679385652321066     
         143         146  0.16613180711747466     
         145         146   2.3390615389290792     
         146         147   1.3937567018262498     
         145         148  0.16087662786987425     
         147         148   2.3407294499286331     
         148         149   1.3652747701881003     
          80         150   1.2224159741303737     
         147         150  0.16673808501255183     
         149         150   2.4603754591887541     
         126         151   1.2271218240179107     
         151         152   1.2778237334332534     
         152         153   1.2718197190474863     
         153         154   1.5755934472063968     
         154         155   1.2642484245383678     
         152         156   1.2515000448171374     
         155         156   1.2208791201271603     
         155         157   1.3342602000077666     
         157         158   1.0528904682737392     
         158         159   1.4148722687316642     
         159         160   1.4632186816865809     
         160         161   1.3831310541139725     
         161         162   1.1241229987751500     
         162         163   2.9625750938006088     
         161         164   1.3832251702855682     
         158         165   1.4152380638892301     
         164         165   1.4633873294046675     
         157         166   1.3733759678292379     
         166         167   1.1609110612338396     
         167         168   1.6915710179946379     
         166         169   1.3496190459169892     
         168         170   1.1670401985795682     
         169         170   1.4173284469349716     
         127         171   1.2314704829054912     
         170         171   1.2802117587415132     
         171         172   1.2767423021425570     
         172         173   1.2727932303204104     
         173         174   1.5748010684577696     
         174         175   1.2647032469606532     
         172         176   1.2516336154190584     
         175         176   1.2216236210532916     
         175         177   1.3330085650111818     
         177         178   1.0527876944881467     
         178         179   1.4151514646973755     
         179         180   1.4631014625141505     
         180         181   1.3832522412096475     
         181         182   1.1241244858839405     
         182         183   2.9625557272995180     
         181         184   1.3830894627295769     
         178         185   1.4150169689578735     
         184         185   1.4634929994234849     
         177         186   1.3742789574053396     
         186         187   1.1603135897552290     
         187         188   1.6924337909604144     
         151         189   1.2822145332910502     
         188         189   1.1664096016728329     
         186         190   1.3498233318009154     
         189         190   1.4160060094190081     
         153         191  0.99778191117364312     
         154         192  0.99787981467062603     
         156         193  0.96074837535372803     
         159         194  0.98587063888956838     
         160         195  0.98486215580094860     
         164         196  0.98486627127217541     
         165         197  0.98600249576375310     
         167         198  0.99807865386212147     
         168         199  0.99874329783650106     
         173         200  0.99766140470015163     
         174         201  0.99778996825363675     
         176         202  0.96083599522114516     
         179         203  0.98584741592520553     
         180         204  0.98480537923556211     
         184         205  0.98492923736476279     
         185         206  0.98602939825742975     
         187         207  0.99819031608409725     
         188         208  0.99880296377611921     
         134         209   1.2313146333726599     
         209         210   1.2769566538678583     
         210         211   1.2726154873795912     
         211         212   1.5752377236117288     
         212         213   1.2645421228726759     
         210         214   1.2516868807080426     
         213         214   1.2213620552836144     
         213         215   1.3336856882301911     
         215         216   1.0526773279189097     
         216         217   1.4150754043910245     
         217         218   1.4631170101475923     
         218         219   1.3832238393501153     
         219         220   1.1240993566657460     
         220         221   2.9625923825471365     
         219         222   1.3831888483630568     
         216         223   1.4152181927156924     
         222         223   1.4633935829716149     
         215         224   1.3740176689367871     
         224         225   1.1608052751056062     
         225         226   1.6917479635385992     
         224         227   1.3494331862890594     
         226         228   1.1670280943728797     
         227         228   1.4173823685806359     
         135         229   1.2313258198437369     
         228         229   1.2801275098146376     
         229         230   1.2769916670993169     
         230         231   1.2726034023279766     
         231         232   1.5752529462337639     
         232         233   1.2645349295808610     
         230         234   1.2516751366281966     
         233         234   1.2213761560170306     
         233         235   1.3336864153902612     
         235         236   1.0526364631477716     
         236         237   1.4150867759781958     
         237         238   1.4631191302145636     
         238         239   1.3831998720215744     
         239         240   1.1240964595668756     
         240         241   2.9625939422773655     
         239         242   1.3832227663798631     
         236         243   1.4152436363651080     
         242         243   1.4633765813374857     
         235         244   1.3740452880563743     
         244         245   1.1607899890326816     
         245         246   1.6917729807811406     
         209         247   1.2801602853657559     
         246         247   1.1670073784821002     
         244         248   1.3494340106597673     
         247         248   1.4173713807319359     
         211         249  0.99770914113479114     
         212         250  0.99784415598517484     
         214         251  0.96079536330434578     
         217         252  0.98584623570450014     
         218         253  0.98482710653543215     
         222         254  0.98490365005089842     
         223         255  0.98601412903287367     
         225         256  0.99812346306673028     
         226         257  0.99879099693617124     
         231         258  0.99770738601627840     
         232         259  0.99784401751345708     
         234         260  0.96079650171522146     
         237         261  0.98584055096572132     
         238         262  0.98482958654640051     
         242         263  0.98490032920694992     
         243         264  0.98601602136587263     
         245         265  0.99812676530926181     
         246         266  0.99879255583112148     
         142         267   1.2315056245137397     
         267         268   1.2768000263703110     
         268         269   1.2727902744233639     
         269         270   1.5747693663687696     
         270         271   1.2647580666382312     
         268         272   1.2516115516278130     
         271         272   1.2216469603883229     
         271         273   1.3329312584290434     
         273         274   1.0525178790083571     
         274         275   1.4151404565656100     
         275         276   1.4631271267019683     
         276         277   1.3831920219574776     
         277         278   1.1241221817934426     
         278         279   2.9625508501746127     
         277         280   1.3831919276276652     
         274         281   1.4152629242713288     
         280         281   1.4633723226106188     
         273         282   1.3746726995168048     
         282         283   1.1603418945251356     
         283         284   1.6924622360073518     
         282         285   1.3494159860494668     
         284         286   1.1663731244531657     
         285         286   1.4165544174204743     
         143         287   1.2276164685443800     
         286         287   1.2816747625591656     
         287         288   1.2778285750151959     
         288         289   1.2718811687418423     
         289         290   1.5755094088355852     
         290         291   1.2642921447910982     
         288         292   1.2515225405262767     
         291         292   1.2208430594916928     
         291         293   1.3342619207219524     
         293         294   1.0526336328876003     
         294         295   1.4150455827740331     
         295         296   1.4631340029314899     
         296         297   1.3832008228246626     
         297         298   1.1241141783470436     
         298         299   2.9625784722424018     
         297         300   1.3832120505320349     
         294         301   1.4153051433169552     
         300         301   1.4633699806516898     
         293         302   1.3735665257160066     
         302         303   1.1608959104013632     
         303         304   1.6915900711822340     
         267         305   1.2800737215685500     
         304         305   1.1670525444720752     
         302         306   1.3494701657688377     
         305         306   1.4174462132204448     
         269         307  0.99767278813304028     
         270         308  0.99781179077884541     
         272         309  0.96082825125181381     
         275         310  0.98582546650225722     
         276         311  0.98480575924143210     
         280         312  0.98494140536875718     
         281         313  0.98603265693705022     
         283         314  0.99818000298221488     
         284         315  0.99883707454770676     
         289         316  0.99777074839087332     
         290         317  0.99790671441778189     
         292         318  0.96076459929095126     
         295         319  0.98585359696691832     
         296         320  0.98484482386836358     
         300         321  0.98488779952565497     
         301         322  0.98600492152886687     
         303         323  0.99808265877839086     
         304         324  0.99874657154232382     
