           2           3   1.3834352205792513     
           3           4   1.1981108888314647     
           4           5   1.6406818567679091     
           5           6   1.2064183497653203     
           1           7  0.58931629317984402     
           3           7   1.2772355038369541     
           6           7   1.2681566664046615     
           6           8   1.3655296194312834     
           8           9   1.0456249879396453     
           9          10   1.8031677923561287     
          10          11   1.0088679371954987     
          11          12  0.96657983396045966     
          12          13   1.1787031389977809     
           9          14   1.1188677142168619     
          13          14   1.7096439553544269     
           8          15   1.3621718085563450     
          15          16   1.2163573332535571     
          16          17   1.6236653379906356     
           1          18  0.58744750848477145     
          15          18   1.2588830392754364     
          17          19   1.2229680466892336     
          18          19   1.3008947954449122     
          19          20   1.2932894159518757     
          20          21   1.2940501952706791     
          21          22   1.2232800967632369     
          22          23   1.6230871441184200     
          23          24   1.2166120582564115     
           1          25  0.58725789060623923     
          21          25   1.3004294831934291     
          24          25   1.2595430794270408     
          24          26   1.3611574856828550     
          26          27   1.0462255188400114     
          27          28   1.8028408639694562     
          28          29   1.0089220745293954     
          29          30  0.96669685242900827     
          30          31   1.1784317770141048     
          27          32   1.1186670590536354     
          31          32   1.7099172257954514     
          26          33   1.3660526641344699     
          33          34   1.2061796686746329     
          34          35   1.6410912245890872     
           2          36   1.3837671835752972     
          35          36   1.1979227116573552     
           1          37  0.58968910879496816     
          33          37   1.2677813194227965     
          36          37   1.2772087938550316     
           2          38  0.99874690610519756     
           4          39  0.99504041915858787     
           5          40   1.0011835395485889     
          10          41  0.98733840695538888     
          11          42  0.98768913055427576     
          11          43  0.98044453628206119     
          12          44  0.95723887848429201     
          13          45  0.98018464840382835     
          14          46  0.98783683318156257     
          16          47   1.0006246871425759     
          17          48  0.99985552229426000     
          22          49  0.99975125647908736     
          23          50   1.0007050614587791     
          28          51  0.98738909168679845     
          29          52  0.98775859065858718     
          29          53  0.98047393607711997     
          30          54  0.95728928336164443     
          31          55  0.98014483707827071     
          32          56  0.98787544410816153     
          34          57   1.0011252030176081     
          35          58  0.99501565719908514     
          60          61   1.3837792245244025     
          61          62   1.1977138086037584     
          62          63   1.6414028981849305     
          63          64   1.2059829036559246     
          59          65  0.58685952050333168     
          61          65   1.2777652847178642     
          64          65   1.2692821271548342     
          64          66   1.3653023859395956     
          66          67   1.0459395771216131     
          67          68   1.8030160172777419     
          68          69   1.0088835316534788     
          69          70  0.96666571592487882     
          70          71   1.1785915687933077     
          67          72   1.1186865213599704     
          71          72   1.7097369333252810     
          66          73   1.3622522592128441     
          73          74   1.2153499482080525     
          74          75   1.6251062157379494     
          59          76  0.58505275854741057     
          73          76   1.2606336729960455     
          75          77   1.2219717376325478     
          76          77   1.3004996120495633     
          77          78   1.2953396780551678     
          78          79   1.2963608653505159     
          79          80   1.2221861209769023     
          80          81   1.6248809741972214     
          81          82   1.2154415311391522     
          59          83  0.58458691174157751     
          79          83   1.3000997968322450     
          82          83   1.2609142622821412     
          82          84   1.3618351125534811     
          84          85   1.0464671740600924     
          85          86   1.8025637151080598     
          86          87   1.0089945018089939     
          87          88  0.96678505071796106     
          88          89   1.1782636451882418     
          85          90   1.1186539225809278     
          89          90   1.7100837003457072     
          84          91   1.3651663743433287     
          91          92   1.2058670582685747     
          92          93   1.6414652139928352     
          60          94   1.3839772011704730     
          93          94   1.1977239424010884     
          59          95  0.58740874697440348     
          91          95   1.2693100286971382     
          94          95   1.2775511881268122     
          60          96  0.99874221945474939     
          62          97  0.99501422638411463     
          63          98   1.0011239522827249     
          68          99  0.98733817861582107     
          69         100  0.98768940164396546     
          69         101  0.98044265712984269     
          70         102  0.95720500742286452     
          71         103  0.98011730192093427     
          72         104  0.98779397928110357     
          74         105   1.0006738637683297     
          75         106  0.99993026783236816     
          80         107  0.99985618260776610     
          81         108   1.0007138726784139     
          86         109  0.98739129111373869     
          87         110  0.98774465001574563     
          87         111  0.98041597059443708     
          88         112  0.95731650328450280     
          89         113  0.98011466312377737     
          90         114  0.98781291931825033     
          92         115   1.0010870112847474     
          93         116  0.99499475065236231     
          20         118   1.2147067384715124     
         117         118   2.5021643539135354     
         117         119   1.3215106506474668     
         118         120  0.17528340246002974     
         119         120   2.4996087625802108     
         121         122   2.5035994736087841     
         121         123   1.3181175446946509     
          78         124   1.2109880864464906     
         122         124  0.17557902865098218     
         123         124   2.5059976523691865     
         120         126   1.2172008751294232     
         126         127   1.2883663086951633     
         127         128   1.2262983733785382     
         128         129   1.6192006133406134     
         129         130   1.2187329652702044     
         125         131  0.60286477776806136     
         127         131   1.3003084041248707     
         130         131   1.2491878981579809     
         130         132   1.3670600056699216     
         132         133   1.0440563538092604     
         133         134   1.8026391677169133     
         134         135   1.0086484239718543     
         135         136  0.96749381723213213     
         136         137   1.1773934196993443     
         133         138   1.1200172935137289     
         137         138   1.7076325694328949     
         132         139   1.3629894754984502     
         139         140   1.2206062720363904     
         140         141   1.6184237978532809     
         125         142  0.60479102329353440     
         139         142   1.2508111520580365     
         141         143   1.2259829888730003     
         142         143   1.2984690363508882     
         122         144   1.2136913786790042     
         143         144   1.2900523654790224     
         144         145   1.2908879211466269     
         145         146   1.2261035592842071     
         146         147   1.6191209673122660     
         147         148   1.2190393579862526     
         125         149  0.60310999977407520     
         145         149   1.2989479223366092     
         148         149   1.2505806894123905     
         148         150   1.3651684582425576     
         150         151   1.0458510378726222     
         151         152   1.8039199859385788     
         152         153   1.0090583633341164     
         153         154  0.96646701963893233     
         154         155   1.1782190400701755     
         151         156   1.1184303632986534     
         155         156   1.7102620382745326     
         150         157   1.3634106616324995     
         157         158   1.2202193982466731     
         158         159   1.6184192883762685     
         126         160   1.2891042934892356     
         159         160   1.2260211888609818     
         125         161  0.60458555900753863     
         157         161   1.2504457844957610     
         160         161   1.2991016705884266     
         128         162   1.0001982743614080     
         129         163   1.0014507572092008     
         134         164  0.98626549498377114     
         135         165  0.97798159269387963     
         135         166  0.98794893901426251     
         136         167  0.95725248844860999     
         137         168  0.98027457889681369     
         138         169  0.98847131018492596     
         140         170   1.0003508344003895     
         141         171   1.0001372952472523     
         146         172   1.0000921806791148     
         147         173   1.0006875225877039     
         152         174  0.98736897546693314     
         153         175  0.98020634537888318     
         153         176  0.98780823540441653     
         154         177  0.95752280284843605     
         155         178  0.98031537432335025     
         156         179  0.98798754580109449     
         158         180   1.0013202295714581     
         159         181   1.0000397011204702     
