   -0.02259283
    0.06198841
   -0.03518076
   -0.03238945
    0.06286269
   -0.15928300
    0.00914701
    0.05937767
   -0.03663522
   -0.03594377
   -0.28492070
    0.06413841
    0.01780095
    0.06602302
   -0.03191754
   -0.03196151
    0.06205886
    0.00837274
    0.00434482
   -0.02574239
   -0.00063179
   -0.06120324
   -0.03087308
   -0.00062562
   -0.06124784
   -0.02625854
    0.06043040
   -0.03779388
   -0.04029693
    0.05891006
   -0.28764544
   -0.15710184
    0.00446343
   -0.02501890
   -0.00014205
   -0.06090439
   -0.03069970
   -0.00089599
   -0.06142011
   -0.02673370
    0.02804895
    0.03847529
    0.02796308
    0.16338003
    0.01883532
    0.02013073
    0.02994984
    0.02828818
    0.02404208
    0.02634071
    0.02171165
    0.02181986
    0.03114312
    0.02348734
    0.02199834
    0.02565951
    0.02519010
    0.01837151
    0.02834041
    0.16134912
    0.02490244
    0.02304799
    0.02036003
    0.02830844
    0.03112548
    0.02187559
    0.02629450
    0.02162818
    0.02448257
   -0.02264178
    0.06197145
   -0.03519132
   -0.03236438
    0.06284297
   -0.15928387
    0.00910261
    0.05932902
   -0.03663383
   -0.03595351
   -0.28493142
    0.06405483
    0.01779777
    0.06596799
   -0.03181458
   -0.03193231
    0.06212227
    0.00830181
    0.00440642
   -0.02555939
   -0.00050846
   -0.06120880
   -0.03076536
   -0.00060485
   -0.06125216
   -0.02633265
    0.06043404
   -0.03781361
   -0.04031397
    0.05888375
   -0.28764120
   -0.15713187
    0.00444611
   -0.02494148
   -0.00005694
   -0.06084928
   -0.03060899
   -0.00089740
   -0.06147151
   -0.02673517
    0.02800843
    0.03843833
    0.02791570
    0.16330844
    0.01897169
    0.02010736
    0.02960330
    0.02832372
    0.02417975
    0.02618124
    0.02184157
    0.02187095
    0.03133726
    0.02295094
    0.02220571
    0.02553431
    0.02498555
    0.01827538
    0.02829773
    0.16127615
    0.02498656
    0.02301257
    0.02037648
    0.02828787
    0.03128545
    0.02171034
    0.02636833
    0.02152070
    0.02443104
   -0.02590498
   -0.02308038
   -0.02564668
   -0.02428264
   -0.02509315
   -0.02475823
   -0.02485186
   -0.02482930
   -0.02484613
   -0.02484098
   -0.02476874
   -0.02510531
   -0.02427946
   -0.02570629
   -0.02301353
   -0.02583395
    0.01401916
    0.06528739
   -0.03448591
   -0.03281139
    0.06027864
   -0.15689398
    0.01112199
    0.05779008
   -0.03737226
   -0.03787751
   -0.28421261
    0.06348458
    0.01658770
    0.06595363
   -0.03242828
   -0.03214388
    0.06090902
    0.01124981
    0.00515892
   -0.02463036
   -0.00018909
   -0.06090405
   -0.03050427
   -0.00042509
   -0.06102864
   -0.02562336
    0.05832725
   -0.03683467
   -0.03764923
    0.06358605
   -0.28510774
   -0.15605594
    0.00511591
   -0.02600103
   -0.00070227
   -0.06123381
   -0.03061420
   -0.00017189
   -0.06092850
   -0.02464805
    0.02722918
    0.02645357
    0.16105385
    0.01728093
    0.01853562
    0.02827684
    0.02707218
    0.02426061
    0.02524269
    0.02195585
    0.02204333
    0.03084920
    0.02274410
    0.02694755
    0.02056103
    0.02556498
    0.01736531
    0.01797181
    0.16074831
    0.02505323
    0.02086947
    0.02238233
    0.02601764
    0.03088431
    0.02315646
    0.02184828
    0.02542571
    0.02456395
    0.01481972
    0.06575416
   -0.03335445
   -0.03237917
    0.06029074
   -0.15638323
    0.01153333
    0.05767036
   -0.03724206
   -0.03811375
   -0.28421531
    0.06344794
    0.01585153
    0.06588974
   -0.03284245
   -0.03224935
    0.06045251
    0.01145691
    0.00516966
   -0.02459481
   -0.00030463
   -0.06088528
   -0.03052221
   -0.00047371
   -0.06100940
   -0.02551005
    0.05767030
   -0.03724694
   -0.03843146
    0.06333094
   -0.28447326
   -0.15620673
    0.00518276
   -0.02558952
   -0.00056956
   -0.06103412
   -0.03052919
   -0.00023599
   -0.06086204
   -0.02449478
    0.02740078
    0.02643389
    0.16075192
    0.01712527
    0.01823659
    0.02793704
    0.02672988
    0.02400712
    0.02531072
    0.02181061
    0.02226257
    0.03067028
    0.02292182
    0.02685501
    0.02037520
    0.02576582
    0.01695327
    0.01773397
    0.16070226
    0.02556224
    0.02038853
    0.02283099
    0.02639785
    0.03063436
    0.02274126
    0.02186337
    0.02526617
    0.02422773
    0.01554085
    0.06582518
   -0.03301430
   -0.03226039
    0.06046416
   -0.15622842
    0.01155172
    0.05776711
   -0.03717055
   -0.03810870
   -0.28424454
    0.06346295
    0.01574127
    0.06590702
   -0.03285136
   -0.03218121
    0.06050933
    0.01155579
    0.00517741
   -0.02455575
   -0.00026560
   -0.06087213
   -0.03050785
   -0.00048565
   -0.06101059
   -0.02552124
    0.05774851
   -0.03722094
   -0.03824286
    0.06339111
   -0.28425428
   -0.15623184
    0.00517901
   -0.02554457
   -0.00051371
   -0.06100894
   -0.03050834
   -0.00024615
   -0.06086476
   -0.02453595
    0.02770736
    0.02662379
    0.16077763
    0.01716109
    0.01818879
    0.02791162
    0.02673957
    0.02409603
    0.02528810
    0.02186724
    0.02243839
    0.03066452
    0.02291240
    0.02676213
    0.02039238
    0.02575159
    0.01707716
    0.01800603
    0.16077025
    0.02567007
    0.02038404
    0.02289885
    0.02661634
    0.03064393
    0.02265112
    0.02180023
    0.02530495
    0.02418790
    0.01577919
    0.06590093
   -0.03284319
   -0.03216432
    0.06056400
   -0.15619728
    0.01156681
    0.05781788
   -0.03716298
   -0.03810674
   -0.28420769
    0.06344268
    0.01579409
    0.06589964
   -0.03283815
   -0.03216577
    0.06056828
    0.01156350
    0.00517186
   -0.02454244
   -0.00024362
   -0.06087004
   -0.03049708
   -0.00048690
   -0.06100685
   -0.02553648
    0.05782277
   -0.03716601
   -0.03811523
    0.06343937
   -0.28421414
   -0.15619307
    0.00517385
   -0.02553741
   -0.00048749
   -0.06100491
   -0.03049384
   -0.00024432
   -0.06086799
   -0.02454897
    0.02785996
    0.02674302
    0.16079912
    0.01716786
    0.01817619
    0.02787165
    0.02674460
    0.02416742
    0.02529288
    0.02191613
    0.02250327
    0.03068303
    0.02289813
    0.02671630
    0.02041638
    0.02572100
    0.01716983
    0.01817208
    0.16079935
    0.02572180
    0.02039879
    0.02291796
    0.02671294
    0.03067062
    0.02259788
    0.02178800
    0.02534186
    0.02417902
    0.01572313
    0.06590267
   -0.03286674
   -0.03218593
    0.06050206
   -0.15622695
    0.01155968
    0.05773197
   -0.03723271
   -0.03825091
   -0.28426090
    0.06338595
    0.01553775
    0.06582824
   -0.03301851
   -0.03226658
    0.06045822
    0.01155249
    0.00518362
   -0.02453277
   -0.00024730
   -0.06086956
   -0.03051644
   -0.00051130
   -0.06100814
   -0.02554258
    0.05775908
   -0.03717919
   -0.03811529
    0.06345561
   -0.28425472
   -0.15622258
    0.00517795
   -0.02552592
   -0.00049001
   -0.06100488
   -0.03050790
   -0.00026838
   -0.06087069
   -0.02455494
    0.02788513
    0.02673242
    0.16076408
    0.01706277
    0.01801521
    0.02768587
    0.02661106
    0.02418442
    0.02525481
    0.02192602
    0.02254898
    0.03065469
    0.02287317
    0.02662122
    0.02039970
    0.02566634
    0.01715016
    0.01818587
    0.16077420
    0.02573564
    0.02037413
    0.02292000
    0.02676757
    0.03064510
    0.02253018
    0.02173936
    0.02533824
    0.02411621
    0.01582291
    0.06588005
   -0.03287084
   -0.03226152
    0.06042186
   -0.15621194
    0.01147154
    0.05762365
   -0.03725161
   -0.03846251
   -0.28446842
    0.06332165
    0.01477975
    0.06572132
   -0.03341363
   -0.03240168
    0.06024858
    0.01154905
    0.00517858
   -0.02447939
   -0.00024294
   -0.06085888
   -0.03052894
   -0.00057008
   -0.06103584
   -0.02557177
    0.05765144
   -0.03723413
   -0.03812176
    0.06344786
   -0.28420018
   -0.15639216
    0.00517261
   -0.02550477
   -0.00047993
   -0.06100995
   -0.03051699
   -0.00030407
   -0.06088095
   -0.02458892
    0.02794057
    0.02670486
    0.16069502
    0.01697858
    0.01774205
    0.02738173
    0.02643530
    0.02418728
    0.02518685
    0.02199834
    0.02263796
    0.03063305
    0.02285471
    0.02642649
    0.02038223
    0.02557322
    0.01711952
    0.01823339
    0.16072204
    0.02579226
    0.02034390
    0.02294367
    0.02685398
    0.03064310
    0.02237809
    0.02167171
    0.02535973
    0.02397726
    0.01664618
    0.06593705
   -0.03245337
   -0.03217133
    0.06090069
   -0.15606876
    0.01122110
    0.05838431
   -0.03689731
   -0.03771984
   -0.28517013
    0.06357703
    0.01407655
    0.06533560
   -0.03457740
   -0.03282823
    0.06022183
    0.01118465
    0.00505843
   -0.02477106
   -0.00026408
   -0.06090973
   -0.03070604
   -0.00072459
   -0.06122749
   -0.02590999
    0.05775944
   -0.03734552
   -0.03788310
    0.06348649
   -0.28419224
   -0.15692219
    0.00514531
   -0.02566605
   -0.00046481
   -0.06099376
   -0.03059541
   -0.00027136
   -0.06096821
   -0.02469330
    0.02827851
    0.02711522
    0.16079656
    0.01723420
    0.01817430
    0.02766827
    0.02643350
    0.02437411
    0.02512292
    0.02227118
    0.02302968
    0.03070474
    0.02271624
    0.02613997
    0.02074162
    0.02526837
    0.01739967
    0.01856178
    0.16112216
    0.02557216
    0.02049379
    0.02282148
    0.02710954
    0.03064540
    0.02242896
    0.02165483
    0.02534775
    0.02419754
