   -0.01967958
    0.06362492
   -0.03241547
   -0.03136622
    0.06399019
   -0.15779300
    0.00933357
    0.01474898
   -0.01599011
   -0.01079038
    0.01684690
    0.11288966
   -0.26394541
   -0.01147853
   -0.01755920
    0.06018629
   -0.03648054
   -0.03558369
   -0.28333279
    0.06445592
    0.01930907
    0.06703442
   -0.02970339
   -0.03089617
    0.06332976
   -0.15595010
    0.00898844
    0.01475737
   -0.01637660
   -0.01102077
    0.01680276
    0.11285539
   -0.26419482
   -0.01122939
   -0.01713590
    0.06193401
   -0.03670111
   -0.03755473
    0.06062544
   -0.28569333
    0.03264730
    0.04352415
    0.03407354
    0.16518036
    0.03344267
    0.04447999
    0.04370629
    0.03335980
    0.02491464
    0.02340168
    0.03363149
    0.03483574
    0.16311820
    0.03312148
    0.04388530
    0.04405674
    0.03355820
    0.02449057
    0.03345209
   -0.01982065
    0.06349114
   -0.03261161
   -0.03153018
    0.06381784
   -0.15780933
    0.00938987
    0.01484444
   -0.01600545
   -0.01076219
    0.01683379
    0.11288740
   -0.26388006
   -0.01151550
   -0.01747818
    0.05995005
   -0.03667503
   -0.03579945
   -0.28325909
    0.06460277
    0.01897043
    0.06715985
   -0.02986146
   -0.03105730
    0.06318717
   -0.15583568
    0.00902243
    0.01481352
   -0.01644045
   -0.01117538
    0.01678344
    0.11285384
   -0.26414834
   -0.01106617
   -0.01699840
    0.06182540
   -0.03679194
   -0.03767469
    0.06050163
   -0.28575587
    0.03244053
    0.04329917
    0.03384789
    0.16508253
    0.03358122
    0.04463668
    0.04348873
    0.03332982
    0.02411499
    0.02271385
    0.03275304
    0.03410572
    0.16307748
    0.03282795
    0.04352962
    0.04442122
    0.03409682
    0.02431663
    0.03326396
   -0.02445724
   -0.02165906
   -0.02486053
   -0.02330749
   -0.02423864
   -0.02384868
   -0.02398646
   -0.02399660
   -0.02385438
   -0.02420376
   -0.02333178
   -0.02470346
   -0.02222925
   -0.02483116
    0.01544415
    0.06633385
   -0.03238271
   -0.03179564
    0.06130182
   -0.15586071
    0.01152027
    0.01521819
   -0.01694171
   -0.01138411
    0.01699501
    0.11295036
   -0.26393210
   -0.01068008
   -0.01565707
    0.05868455
   -0.03681626
   -0.03663811
   -0.28273110
    0.06449486
    0.01776670
    0.06672385
   -0.03129876
   -0.03169983
    0.06158174
   -0.15509398
    0.01109279
    0.01516123
   -0.01676675
   -0.01104529
    0.01695127
    0.11293688
   -0.26402471
   -0.01102507
   -0.01589580
    0.05911598
   -0.03676521
   -0.03735228
    0.06385522
   -0.28387571
    0.03121170
    0.03278070
    0.16267276
    0.03329075
    0.04341667
    0.04443792
    0.03320660
    0.02350665
    0.02177612
    0.03145564
    0.03305026
    0.16249684
    0.03399216
    0.04424084
    0.04356538
    0.03262552
    0.02338251
    0.02148481
    0.01583754
    0.06643475
   -0.03234701
   -0.03191898
    0.06094962
   -0.15531990
    0.01174381
    0.01521329
   -0.01672332
   -0.01122385
    0.01708281
    0.11299491
   -0.26382154
   -0.01080303
   -0.01558632
    0.05850824
   -0.03678100
   -0.03693442
   -0.28281808
    0.06434489
    0.01695319
    0.06659016
   -0.03180719
   -0.03178992
    0.06112004
   -0.15507959
    0.01163253
    0.01520201
   -0.01661712
   -0.01108971
    0.01707491
    0.11299820
   -0.26380966
   -0.01093530
   -0.01572732
    0.05847401
   -0.03684660
   -0.03731859
    0.06418140
   -0.28317185
    0.03036404
    0.03230525
    0.16237316
    0.03372783
    0.04373211
    0.04404837
    0.03269617
    0.02318905
    0.02142596
    0.03094491
    0.03259059
    0.16233491
    0.03396073
    0.04401652
    0.04376592
    0.03245099
    0.02301599
    0.02088361
    0.01658336
    0.06654015
   -0.03198703
   -0.03180148
    0.06110328
   -0.15515237
    0.01173658
    0.01520197
   -0.01666042
   -0.01113330
    0.01710497
    0.11301662
   -0.26377140
   -0.01084726
   -0.01563742
    0.05858003
   -0.03674618
   -0.03696983
   -0.28286025
    0.06431848
    0.01678842
    0.06659152
   -0.03184187
   -0.03173950
    0.06116048
   -0.15514692
    0.01171375
    0.01519908
   -0.01663488
   -0.01111451
    0.01710365
    0.11301589
   -0.26377513
   -0.01086927
   -0.01566731
    0.05856600
   -0.03679553
   -0.03708277
    0.06424548
   -0.28293373
    0.03068990
    0.03247981
    0.16240175
    0.03384952
    0.04387554
    0.04395455
    0.03260969
    0.02318354
    0.02131270
    0.03085407
    0.03255343
    0.16239267
    0.03390831
    0.04395434
    0.04387651
    0.03255155
    0.02311770
    0.02116286
    0.01680337
    0.06658565
   -0.03183791
   -0.03173534
    0.06117200
   -0.15510958
    0.01171997
    0.01520149
   -0.01664463
   -0.01110843
    0.01710822
    0.11301937
   -0.26375741
   -0.01086367
   -0.01566009
    0.05855451
   -0.03677441
   -0.03705824
   -0.28291880
    0.06427609
    0.01660168
    0.06652797
   -0.03196679
   -0.03179221
    0.06113640
   -0.15516556
    0.01172190
    0.01519699
   -0.01666759
   -0.01114837
    0.01710627
    0.11301510
   -0.26377215
   -0.01083154
   -0.01563031
    0.05858745
   -0.03674059
   -0.03696140
    0.06432535
   -0.28285847
    0.03086286
    0.03256902
    0.16239123
    0.03390612
    0.04394425
    0.04390545
    0.03258172
    0.02312269
    0.02118820
    0.03071375
    0.03250141
    0.16239212
    0.03385163
    0.04388440
    0.04395818
    0.03261973
    0.02317634
    0.02133727
    0.01696663
    0.06660251
   -0.03179039
   -0.03178090
    0.06114392
   -0.15510171
    0.01163018
    0.01520639
   -0.01662741
   -0.01109928
    0.01707036
    0.11299737
   -0.26381144
   -0.01091859
   -0.01573418
    0.05852695
   -0.03683525
   -0.03725930
   -0.28315823
    0.06419243
    0.01595155
    0.06649716
   -0.03225751
   -0.03188951
    0.06100002
   -0.15529910
    0.01173553
    0.01520865
   -0.01670350
   -0.01119452
    0.01707143
    0.11299592
   -0.26381897
   -0.01083070
   -0.01562548
    0.05854406
   -0.03678048
   -0.03693017
    0.06433223
   -0.28282541
    0.03093186
    0.03260728
    0.16235915
    0.03394770
    0.04399007
    0.04381509
    0.03251567
    0.02297894
    0.02094125
    0.03039590
    0.03228842
    0.16240977
    0.03379802
    0.04382125
    0.04399196
    0.03265444
    0.02322880
    0.02141212
    0.01769717
    0.06668823
   -0.03139033
   -0.03176500
    0.06149768
   -0.15504755
    0.01127469
    0.01523874
   -0.01668357
   -0.01103540
    0.01696871
    0.11294767
   -0.26389408
   -0.01100149
   -0.01595674
    0.05895318
   -0.03686021
   -0.03738376
   -0.28372281
    0.06407223
    0.01534426
    0.06653755
   -0.03236052
   -0.03185219
    0.06125819
   -0.15562582
    0.01165505
    0.01527388
   -0.01682601
   -0.01123558
    0.01699167
    0.11296565
   -0.26383258
   -0.01079302
   -0.01571886
    0.05870377
   -0.03685202
   -0.03669401
    0.06443909
   -0.28274901
    0.03136039
    0.03292678
    0.16248097
    0.03403890
    0.04414929
    0.04374191
    0.03279132
    0.02286699
    0.02100763
    0.03046265
    0.03219794
    0.16268954
    0.03381341
    0.04378027
    0.04419040
    0.03304596
    0.02340014
    0.02170104
