   -0.03753238
    0.05728896
   -0.04478481
   -0.03946943
    0.05477860
   -0.16531838
    0.00422739
   -0.00190579
   -0.04627335
    0.07173204
   -0.30498883
    0.06472300
   -0.30504920
    0.07994771
   -0.29638637
   -0.04086653
    0.05115742
   -0.04451880
   -0.04446735
   -0.29206935
    0.06034327
    0.00555674
    0.06180991
   -0.04160308
   -0.04031998
    0.05427252
   -0.16132812
    0.00178752
   -0.00211841
   -0.04023682
    0.08041574
   -0.29530288
    0.06437654
   -0.30512858
    0.07084429
   -0.30608990
   -0.04736388
    0.05304359
   -0.04430315
   -0.04743642
    0.05381020
   -0.29752972
    0.01437617
    0.02674388
    0.02288808
    0.15886144
    0.02893789
    0.22991483
    0.23494687
    0.22964585
    0.02991381
    0.01396372
    0.01621297
    0.02511913
    0.02337149
    0.15715228
    0.03109817
    0.22988101
    0.23422785
    0.22838579
    0.02727256
    0.01293527
    0.01749636
   -0.03754674
    0.05728767
   -0.04478862
   -0.03947352
    0.05477408
   -0.16532113
    0.00422769
   -0.00189699
   -0.04627754
    0.07173597
   -0.30498333
    0.06471515
   -0.30506205
    0.07994997
   -0.29638250
   -0.04087017
    0.05116246
   -0.04450818
   -0.04446301
   -0.29205999
    0.06035022
    0.00554927
    0.06180910
   -0.04160031
   -0.04031741
    0.05427577
   -0.16132162
    0.00178692
   -0.00211286
   -0.04023927
    0.08041497
   -0.29530447
    0.06437614
   -0.30513138
    0.07084936
   -0.30608493
   -0.04735642
    0.05304536
   -0.04430019
   -0.04743975
    0.05380813
   -0.29752384
    0.01438630
    0.02673846
    0.02288397
    0.15885809
    0.02894592
    0.22991240
    0.23494345
    0.22964722
    0.02992253
    0.01397650
    0.01621685
    0.02512850
    0.02337234
    0.15714557
    0.03110116
    0.22987994
    0.23422789
    0.22838637
    0.02728012
    0.01293777
    0.01749354
   -0.02980864
   -0.02980646
   -0.03315196
   -0.02816909
   -0.03315164
   -0.02817254
