           1           2   1.3615499014698453     
           2           3   1.2464050786648955     
           3           4   1.5786603293896897     
           4           5   1.2619465138595025     
           2           6   1.2311841873588663     
           5           6   1.2154472381919816     
           5           7   1.3379086790201409     
           7           8   1.0509707922101645     
           8           9   1.4121721960239679     
           9          10   1.4636378269295460     
          10          11   1.3789445960519899     
          11          12   1.1396270111280100     
          11          13   1.3797994991407483     
           8          14   1.4123956935438204     
          13          14   1.4615866121952681     
           7          15   1.3686597651005390     
          15          16   1.1707848612873255     
          16          17   1.6747068739075726     
          15          18   1.3428879817879904     
          17          19   1.1790343902868474     
          18          19   1.4224684092556472     
          19          20   1.2703796721610434     
          20          21   1.2656751481467921     
          21          22   1.2868973699910682     
          22          23   1.5540305616552650     
          23          24   1.2762218365717046     
          21          25   1.2519929359329314     
          24          25   1.2180495553215378     
          24          26   1.3235093344656887     
          26          27   1.0517529061118032     
          27          28   1.4115885003052053     
          28          29   1.4627692904303005     
          29          30   1.3794140868668143     
          30          31   1.1385505743519175     
          30          32   1.3797124062388264     
          27          33   1.4120767181315146     
          32          33   1.4624402716339926     
          26          34   1.3721098590077101     
          34          35   1.1566139482276012     
          35          36   1.6978818979552406     
           1          37   1.3747258745822319     
          36          37   1.1504999493164456     
          34          38   1.3618900780314795     
          37          38   1.3802020591179844     
           1          39  0.99770433756999399     
           3          40  0.99557283067318869     
           4          41   1.0015507019686867     
           6          42  0.96407405866042462     
           9          43  0.99070066884857944     
          10          44  0.99008477645929516     
          12          45  0.97407095297716062     
          12          46  0.97339632383154595     
          13          47  0.99042946251379871     
          14          48  0.99048446990086714     
          16          49   1.0008038718358621     
          17          50  0.99790800967876025     
          22          51  0.99697187509960661     
          23          52   1.0006302079193836     
          25          53  0.96424175597053785     
          28          54  0.99087742793347311     
          29          55  0.99039573023136385     
          31          56  0.97420325981290157     
          31          57  0.97419318900179785     
          32          58  0.99020188210616733     
          33          59  0.99040801288778013     
          35          60   1.0020355109487806     
          36          61  0.99619014068072886     
          62          63   1.3615520927573388     
          63          64   1.2464029775612264     
          64          65   1.5786631808799880     
          65          66   1.2619440350275044     
          63          67   1.2311843065402865     
          66          67   1.2154457826757574     
          66          68   1.3379169018369219     
          68          69   1.0509480128056947     
          69          70   1.4121820377784493     
          70          71   1.4636325364821281     
          71          72   1.3789479557438669     
          72          73   1.1396239574761766     
          72          74   1.3798029160425129     
          69          75   1.4124075420791051     
          74          75   1.4615805767161034     
          68          76   1.3686674924458759     
          76          77   1.1707833236172047     
          77          78   1.6747107912927746     
          76          79   1.3428859857716662     
          78          80   1.1790304993698988     
          79          80   1.4224697889017393     
          80          81   1.2703834765880191     
          81          82   1.2656721206254060     
          82          83   1.2869017529268232     
          83          84   1.5540267813498572     
          84          85   1.2762242013418632     
          82          86   1.2519909160296587     
          85          86   1.2180537433573353     
          85          87   1.3235002883762450     
          87          88   1.0517789077610806     
          88          89   1.4115748630911125     
          89          90   1.4627765072290386     
          90          91   1.3794094377685882     
          91          92   1.1385545462472275     
          91          93   1.3797090234490357     
          88          94   1.4120656546253643     
          93          94   1.4624455084022434     
          87          95   1.3720996747907390     
          95          96   1.1566150091815979     
          96          97   1.6978794010232294     
          62          98   1.3747247057498428     
          97          98   1.1505022970909393     
          95          99   1.3618951085019599     
          98          99   1.3802003043191458     
          62         100  0.99770438473381029     
          64         101  0.99557307722957034     
          65         102   1.0015520074037221     
          67         103  0.96407391704907275     
          70         104  0.99069990373090078     
          71         105  0.99008472665618930     
          73         106  0.97407095071940863     
          73         107  0.97339756118889875     
          74         108  0.99042963027681674     
          75         109  0.99048346407345544     
          77         110   1.0008053067078955     
          78         111  0.99790690217013645     
          83         112  0.99697291424614476     
          84         113   1.0006288966494590     
          86         114  0.96424176278063123     
          89         115  0.99087871418878271     
          90         116  0.99039552493537186     
          92         117  0.97420175601564807     
          92         118  0.97419329771262486     
          93         119  0.99020195104532449     
          94         120  0.99040897510720305     
          96         121   1.0020341471375316     
          97         122  0.99618989271589720     
          20         123   1.2371560175481406     
          81         124   1.2371553505450050     
         123         124   2.5814402324327093     
