           2           3   1.3880864051480279     
           3           4   1.2064825688795597     
           4           5   1.6250608225450427     
           5           6   1.2188757705449325     
           1           7  0.60565472896864814     
           3           7   1.2512664823155728     
           6           7   1.2950970140405016     
           6           8   1.2974651183797687     
           8           9   1.1933449587981269     
           9          10   2.6477506151503665     
          10          11   1.1603450462777225     
          11          12   1.3669716145283990     
          12          13   1.4677770264156926     
          13          14   1.4635653805127733     
          14          15   1.4637553839939998     
          11          16   1.3665479315398732     
          15          16   1.4680097409998352     
           8          17   1.2987908050392634     
          17          18   1.2283790043326244     
          18          19   1.6083731945847546     
           1          20  0.60540410439990622     
          17          20   1.2807270649541074     
          19          21   1.2311315209122085     
          20          21   1.2747831043915798     
          21          22   1.2953148819914480     
          22          23   1.2956807447378733     
          23          24   1.2310539462449548     
          24          25   1.6084719345873482     
          25          26   1.2282268424123910     
           1          27  0.60496794692892775     
          23          27   1.2747511140266163     
          26          27   1.2808264462947163     
          26          28   1.2990646493238787     
          28          29   1.1933271549366105     
          29          30   2.6477676960681218     
          30          31   1.1603433335000459     
          31          32   1.3668921261337501     
          32          33   1.4678331994403639     
          33          34   1.4635226737137024     
          34          35   1.4637757786412799     
          31          36   1.3666126800577461     
          35          36   1.4679749891034242     
          28          37   1.2971790113150827     
          37          38   1.2189556660075240     
          38          39   1.6249926264509489     
           2          40   1.3881082948871388     
          39          40   1.2065405859238039     
           1          41  0.60596987163719396     
          37          41   1.2951136975164697     
          40          41   1.2511651452526864     
           2          42  0.99848982776389583     
           4          43  0.99451740930345911     
           5          44   1.0010648738453809     
          12          45  0.98880913085775046     
          13          46  0.98319868433806268     
          15          47  0.98351316652969822     
          16          48  0.98930453353127579     
          18          49   1.0003567733395236     
          19          50  0.99967675927497679     
          24          51  0.99963952513885745     
          25          52   1.0002906341488549     
          32          53  0.98881052820121007     
          33          54  0.98319916536886087     
          35          55  0.98351616647805584     
          36          56  0.98930458578878733     
          38          57   1.0011416485095561     
          39          58  0.99450408814269442     
          60          61   1.3880729309767434     
          61          62   1.2064522239644531     
          62          63   1.6250874488338871     
          63          64   1.2188523586017337     
          59          65  0.60550308973857769     
          61          65   1.2513344168522866     
          64          65   1.2950922210360767     
          64          66   1.2975175710848992     
          66          67   1.1933298410088142     
          67          68   2.6477690247821837     
          68          69   1.1603302524948738     
          69          70   1.3670550356752647     
          70          71   1.4677344163430106     
          71          72   1.4636120780546058     
          72          73   1.4637128495312905     
          69          74   1.3664787965752969     
          73          74   1.4680524587844253     
          66          75   1.2987399892516995     
          75          76   1.2283634365640712     
          76          77   1.6083779577038742     
          59          78  0.60555756813011552     
          75          78   1.2807846087200372     
          77          79   1.2311501763159787     
          78          79   1.2746662700975697     
          79          80   1.2954015878340743     
          80          81   1.2956214041843637     
          81          82   1.2310098170434216     
          82          83   1.6085234715670804     
          83          84   1.2281869355618416     
          59          85  0.60484116586007908     
          81          85   1.2748550888085546     
          84          85   1.2808191428948068     
          84          86   1.2991096303648726     
          86          87   1.1933079401344122     
          87          88   2.6477867156850627     
          88          89   1.1603326632749713     
          89          90   1.3669022063984257     
          90          91   1.4678249395139293     
          91          92   1.4635324154264704     
          92          93   1.4637754219608929     
          89          94   1.3666209762447032     
          93          94   1.4679740640227394     
          86          95   1.2971851847561620     
          95          96   1.2189817643198657     
          96          97   1.6249798318741806     
          60          98   1.3881004158378158     
          97          98   1.2065399121988898     
          59          99  0.60611221062902687     
          95          99   1.2950668414948838     
          98          99   1.2511693557583141     
          60         100  0.99849065848854068     
          62         101  0.99451973889216083     
          63         102   1.0010537646493318     
          70         103  0.98879344303206418     
          71         104  0.98320222812502645     
          73         105  0.98350913399137896     
          74         106  0.98931679283046914     
          76         107   1.0003667100754330     
          77         108  0.99967060703003263     
          82         109  0.99964339479549524     
          83         110   1.0002903614875469     
          90         111  0.98881113989147473     
          91         112  0.98319687466945505     
          93         113  0.98351731421921407     
          94         114  0.98930063032412330     
          96         115   1.0011408605764309     
          97         116  0.99450343146186027     
         117         118   2.3808511646989245     
         118         119   1.3519731982988501     
          22         120   1.2181074872662618     
         117         120  0.17058357343739691     
         119         120   2.4791359569872351     
         117         121   1.3519652410459639     
          80         122   1.2180940871312209     
         118         122  0.17058082938746749     
         121         122   2.4791575616833650     
