           1           2   1.3697268704276326     
           2           3   1.2408383241823870     
           3           4   1.5950248611438191     
           4           5   1.2518382287417731     
           2           6   1.2297385064228612     
           5           6   1.2264372812224154     
           5           7   1.3397483601053104     
           7           8   1.0504295636646945     
           8           9   1.4258326997493915     
           9          10   1.4477787335774810     
          10          11   1.4780481342508405     
           9          12  0.10109308202690183     
          11          12   1.4784730225673033     
           8          13   1.4250846968449373     
          10          13  0.10081364446630166     
          12          13   1.4478199945445016     
           7          14   1.3672484401002203     
          14          15   1.1614557325157500     
          15          16   1.6904378715006640     
          14          17   1.3519129546618733     
          16          18   1.1668252618244752     
          17          18   1.4151598728527188     
          18          19   1.2843218034759838     
          19          20   1.2821506653701884     
          20          21   1.2708911630996123     
          21          22   1.5763152580367377     
          22          23   1.2615081161020025     
          20          24   1.2494490704524983     
          23          24   1.2220926941071908     
          23          25   1.3359156309019855     
          25          26   1.0531471945522761     
          26          27   1.4240529508726827     
          27          28   1.4482836857736634     
          28          29   1.4779335075938229     
          27          30  0.10055637548177791     
          29          30   1.4774844937331333     
          26          31   1.4238192443784157     
          28          31  0.10059662026019747     
          30          31   1.4486983054476292     
          25          32   1.3601906792824263     
          32          33   1.1515866537780910     
          33          34   1.7072415567655339     
           1          35   1.3837890760243035     
          34          35   1.1462581054198004     
          32          36   1.3762065479378067     
          35          36   1.3748899179123619     
           1          37  0.99587255076752568     
           3          38  0.99271779330290688     
           4          39  0.99789619681308539     
           6          40  0.96079588219861856     
           9          41  0.98773180373806169     
          10          42  0.98313724168364069     
          12          43  0.98326937695852967     
          13          44  0.98780447178726705     
          15          45  0.99738239940145290     
          16          46  0.99938762013889082     
          21          47  0.99831224177466760     
          22          48  0.99691111891447381     
          24          49  0.95997127472056865     
          27          50  0.98775294956987381     
          28          51  0.98314654070469309     
          30          52  0.98344100119286793     
          31          53  0.98810307485419691     
          33          54  0.99837754227064013     
          34          55  0.99329531604314913     
          56          57   1.3698287933639557     
          57          58   1.2407968671663074     
          58          59   1.5950441626618799     
          59          60   1.2518149465433048     
          57          61   1.2296852306200516     
          60          61   1.2264442861115401     
          60          62   1.3397019655352640     
          62          63   1.0511716467121721     
          63          64   1.4253628770974249     
          64          65   1.4480068659690375     
          65          66   1.4778441340683484     
          64          67  0.10102049559690589     
          66          67   1.4785529845865946     
          63          68   1.4249215033872069     
          65          68  0.10076751650640266     
          67          68   1.4478293899332881     
          62          69   1.3666680279424166     
          69          70   1.1616363419253013     
          70          71   1.6900737372338661     
          69          72   1.3522554334221510     
          71          73   1.1670203581746887     
          72          73   1.4149447233313412     
          73          74   1.2843130681722597     
          74          75   1.2817416445680367     
          75          76   1.2711689083733602     
          76          77   1.5759841709753428     
          77          78   1.2617223466715601     
          75          79   1.2494846683914949     
          78          79   1.2224019845113454     
          78          80   1.3354288812472261     
          80          81   1.0534069325233766     
          81          82   1.4236558561242969     
          82          83   1.4485129047913354     
          83          84   1.4776964075884882     
          82          85  0.10055901410846123     
          84          85   1.4776668012765637     
          81          86   1.4239817157771013     
          83          86  0.10056713912281255     
          85          86   1.4485448476125569     
          80          87   1.3604767480719950     
          87          88   1.1516440254585953     
          88          89   1.7072296265543403     
          56          90   1.3835449514441585     
          89          90   1.1462361909105396     
          87          91   1.3758895647262395     
          90          91   1.3751741191323941     
          56          92  0.99585390028172016     
          58          93  0.99271568261463294     
          59          94  0.99786506546344367     
          61          95  0.96081205047828877     
          64          96  0.98780064883637475     
          65          97  0.98314542246124326     
          67          98  0.98325752794646415     
          68          99  0.98782709967814597     
          70         100  0.99738338003943139     
          71         101  0.99938755735132379     
          76         102  0.99841513153343331     
          77         103  0.99693391199877068     
          79         104  0.95999699601870814     
          82         105  0.98771556957810014     
          83         106  0.98313988554028708     
          85         107  0.98344102950090262     
          86         108  0.98813363197816340     
          88         109  0.99835401934863166     
          89         110  0.99329892599942671     
          19         112   1.2250022114198538     
         111         112   2.4911882300521326     
         111         113   1.3333287817889372     
         112         114  0.17793456362409918     
         113         114   2.4884441987146975     
         115         116   2.4800521548284298     
         115         117   1.3413102429840282     
         116         118  0.17699868571006186     
         117         118   2.4799994522699840     
         119         120   2.4879653283614616     
         119         121   1.3338732959545097     
          74         122   1.2256712753776315     
         120         122  0.17786591727851095     
         121         122   2.4906134006525127     
         114         123   1.2285199003536831     
         123         124   1.2761569463218829     
         124         125   1.2742897520192416     
         125         126   1.5713946311513511     
         126         127   1.2666252152733166     
         124         128   1.2523559813080187     
         127         128   1.2187812451855595     
         127         129   1.3324407462910641     
         129         130   1.0502387434850378     
         130         131   1.4258015934886894     
         131         132   1.4479063504877827     
         132         133   1.4779174793310652     
         131         134  0.10096701409363819     
         133         134   1.4784813462465691     
         130         135   1.4256178530975447     
         132         135  0.10082041771883295     
         134         135   1.4476937430567249     
         129         136   1.3746259465289599     
         136         137   1.1621159018419205     
         137         138   1.6886006913172207     
         136         139   1.3462035849992644     
         138         140   1.1689879614195959     
         139         140   1.4201698076965472     
         116         141   1.2357088661399953     
         140         141   1.2776654190073069     
         141         142   1.2739329887869613     
         142         143   1.2758088390575835     
         143         144   1.5700846735361977     
         144         145   1.2674732701773541     
         142         146   1.2527255366115979     
         145         146   1.2202868723468714     
         145         147   1.3301727024340495     
         147         148   1.0488704445840991     
         148         149   1.4264163943944088     
         149         150   1.4476099606204114     
         150         151   1.4781632724349709     
         149         152  0.10107826067840119     
         151         152   1.4784893408404043     
         148         153   1.4261763211492491     
         150         153  0.10101058339207214     
         152         153   1.4474970569916294     
         147         154   1.3776511168473085     
         154         155   1.1609087449541657     
         155         156   1.6907288040392952     
         123         157   1.2803068176796231     
         156         157   1.1673667193180697     
         154         158   1.3452598156403346     
         157         158   1.4192812931995120     
         125         159  0.99879255603074313     
         126         160  0.99781354853463866     
         128         161  0.96130797139322743     
         131         162  0.98797173211410383     
         132         163  0.98339270711635596     
         134         164  0.98337724464031162     
         135         165  0.98787889016795849     
         137         166  0.99813899665535655     
         138         167  0.99984194416064354     
         143         168  0.99862886098195269     
         144         169  0.99772898859510228     
         146         170  0.96142817453808105     
         149         171  0.98792006595913751     
         150         172  0.98343025347021062     
         152         173  0.98331076185084365     
         153         174  0.98773486921825360     
         155         175  0.99825415679171503     
         156         176  0.99972854296606684     
         118         177   1.2357841824833224     
         177         178   1.2738265128084061     
         178         179   1.2758881203154719     
         179         180   1.5699275908539745     
         180         181   1.2675880110527293     
         178         182   1.2527289602730420     
         181         182   1.2203063059050876     
         181         183   1.3299615743715281     
         183         184   1.0504416098225324     
         184         185   1.4254779896951251     
         185         186   1.4480071942073300     
         186         187   1.4778722632748329     
         185         188  0.10094155833738044     
         187         188   1.4785425486236492     
         184         189   1.4257486869859382     
         186         189  0.10087156996151250     
         188         189   1.4475714531548476     
         183         190   1.3766732731803901     
         190         191   1.1610542202179885     
         191         192   1.6903097260247497     
         190         193   1.3458704354181381     
         192         194   1.1676409395871288     
         193         194   1.4188955341728000     
         120         195   1.2291431364811527     
         194         195   1.2801074414504585     
         195         196   1.2759720960017291     
         196         197   1.2745093691419620     
         197         198   1.5710594678393468     
         198         199   1.2668386446018565     
         196         200   1.2523925681378156     
         199         200   1.2190253341341784     
         199         201   1.3321735622931532     
         201         202   1.0500604762502184     
         202         203   1.4260427936241398     
         203         204   1.4477770814618491     
         204         205   1.4780755631475218     
         203         206  0.10101717619316017     
         205         206   1.4783683754420780     
         202         207   1.4255698512331905     
         204         207  0.10084693153773690     
         206         207   1.4477476880846714     
         201         208   1.3749538636549541     
         208         209   1.1620845698273974     
         209         210   1.6886628078816437     
         177         211   1.2775588010999457     
         210         211   1.1689350823736111     
         208         212   1.3459708331075269     
         211         212   1.4203670731717821     
         179         213  0.99860560365182582     
         180         214  0.99765181621870114     
         182         215  0.96143893003511538     
         185         216  0.98803178889107346     
         186         217  0.98343816807895457     
         188         218  0.98329359740781763     
         189         219  0.98781344014904093     
         191         220  0.99819969628424787     
         192         221  0.99980445829075271     
         197         222  0.99879378709968281     
         198         223  0.99786209140463800     
         200         224  0.96132227066867582     
         203         225  0.98796427649537621     
         204         226  0.98337946204300486     
         206         227  0.98336230825233872     
         207         228  0.98782463914109453     
         209         229  0.99814510823348590     
         210         230  0.99985215409550277     
