           1           2   1.3738926709679846     
           2           3   1.2390350529276484     
           3           4   1.6010493055802102     
           4           5   1.2491421334684412     
           2           6   1.2294041615553466     
           5           6   1.2322672847430653     
           5           7   1.3404685380959753     
           7           8   1.0568504158103673     
           8           9   1.4099760973337991     
           9          10   1.4722708747143423     
          10          11   1.3899592257023738     
          11          12   1.0804233280631710     
          12          13   1.9447906142426525     
          11          14   1.3850332183821696     
           8          15   1.4148299812791501     
          14          15   1.4673241893938320     
           7          16   1.3651723594070591     
          16          17   1.1592230448599612     
          17          18   1.6960312520152458     
          16          19   1.3586972070991541     
          18          20   1.1635825250387533     
          19          20   1.4098556383232526     
          20          21   1.2920820227467182     
          21          22   1.2911582431606212     
          22          23   1.2637269981995871     
          23          24   1.5880678942500164     
          24          25   1.2553920870259849     
          22          26   1.2484173051325722     
          25          26   1.2239122260622763     
          25          27   1.3440566724632612     
          27          28   1.0588907300235857     
          28          29   1.4087931389017188     
          29          30   1.4725373155309029     
          30          31   1.3896313941625440     
          31          32   1.0808488290703333     
          32          33   1.9438504992881664     
          31          34   1.3844144531009626     
          28          35   1.4138509543877436     
          34          35   1.4682632540067593     
          27          36   1.3532729533327352     
          36          37   1.1517726741344612     
          37          38   1.7088564109438136     
           1          39   1.3867689926871880     
          38          39   1.1458702918027610     
          36          40   1.3846449523038116     
          39          40   1.3730768262675881     
           1          41  0.99511452679746959     
           3          42  0.99167531807790787     
           4          43  0.99794653632294761     
           6          44  0.96017111696613566     
           9          45  0.98788641022098866     
          10          46  0.98731707760238030     
          12          47  0.95339616907445712     
          14          48  0.98159259320150793     
          15          49  0.98726609665926268     
          17          50  0.99763787889495559     
          18          51  0.99835877375123405     
          23          52  0.99734067169388618     
          24          53  0.99717359566913688     
          26          54  0.95905997138768262     
          29          55  0.98769958002894620     
          30          56  0.98728650212354974     
          32          57  0.95347030800828980     
          34          58  0.98167008589296245     
          35          59  0.98751512811806785     
          37          60  0.99841915407698578     
          38          61  0.99221691600866668     
          62          63   1.3743566196384418     
          63          64   1.2388081442858858     
          64          65   1.6016776306794140     
          65          66   1.2487818256099330     
          63          67   1.2293154893257998     
          66          67   1.2326225659132861     
          66          68   1.3408692807885185     
          68          69   1.0563010611915060     
          69          70   1.4103636659632406     
          70          71   1.4720287171817446     
          71          72   1.3901590365864818     
          72          73   1.0803429129547653     
          73          74   1.9450363945089171     
          72          75   1.3850546042193113     
          69          76   1.4149057268814005     
          75          76   1.4672739028877266     
          68          77   1.3652802072267478     
          77          78   1.1588636041114859     
          78          79   1.6968454369389270     
          77          80   1.3593187028165044     
          79          81   1.1630887474504299     
          80          81   1.4092655347662648     
          81          82   1.2933844144411011     
          82          83   1.2929750842598193     
          83          84   1.2626581839732274     
          84          85   1.5896737446957159     
          85          86   1.2544690388484525     
          83          87   1.2480745216048004     
          86          87   1.2240240262212503     
          86          88   1.3453249327039809     
          88          89   1.0584602245841734     
          89          90   1.4091470562051696     
          90          91   1.4722906231519044     
          91          92   1.3898631117551883     
          92          93   1.0807399638254944     
          93          94   1.9441621075365854     
          92          95   1.3844773474436469     
          89          96   1.4139358572825198     
          95          96   1.4682064422931718     
          88          97   1.3527139130928989     
          97          98   1.1517585015550034     
          98          99   1.7089580422476554     
          62         100   1.3870154251337634     
          99         100   1.1458549228041710     
          97         101   1.3853363078831393     
         100         101   1.3728882336248567     
          62         102  0.99510096141369853     
          64         103  0.99162455840489461     
          65         104  0.99791773948140516     
          67         105  0.96010104399139107     
          70         106  0.98782384501490961     
          71         107  0.98727884882169803     
          73         108  0.95334449792267273     
          75         109  0.98155862460181531     
          76         110  0.98722703356152630     
          78         111  0.99758641209116272     
          79         112  0.99827517448852310     
          84         113  0.99720324507656255     
          85         114  0.99710083838743624     
          87         115  0.95898399725399130     
          90         116  0.98768973469087984     
          91         117  0.98725979566419741     
          93         118  0.95340984151925634     
          95         119  0.98162100350882298     
          96         120  0.98745243056654841     
          98         121  0.99840012734181183     
          99         122  0.99216377845869130     
         123         124   2.3836849922587051     
         124         125   1.3484815208334386     
          21         126   1.2130586366973659     
         123         126  0.17157574572934445     
         125         126   2.4820796014911295     
         123         127   1.3501924861196863     
         124         128  0.17117162568450359     
         127         128   2.4772727490719850     
         129         130   2.3698119244188351     
         130         131   1.3604744716061226     
         129         132  0.17018764998263614     
         131         132   2.4659443048859151     
         129         133   1.3607186724226044     
         130         134  0.17022429940928430     
         133         134   2.4655171270340221     
         135         136   2.3703585864748495     
         136         137   1.3603138038636289     
         135         138  0.17040515862524672     
         137         138   2.4660909574927121     
         135         139   1.3602511736358578     
         136         140  0.17045530287147925     
         139         140   2.4662990383869809     
         141         142   2.3710129086657545     
         142         143   1.3598542734876389     
         141         144  0.17064086966292716     
         143         144   2.4669015127010088     
         141         145   1.3598560529298565     
         142         146  0.17063094517637792     
         145         146   2.4668364021078930     
         147         148   2.3702515099640529     
         148         149   1.3603170653735974     
         147         150  0.17044950184155430     
         149         150   2.4662792930943822     
         147         151   1.3603900533708400     
         148         152  0.17039874708828240     
         151         152   2.4659563622535465     
         153         154   2.3701534328405418     
         154         155   1.3605324443944997     
         153         156  0.17033091686551297     
         155         156   2.4658442290090372     
         153         157   1.3602376260494180     
         154         158  0.17031469711295646     
         157         158   2.4663356565423631     
         159         160   2.3863435000956210     
         160         161   1.3480667844505811     
         159         162  0.17142938891205170     
         161         162   2.4798901825677460     
         159         163   1.3463178478633633     
          82         164   1.2106290842758045     
         160         164  0.17189534095795916     
         163         164   2.4848716732420111     
         128         165   1.2176851355086038     
         165         166   1.2839269090537435     
         166         167   1.2689684232010183     
         167         168   1.5800235410795007     
         168         169   1.2618811131144307     
         166         170   1.2500958892468621     
         169         170   1.2223832516061575     
         169         171   1.3363933670365624     
         171         172   1.0547862748836854     
         172         173   1.4111721387931468     
         173         174   1.4718242761570406     
         174         175   1.3901955272257518     
         175         176   1.0803763463266933     
         176         177   1.9444918433536029     
         175         178   1.3850693164372452     
         172         179   1.4157394727116070     
         178         179   1.4670795881438643     
         171         180   1.3706865658674328     
         180         181   1.1603530018083152     
         181         182   1.6932234843833094     
         180         183   1.3530650101183419     
         182         184   1.1661777977817884     
         183         184   1.4152846636890641     
         132         185   1.2275826587278886     
         184         185   1.2838125724060552     
         185         186   1.2805490516704057     
         186         187   1.2706764829982005     
         187         188   1.5787024535433674     
         188         189   1.2625893194720990     
         186         190   1.2510912059395018     
         189         190   1.2232072529102909     
         189         191   1.3348362489181809     
         191         192   1.0549131859206253     
         192         193   1.4156009645335002     
         193         194   1.4675189266034689     
         194         195   1.3848705365099407     
         195         196   1.0804230334909168     
         196         197   1.9442067019204745     
         195         198   1.3903059797589179     
         192         199   1.4110927130020283     
         198         199   1.4715551206311204     
         191         200   1.3713951962970297     
         200         201   1.1594084481892730     
         201         202   1.6947580227307026     
         165         203   1.2882332067985127     
         202         203   1.1650254629633887     
         200         204   1.3541511698199720     
         203         204   1.4123088864472202     
         167         205  0.99767310547969712     
         168         206  0.99800122964057658     
         170         207  0.96050123679006705     
         173         208  0.98795736429575154     
         174         209  0.98743282661761933     
         176         210  0.95355875305918769     
         178         211  0.98165627461769867     
         179         212  0.98728084500634383     
         181         213  0.99824758016813775     
         182         214  0.99869581868109891     
         187         215  0.99755485766690322     
         188         216  0.99779221649955563     
         190         217  0.96064869734065872     
         193         218  0.98743759285740762     
         194         219  0.98167830874609807     
         196         220  0.95357597742907940     
         198         221  0.98739242577699360     
         199         222  0.98778910246643559     
         201         223  0.99837802978473522     
         202         224  0.99871052239577518     
         134         225   1.2279211031069992     
         225         226   1.2795925933343282     
         226         227   1.2712981663079339     
         227         228   1.5778773353067668     
         228         229   1.2632730496010549     
         226         230   1.2513502148670177     
         229         230   1.2226886642594486     
         229         231   1.3346192557308840     
         231         232   1.0551281355855824     
         232         233   1.4110624601965238     
         233         234   1.4718091515584479     
         234         235   1.3902411781935131     
         235         236   1.0802559080751524     
         236         237   1.9445155092604269     
         235         238   1.3850371287714984     
         232         239   1.4155442492234154     
         238         239   1.4671495281014015     
         231         240   1.3719927422031659     
         240         241   1.1602291953760544     
         241         242   1.6934063181498151     
         240         243   1.3522662689574427     
         242         244   1.1661765800228754     
         243         244   1.4156787579347523     
         138         245   1.2275782287672252     
         244         245   1.2834255500531186     
         245         246   1.2802997298212393     
         246         247   1.2707693994472342     
         247         248   1.5786844981074599     
         248         249   1.2627882961457650     
         246         250   1.2513063315852166     
         249         250   1.2226715570324955     
         249         251   1.3351356965664420     
         251         252   1.0549636782665399     
         252         253   1.4156980420249834     
         253         254   1.4674407224913393     
         254         255   1.3849554990609370     
         255         256   1.0802744584513191     
         256         257   1.9443637295991607     
         255         258   1.3903687832895339     
         252         259   1.4110668721398636     
         258         259   1.4715326587428741     
         251         260   1.3716167740272796     
         260         261   1.1604402873978366     
         261         262   1.6929316921002848     
         225         263   1.2834388355100437     
         262         263   1.1664488869113916     
         260         264   1.3525218667217129     
         263         264   1.4154493883006931     
         227         265  0.99768058101419577     
         228         266  0.99793542544816327     
         230         267  0.96062594205907836     
         233         268  0.98800356553590329     
         234         269  0.98747282024612304     
         236         270  0.95355663456222028     
         238         271  0.98162781258081955     
         239         272  0.98728384898417609     
         241         273  0.99829663169211513     
         242         274  0.99873945544639831     
         247         275  0.99759262963800921     
         248         276  0.99786053608892278     
         250         277  0.96067832826535693     
         253         278  0.98745626806424114     
         254         279  0.98167811518091053     
         256         280  0.95357128347142961     
         258         281  0.98740672502101989     
         259         282  0.98780197186769614     
         261         283  0.99838026594930884     
         262         284  0.99878818241558531     
         140         285   1.2273915937936433     
         285         286   1.2804651561768554     
         286         287   1.2709864557438246     
         287         288   1.5785852058948979     
         288         289   1.2628531809048782     
         286         290   1.2510202900902523     
         289         290   1.2230783955276134     
         289         291   1.3349401882164222     
         291         292   1.0550644726224949     
         292         293   1.4110280501744190     
         293         294   1.4718029067800116     
         294         295   1.3902737369818403     
         295         296   1.0801732663195631     
         296         297   1.9446483307637752     
         295         298   1.3851243045390784     
         292         299   1.4156229882985845     
         298         299   1.4670687982047119     
         291         300   1.3717180335982515     
         300         301   1.1600825263020733     
         301         302   1.6936409466643840     
         300         303   1.3528355066884714     
         302         304   1.1660905170683136     
         303         304   1.4152293818746828     
         144         305   1.2269632126980687     
         304         305   1.2839890358439141     
         305         306   1.2808829400978385     
         306         307   1.2704780458922356     
         307         308   1.5793083967818426     
         308         309   1.2623895836311276     
         306         310   1.2511023445080511     
         309         310   1.2228627136030774     
         309         311   1.3356436981630451     
         311         312   1.0548374781905974     
         312         313   1.4158004931543462     
         313         314   1.4673565455074269     
         314         315   1.3850395870853671     
         315         316   1.0801911106782887     
         316         317   1.9445001528283812     
         315         318   1.3904149866033089     
         312         319   1.4110677688949624     
         318         319   1.4715031832047258     
         311         320   1.3712046763709367     
         320         321   1.1603758796597941     
         321         322   1.6931251760298061     
         285         323   1.2838918930084773     
         322         323   1.1664040136844913     
         320         324   1.3531255626229171     
         323         324   1.4150731372294147     
         287         325  0.99760051928927118     
         288         326  0.99788424569829226     
         290         327  0.96061669662516036     
         293         328  0.98799344376574205     
         294         329  0.98745776318183420     
         296         330  0.95352599859208598     
         298         331  0.98160115027424788     
         299         332  0.98726373539816648     
         301         333  0.99828778553396846     
         302         334  0.99870599812070571     
         307         335  0.99757570046901323     
         308         336  0.99785017570219336     
         310         337  0.96064324294980774     
         313         338  0.98743310066456791     
         314         339  0.98165271756785455     
         316         340  0.95354072500070586     
         318         341  0.98738926183026843     
         319         342  0.98778529334747667     
         321         343  0.99833494638772668     
         322         344  0.99873752581949249     
         146         345   1.2270263129175349     
         345         346   1.2806360559727297     
         346         347   1.2708096772899329     
         347         348   1.5787960766513520     
         348         349   1.2627247164514050     
         346         350   1.2510552759411626     
         349         350   1.2229280669571119     
         349         351   1.3352607816255126     
         351         352   1.0550403952758640     
         352         353   1.4110037102217468     
         353         354   1.4718226407128343     
         354         355   1.3902626684939394     
         355         356   1.0801712280460696     
         356         357   1.9446532550758722     
         355         358   1.3851534014222504     
         352         359   1.4156793589947896     
         358         359   1.4670293255861964     
         351         360   1.3714658336033654     
         360         361   1.1601867873432679     
         361         362   1.6934438015817068     
         360         363   1.3529157149354052     
         362         364   1.1662278387932989     
         363         364   1.4152487269515184     
         150         365   1.2273919301456648     
         364         365   1.2837863814421129     
         365         366   1.2806778418807236     
         366         367   1.2706697212572258     
         367         368   1.5790568176863897     
         368         369   1.2625413100443919     
         366         370   1.2510897583914951     
         369         370   1.2229913138180837     
         369         371   1.3353071668080370     
         371         372   1.0548298181192568     
         372         373   1.4158373789617755     
         373         374   1.4673341327392797     
         374         375   1.3850495398656464     
         375         376   1.0802052068858079     
         376         377   1.9444698787576349     
         375         378   1.3903890578311269     
         372         379   1.4110274382535331     
         378         379   1.4715368887526727     
         371         380   1.3715073619133027     
         380         381   1.1602821898622229     
         381         382   1.6933130449524727     
         345         383   1.2840142645451860     
         382         383   1.1662674470647836     
         380         384   1.3529791382459873     
         383         384   1.4151132898269050     
         347         385  0.99758765578691377     
         348         386  0.99787592167062478     
         350         387  0.96061726356264010     
         353         388  0.98799391048814822     
         354         389  0.98746104045803051     
         356         390  0.95352270630425107     
         358         391  0.98159610784364348     
         359         392  0.98725956863296249     
         361         393  0.99829658908216445     
         362         394  0.99871978367624548     
         367         395  0.99758400878894526     
         368         396  0.99786110473453182     
         370         397  0.96064126177670817     
         373         398  0.98743192884095143     
         374         399  0.98165000573868033     
         376         400  0.95354252256413641     
         378         401  0.98739526416934842     
         379         402  0.98778757769479164     
         381         403  0.99832680907708315     
         382         404  0.99872966628247273     
         152         405   1.2276804437905171     
         405         406   1.2800676886933502     
         406         407   1.2711091421327980     
         407         408   1.5781728779658204     
         408         409   1.2631243780925827     
         406         410   1.2512362095727232     
         409         410   1.2228036445413077     
         409         411   1.3347042275908341     
         411         412   1.0550681948453084     
         412         413   1.4109578375602418     
         413         414   1.4718690989372449     
         414         415   1.3902122834142625     
         415         416   1.0802414232678583     
         416         417   1.9445188494469161     
         415         418   1.3851169203831935     
         412         419   1.4157076214941282     
         418         419   1.4670469932933841     
         411         420   1.3719969636490679     
         420         421   1.1601888027204199     
         421         422   1.6933758779028638     
         420         423   1.3523132376553335     
         422         424   1.1661872422000990     
         423         424   1.4155826608875410     
         156         425   1.2276848103988298     
         424         425   1.2834668269861971     
         425         426   1.2799213077373202     
         426         427   1.2708882317872265     
         427         428   1.5784705392235947     
         428         429   1.2628931351702095     
         426         430   1.2514041900462713     
         429         430   1.2225921434561848     
         429         431   1.3350921683612660     
         431         432   1.0549395952004008     
         432         433   1.4158443491372064     
         433         434   1.4673495304767135     
         434         435   1.3850185259510033     
         435         436   1.0802859873096344     
         436         437   1.9443298710650596     
         435         438   1.3903161981075507     
         432         439   1.4109356772683390     
         438         439   1.4716133983295219     
         431         440   1.3716808465322776     
         440         441   1.1604329593563822     
         441         442   1.6930755375851094     
         405         443   1.2834712745734922     
         442         443   1.1663494419361915     
         440         444   1.3524771715932213     
         443         444   1.4155600547329827     
         407         445  0.99760004402792735     
         408         446  0.99788349777483776     
         410         447  0.96064637083622961     
         413         448  0.98801236708303020     
         414         449  0.98749023086052601     
         416         450  0.95353730748358934     
         418         451  0.98160240036267288     
         419         452  0.98726695210863702     
         421         453  0.99833751505933088     
         422         454  0.99876076719749651     
         427         455  0.99765235682970010     
         428         456  0.99790205024128686     
         430         457  0.96064202619875738     
         433         458  0.98744020212637063     
         434         459  0.98165551103493498     
         436         460  0.95355553270134508     
         438         461  0.98742320024481200     
         439         462  0.98780645524247146     
         441         463  0.99832608473954043     
         442         464  0.99874892557655115     
         158         465   1.2273035788508606     
         465         466   1.2809090229131324     
         466         467   1.2707111447222228     
         467         468   1.5786907539361312     
         468         469   1.2625869717545197     
         466         470   1.2508297108436044     
         469         470   1.2235689463635639     
         469         471   1.3347195620559593     
         471         472   1.0553573494724526     
         472         473   1.4106503357861071     
         473         474   1.4719830357324468     
         474         475   1.3901620817361553     
         475         476   1.0802140463755290     
         476         477   1.9445451886674736     
         475         478   1.3851706414167988     
         472         479   1.4156748124267842     
         478         479   1.4670269053354568     
         471         480   1.3711037706761739     
         480         481   1.1588900563097684     
         481         482   1.6956116235537808     
         480         483   1.3549438844970154     
         482         484   1.1644824607653350     
         483         484   1.4112914509040557     
         162         485   1.2154872533380185     
         484         485   1.2897666500769651     
         485         486   1.2851815074828015     
         486         487   1.2680019641105917     
         487         488   1.5814166241492287     
         488         489   1.2610057020316916     
         486         490   1.2498306697799237     
         489         490   1.2226548333024125     
         489         491   1.3371377173525258     
         491         492   1.0550675528418074     
         492         493   1.4159118765799168     
         493         494   1.4673051102609347     
         494         495   1.3851043511673367     
         495         496   1.0802684478548494     
         496         497   1.9444191236813859     
         495         498   1.3903333602151275     
         492         499   1.4107730254879873     
         498         499   1.4716412559033822     
         491         500   1.3698835226940447     
         500         501   1.1605793182176944     
         501         502   1.6929233242113146     
         465         503   1.2840394633127015     
         502         503   1.1663325853723330     
         500         504   1.3536986294429931     
         503         504   1.4149528450998956     
         467         505  0.99752774091998775     
         468         506  0.99778266030413187     
         470         507  0.96058691250054307     
         473         508  0.98802793044813264     
         474         509  0.98747142830855894     
         476         510  0.95348784562720124     
         478         511  0.98155988536088123     
         479         512  0.98723891150499055     
         481         513  0.99826199251860459     
         482         514  0.99855935673889040     
         487         515  0.99757331805925353     
         488         516  0.99787240997549143     
         490         517  0.96047827364726113     
         493         518  0.98741054657330518     
         494         519  0.98161051962200985     
         496         520  0.95349934179832074     
         498         521  0.98740514550339964     
         499         522  0.98779397297838556     
         501         523  0.99823196684216708     
         502         524  0.99868341027507190     
