           1           2   1.3738809175935087     
           2           3   1.2388893738024638     
           3           4   1.6012102071315020     
           4           5   1.2487176802626336     
           2           6   1.2295834537195613     
           5           6   1.2321615172419107     
           5           7   1.3412117835416226     
           7           8   1.0528412224134986     
           8           9   1.4208864177052671     
           9          10   1.4535343680872421     
          10          11   1.4193799022767073     
          11          12  0.89032361812620142     
          12          13   1.8914304169317120     
          12          14   1.0789239610899302     
          12          15   1.8971280820527501     
          13          15  0.13470936784259083     
          14          15  0.10046684692292611     
          11          16   1.4196937656065090     
           8          17   1.4208960461952083     
          16          17   1.4536456275838436     
           7          18   1.3672546083083239     
          18          19   1.1586104194923375     
          19          20   1.6966022848886053     
          18          21   1.3578100131967474     
          20          22   1.1633406917033364     
          21          22   1.4107288599903729     
          22          23   1.2915437427684922     
          23          24   1.2900388498765687     
          24          25   1.2638280549459211     
          25          26   1.5878677799597918     
          26          27   1.2551480677422202     
          24          28   1.2488329135380016     
          27          28   1.2235103852806941     
          27          29   1.3450150241198071     
          29          30   1.0541486360215964     
          30          31   1.4197356198293685     
          31          32   1.4542115817822099     
          32          33   1.4187775944648837     
          33          34  0.89049836170381025     
          34          35   1.8915540904363572     
          34          36   1.0793265627845694     
          34          37   1.8963176286217012     
          35          37  0.13462843138196864     
          36          37  0.10032044084369418     
          33          38   1.4197780517866814     
          30          39   1.4206758516010136     
          38          39   1.4535865985123788     
          29          40   1.3557401818701185     
          40          41   1.1511267932685851     
          41          42   1.7096955834632770     
           1          43   1.3865315578749606     
          42          43   1.1454665346162871     
          40          44   1.3834446893574885     
          43          44   1.3740703336178135     
           1          45  0.99511105705657221     
           3          46  0.99166750022045502     
           4          47  0.99797664014409004     
           6          48  0.96029266727997342     
           9          49  0.98703529150344982     
          10          50  0.98406637097832173     
          14          51  0.93702915831834699     
          16          52  0.98403233295976700     
          17          53  0.98691082482751424     
          19          54  0.99752724650110103     
          20          55  0.99818132608447185     
          25          56  0.99728074815403800     
          26          57  0.99727732043702444     
          28          58  0.95905428056504705     
          31          59  0.98690402878361905     
          32          60  0.98397605724019810     
          36          61  0.93678574788938673     
          38          62  0.98417346157362540     
          39          63  0.98707076748336486     
          41          64  0.99826582102064632     
          42          65  0.99216041101483088     
          66          67   1.3741167168036519     
          67          68   1.2387723153260590     
          68          69   1.6015100234880835     
          69          70   1.2485911201845905     
          67          71   1.2295747039312910     
          70          71   1.2322061498594443     
          70          72   1.3414750979237680     
          72          73   1.0529496693605180     
          73          74   1.4209154206503123     
          74          75   1.4534957950857135     
          75          76   1.4194073660304978     
          76          77  0.89031297567670342     
          77          78   1.8913473645904784     
          77          79   1.0787169265539926     
          77          80   1.8974165679295012     
          78          80  0.13470947577908937     
          79          80  0.10056231545595024     
          76          81   1.4196634978831535     
          73          82   1.4207651276064261     
          81          82   1.4537067859221853     
          72          83   1.3670182279380736     
          83          84   1.1586399778088929     
          84          85   1.6965626729056682     
          83          86   1.3579696372817049     
          85          87   1.1634001202388895     
          86          87   1.4107859496318003     
          87          88   1.2911491821089804     
          88          89   1.2904701949380131     
          89          90   1.2636879965075491     
          90          91   1.5882481666316570     
          91          92   1.2549425572736137     
          89          93   1.2487591115626253     
          92          93   1.2236629351302886     
          92          94   1.3452542049288605     
          94          95   1.0542959395996048     
          95          96   1.4197168953712109     
          96          97   1.4541761179937722     
          97          98   1.4188071695880458     
          98          99  0.89050526593895762     
          99         100   1.8915903349091578     
          99         101   1.0794885763128932     
          99         102   1.8960897476430165     
         100         102  0.13462629070177431     
         101         102  0.10028985483507975     
          98         103   1.4197582637224262     
          95         104   1.4205506560650665     
         103         104   1.4536465261290938     
          94         105   1.3554753735724507     
         105         106   1.1511338056164833     
         106         107   1.7096650349289841     
          66         108   1.3864853584883470     
         107         108   1.1455190747438821     
         105         109   1.3836811657160768     
         108         109   1.3740763861042404     
          66         110  0.99510020320811543     
          68         111  0.99166213874971043     
          69         112  0.99796724162222172     
          71         113  0.96025746729897987     
          74         114  0.98701573837642864     
          75         115  0.98404549167627520     
          79         116  0.93713234152846281     
          81         117  0.98402721704615181     
          82         118  0.98691897809681006     
          84         119  0.99748371233589983     
          85         120  0.99817051421464575     
          90         121  0.99718623338694368     
          91         122  0.99725001874913111     
          93         123  0.95903767622164771     
          96         124  0.98688479328592671     
          97         125  0.98394580939007470     
         101         126  0.93671996520856660     
         103         127  0.98417523112202510     
         104         128  0.98707383227021550     
         106         129  0.99825325464784542     
         107         130  0.99214131596933508     
          23         131   1.2142359397432059     
         131         132   2.4708959108777551     
         132         133   1.3578626533533913     
         131         134  0.16864531380021433     
         133         134   2.3508440756259592     
         134         135   1.3863985961219245     
         133         136  0.16278830833639610     
         135         136   2.3488313691530851     
         136         137   1.3608981088789549     
         135         138  0.16782977424762571     
         137         138   2.4642507478214513     
         139         140   2.4533278568582579     
         140         141   1.3704033388717844     
         139         142  0.16643186264590215     
         141         142   2.3354729797965930     
         142         143   1.3976439794548885     
         141         144  0.16086718842068493     
         143         144   2.3353767078321872     
         144         145   1.3706912338105948     
         143         146  0.16649940175096381     
         145         146   2.4530159227220283     
         147         148   2.4536463597713647     
         148         149   1.3702977963996406     
         147         150  0.16677220496918546     
         149         150   2.3360520072108653     
         150         151   1.3972974300748651     
         149         152  0.16121623873066568     
         151         152   2.3361788548895892     
         152         153   1.3701181502882798     
         151         154  0.16684624553716004     
         153         154   2.4540586946141407     
         155         156   2.4541752465117956     
         156         157   1.3700697399323671     
         155         158  0.16687728110224506     
         157         158   2.3362961983120618     
         158         159   1.3972201833527034     
         157         160  0.16124437160948563     
         159         160   2.3361803395474618     
         160         161   1.3701825066687581     
         159         162  0.16679061506288548     
         161         162   2.4537778478048811     
         163         164   2.4533682788844313     
         164         165   1.3705027335117528     
         163         166  0.16660248990897461     
         165         166   2.3356735025383717     
         166         167   1.3974703181746948     
         165         168  0.16099883317862976     
         167         168   2.3357790460944994     
         168         169   1.3701601651048732     
         167         170  0.16653072347466141     
         169         170   2.4536632408713510     
         171         172   2.4640473571154491     
         172         173   1.3612570479875117     
         171         174  0.16791057623054009     
         173         174   2.3484984409383998     
         174         175   1.3867655622221389     
         173         176  0.16284265726466762     
         175         176   2.3504958661465776     
         176         177   1.3582384698622574     
          88         178   1.2146043202328121     
         175         178  0.16870493280403470     
         177         178   2.4705878084648090     
         138         179   1.2199687212771182     
         179         180   1.2826489662043821     
         180         181   1.2687475608176915     
         181         182   1.5799175126584994     
         182         183   1.2617478650231249     
         180         184   1.2507797678165926     
         183         184   1.2214978476698157     
         183         185   1.3374190426444108     
         185         186   1.0516270515036219     
         186         187   1.4217066385148052     
         187         188   1.4534274773560965     
         188         189   1.4197650660356054     
         189         190  0.89034125810615405     
         190         191   1.8923678656039113     
         190         192   1.0790280437833042     
         190         193   1.8953956734774091     
         191         193  0.13468180670943672     
         189         194   1.4193173412794466     
         186         195   1.4215240685380583     
         194         195   1.4533985741251962     
         185         196   1.3720507226157350     
         196         197   1.1602080691346057     
         197         198   1.6931022857095914     
         196         199   1.3517953561149423     
         198         200   1.1661850104184242     
         199         200   1.4166039539083712     
         139         201   1.2291313718155079     
         200         201   1.2822542535090433     
         201         202   1.2797013959157924     
         202         203   1.2710095997261939     
         203         204   1.5779699953348181     
         204         205   1.2626628487542773     
         202         206   1.2514063822817019     
         205         206   1.2231852915188342     
         205         207   1.3343515571002966     
         207         208   1.0521273453099693     
         208         209   1.4220669844044265     
         209         210   1.4532076759970571     
         210         211   1.4198208637225718     
         211         212  0.89028387319068680     
         212         213   1.8962012178856957     
         212         214   1.0803762911493149     
         213         214  0.10032659529635120     
         212         215   1.8910631993998963     
         213         215  0.13460193940601506     
         211         216   1.4191400840773847     
         208         217   1.4206384538082317     
         216         217   1.4538677765811665     
         207         218   1.3739802143440918     
         218         219   1.1593442161470606     
         219         220   1.6948532983336599     
         179         221   1.2860317757524113     
         220         221   1.1647717278056668     
         218         222   1.3517638022566962     
         221         222   1.4144127915207054     
         181         223  0.99764035898983161     
         182         224  0.99799645713190466     
         184         225  0.96048266033855989     
         187         226  0.98700689341223125     
         188         227  0.98419976240019391     
         192         228  0.93712987028151895     
         194         229  0.98414596092403683     
         195         230  0.98704807415692952     
         197         231  0.99807157117240730     
         198         232  0.99852837193836019     
         203         233  0.99740622258593836     
         204         234  0.99765556249198750     
         206         235  0.96068814407985126     
         209         236  0.98725197648067675     
         210         237  0.98418413837380403     
         214         238  0.93700898204790339     
         216         239  0.98418494074677965     
         217         240  0.98687965392296317     
         219         241  0.99836148842227346     
         220         242  0.99860937689696916     
         146         243   1.2292919457010432     
         243         244   1.2790352810577224     
         244         245   1.2709312423561914     
         245         246   1.5778665283707929     
         246         247   1.2631584830498572     
         244         248   1.2518465953810498     
         247         248   1.2220077767074131     
         247         249   1.3353404088506851     
         249         250   1.0521414984442752     
         250         251   1.4216438931476292     
         251         252   1.4532813871736323     
         252         253   1.4199928228160394     
         253         254  0.89002648899625103     
         254         255   1.8903013288503259     
         254         256   1.0804373521340271     
         254         257   1.8980374052437796     
         255         257  0.13458782498395108     
         256         257  0.10097758764235566     
         253         258   1.4191461804489629     
         250         259   1.4211614178506993     
         258         259   1.4535993077421243     
         249         260   1.3735993215315212     
         260         261   1.1601142359421093     
         261         262   1.6934213524503092     
         260         263   1.3507082455923736     
         262         264   1.1659955530644202     
         263         264   1.4172418801133662     
         147         265   1.2289079786940300     
         264         265   1.2818292871558119     
         265         266   1.2797802278263386     
         266         267   1.2706355521327484     
         267         268   1.5784611282863945     
         268         269   1.2626571340047239     
         266         270   1.2518421820345851     
         269         270   1.2222990801848925     
         269         271   1.3354837809740521     
         271         272   1.0518830854309764     
         272         273   1.4219832825348444     
         273         274   1.4533857055338857     
         274         275   1.4196239887650057     
         275         276  0.89026589943504009     
         276         277   1.8953552120221782     
         276         278   1.0806988888194589     
         277         278  0.10011481402472407     
         276         279   1.8915449197289598     
         277         279  0.13459794351210458     
         275         280   1.4194957639787489     
         272         281   1.4210782161880380     
         280         281   1.4534935537442526     
         271         282   1.3737371994198406     
         282         283   1.1604097318478217     
         283         284   1.6932130559027625     
         243         285   1.2816524577987676     
         284         285   1.1659761696332585     
         282         286   1.3504265338944184     
         285         286   1.4173070264724683     
         245         287  0.99759298941214436     
         246         288  0.99793641468318417     
         248         289  0.96051022763204807     
         251         290  0.98706840245784044     
         252         291  0.98424330008375149     
         256         292  0.93722863346005536     
         258         293  0.98412929888502210     
         259         294  0.98704954449291404     
         261         295  0.99810260404257611     
         262         296  0.99858635463170276     
         267         297  0.99748211805214815     
         268         298  0.99771922067157826     
         270         299  0.96061704732246223     
         273         300  0.98723215116900720     
         274         301  0.98418441931492928     
         278         302  0.93678547460359896     
         280         303  0.98420154738772192     
         281         304  0.98688364577901089     
         283         305  0.99834459311860968     
         284         306  0.99868389828320880     
         154         307   1.2285558480447536     
         307         308   1.2798786560393973     
         308         309   1.2705132361423936     
         309         310   1.5787104019286955     
         310         311   1.2626642395577532     
         308         312   1.2516999602118890     
         311         312   1.2222350337786694     
         311         313   1.3359229701231081     
         313         314   1.0520429544061298     
         314         315   1.4216277983742442     
         315         316   1.4532551378741252     
         316         317   1.4200525933827923     
         317         318  0.88994194797707349     
         318         319   1.8900804477346254     
         318         320   1.0807221934910258     
         318         321   1.8984712705654605     
         319         321  0.13457233871700333     
         320         321  0.10109996680443666     
         317         322   1.4192200420715315     
         314         323   1.4212645446432657     
         322         323   1.4535478241705646     
         313         324   1.3731273054460111     
         324         325   1.1600722813339324     
         325         326   1.6936123253607844     
         324         327   1.3513765361441634     
         326         328   1.1658572007835877     
         327         328   1.4167167062597801     
         155         329   1.2284728926218360     
         328         329   1.2825186096333203     
         329         330   1.2800382747850456     
         330         331   1.2704348438118578     
         331         332   1.5789659063827339     
         332         333   1.2623857036935018     
         330         334   1.2518541308164073     
         333         334   1.2222999345715475     
         333         335   1.3360953230685297     
         335         336   1.0519708552893081     
         336         337   1.4217054773652287     
         337         338   1.4535484687155564     
         338         339   1.4195191252074748     
         339         340  0.89026442839179309     
         340         341   1.8951882394993802     
         340         342   1.0807699573226370     
         341         342  0.10005536761373751     
         340         343   1.8916790210615739     
         341         343  0.13459869602646637     
         339         344   1.4196699703082118     
         336         345   1.4212671318947059     
         344         345   1.4533191787736321     
         335         346   1.3730517166448253     
         346         347   1.1603101098160189     
         347         348   1.6934470918965743     
         307         349   1.2824105026455737     
         348         349   1.1658556492158330     
         346         350   1.3512506571732310     
         349         350   1.4167067660135695     
         309         351  0.99752591674082369     
         310         352  0.99788339434762940     
         312         353  0.96045828427106994     
         315         354  0.98704812692309141     
         316         355  0.98421921456559891     
         320         356  0.93721145314394527     
         322         357  0.98411371576474937     
         323         358  0.98703764253097215     
         325         359  0.99811173395321029     
         326         360  0.99858572653177213     
         331         361  0.99748201046863383     
         332         362  0.99768392590046950     
         334         363  0.96055488127767741     
         337         364  0.98720469603250294     
         338         365  0.98414271204168924     
         342         366  0.93670023689329429     
         344         367  0.98420052860881468     
         345         368  0.98689909954392729     
         347         369  0.99831141802310153     
         348         370  0.99862577759754079     
         162         371   1.2288227099144453     
         371         372   1.2797213964517633     
         372         373   1.2706316147910293     
         373         374   1.5783692238047393     
         374         375   1.2628297781260478     
         372         376   1.2516852839140202     
         375         376   1.2222183881878703     
         375         377   1.3355213475329539     
         377         378   1.0517822324146227     
         378         379   1.4219948457936569     
         379         380   1.4530262955876032     
         380         381   1.4202330002297507     
         381         382  0.88992236335614794     
         382         383   1.8899618435218690     
         382         384   1.0808159683004892     
         382         385   1.8985849386395457     
         383         385  0.13456010413565639     
         384         385  0.10109056942414546     
         381         386   1.4190643361986315     
         378         387   1.4211522353317938     
         386         387   1.4536955406033965     
         377         388   1.3737293103721748     
         388         389   1.1601298880658562     
         389         390   1.6934588654306224     
         388         391   1.3507442806233163     
         390         392   1.1659331123098822     
         391         392   1.4171500014497274     
         163         393   1.2290461712008636     
         392         393   1.2820029054746487     
         393         394   1.2792713425484747     
         394         395   1.2708073075387096     
         395         396   1.5782591066008627     
         396         397   1.2627995924784252     
         394         398   1.2519828323497801     
         397         398   1.2221181936267003     
         397         399   1.3355995825810851     
         399         400   1.0520987170584151     
         400         401   1.4216682936418463     
         401         402   1.4535899625247171     
         402         403   1.4194602767937710     
         403         404  0.89033292013011600     
         404         405   1.8941205396695022     
         404         406   1.0806169979941593     
         404         407   1.8925192812717115     
         405         407  0.13459949326089810     
         403         408   1.4196188379673054     
         400         409   1.4211809372846387     
         408         409   1.4533603756155460     
         399         410   1.3734353115233666     
         410         411   1.1603160743026539     
         411         412   1.6933152154116837     
         371         413   1.2818897873121742     
         412         413   1.1659594130057878     
         410         414   1.3507308222475496     
         413         414   1.4171213597552406     
         373         415  0.99752399284559889     
         374         416  0.99791329518319793     
         376         417  0.96051679150240865     
         379         418  0.98706477007751214     
         380         419  0.98424551052137499     
         384         420  0.93722957673724894     
         386         421  0.98411145587098403     
         387         422  0.98701143794215174     
         389         423  0.99814555898369384     
         390         424  0.99862252146658748     
         395         425  0.99754126467641291     
         396         426  0.99772226489371585     
         398         427  0.96060015059802251     
         401         428  0.98721975334302803     
         402         429  0.98415648042072446     
         406         430  0.93665728195243136     
         408         431  0.98420906384798401     
         409         432  0.98690934385841189     
         411         433  0.99830054559324044     
         412         434  0.99861025881775001     
         170         435   1.2289191367768737     
         435         436   1.2798100800443097     
         436         437   1.2708478644226051     
         437         438   1.5781241466016076     
         438         439   1.2627277882244610     
         436         440   1.2512930978970345     
         439         440   1.2231065031044315     
         439         441   1.3346263181338547     
         441         442   1.0519840781837273     
         442         443   1.4219133342730870     
         443         444   1.4529808146804430     
         444         445   1.4203005411728062     
         445         446  0.88980194212067576     
         446         447   1.8896727087409295     
         446         448   1.0810781266489538     
         446         449   1.8993967568725953     
         447         449  0.13452895701077808     
         448         449  0.10130988017309626     
         445         450   1.4190465169817217     
         442         451   1.4209599836679354     
         450         451   1.4537983742920728     
         441         452   1.3739184552738506     
         452         453   1.1590618946008875     
         453         454   1.6951320583206129     
         452         455   1.3521113008835020     
         454         456   1.1647349435610650     
         455         456   1.4143888780265663     
         171         457   1.2202562408598527     
         456         457   1.2860556073182936     
         457         458   1.2830201122238236     
         458         459   1.2686478562050321     
         459         460   1.5803966710483888     
         460         461   1.2613466865549783     
         458         462   1.2508593886914032     
         461         462   1.2218279236109695     
         461         463   1.3375995678903094     
         463         464   1.0517030060630497     
         464         465   1.4218407321972806     
         465         466   1.4535577628165559     
         466         467   1.4195262465351173     
         467         468  0.89028381697614267     
         468         469   1.8952060689512047     
         468         470   1.0809186641574968     
         469         470  0.10014959235916421     
         468         471   1.8914178276903573     
         469         471  0.13457581034289956     
         467         472   1.4197212389024845     
         464         473   1.4213591936279422     
         472         473   1.4532413305127732     
         463         474   1.3718561543441263     
         474         475   1.1603527648826559     
         475         476   1.6930759654473924     
         435         477   1.2823972947858142     
         476         477   1.1661258479810370     
         474         478   1.3519410429075656     
         477         478   1.4164085840448388     
         437         479  0.99744304441984655     
         438         480  0.99785084468684027     
         440         481  0.96055736723453178     
         443         482  0.98710161183173073     
         444         483  0.98423308283193833     
         448         484  0.93728608611878905     
         450         485  0.98406335715319293     
         451         486  0.98698816046620252     
         453         487  0.99811233283444911     
         454         488  0.99851367816062764     
         459         489  0.99752874742553288     
         460         490  0.99776872673467254     
         462         491  0.96056254538560515     
         465         492  0.98719747187161466     
         466         493  0.98412102210111507     
         470         494  0.93657200032527976     
         472         495  0.98419781907980430     
         473         496  0.98686945737438092     
         475         497  0.99825707980028067     
         476         498  0.99853986011877871     
