    0.27090029
   -0.03017722
    0.05751339
   -0.04228017
   -0.03656742
    0.05933849
   -0.21342252
    0.01542430
    0.05882059
   -0.03675251
   -0.03846278
   -0.20966508
    0.06284076
    0.01235455
    0.06283164
   -0.03840257
   -0.03666095
    0.05878643
    0.01536858
   -0.00679843
    0.09568689
   -0.22963680
    0.03529062
   -0.04733618
   -0.03429422
   -0.04773007
    0.09532522
   -0.23003714
    0.03500628
    0.05937509
   -0.03649670
   -0.04225428
    0.05750819
   -0.21333060
   -0.20974023
   -0.00675334
    0.09569340
   -0.22961944
    0.03523575
   -0.04735571
   -0.03430128
   -0.04770801
    0.09534607
   -0.23004557
    0.03499830
    0.01763939
    0.02349825
    0.01971797
    0.02084151
    0.02274337
    0.02276880
    0.02088248
    0.03092438
    0.04412204
    0.03430297
    0.02976284
    0.02635978
    0.02925705
    0.04330587
    0.03187439
    0.03263126
    0.01966290
    0.02350152
    0.04414319
    0.03097619
    0.03423414
    0.02978040
    0.02634935
    0.02927028
    0.03279938
    0.04338448
    0.03185745
    0.27435935
   -0.03080457
    0.05741926
   -0.04243504
   -0.03656727
    0.05902041
   -0.21336767
    0.01519294
    0.05839522
   -0.03696800
   -0.03876554
   -0.20950175
    0.06250570
    0.01173169
    0.06259266
   -0.03872921
   -0.03690521
    0.05836576
    0.01526922
   -0.00677675
    0.09577074
   -0.22953930
    0.03528320
   -0.04731137
   -0.03432027
   -0.04778798
    0.09522637
   -0.23016707
    0.03497609
    0.05901386
   -0.03664635
   -0.04250926
    0.05741513
   -0.21330777
   -0.20952036
   -0.00677808
    0.09567355
   -0.22962505
    0.03522548
   -0.04737536
   -0.03431101
   -0.04772038
    0.09531710
   -0.23007697
    0.03503011
    0.01737122
    0.02335923
    0.01958717
    0.02086652
    0.02291636
    0.02290733
    0.02083984
    0.03087260
    0.04414132
    0.03442158
    0.02983070
    0.02630111
    0.02913143
    0.04318575
    0.03184028
    0.03257005
    0.01959366
    0.02329912
    0.04400189
    0.03085274
    0.03432799
    0.02974332
    0.02630852
    0.02917995
    0.03263943
    0.04324341
    0.03183216
   -0.02855257
   -0.02932640
   -0.03268932
   -0.02604703
   -0.03299953
   -0.02675802
   -0.02924076
   -0.02975626
    0.30569666
    0.00546156
    0.06211995
   -0.04104563
   -0.03688530
    0.05577994
   -0.20842443
    0.01655700
    0.05572453
   -0.03700721
   -0.04108374
   -0.20828330
    0.06193508
    0.00552056
    0.06202706
   -0.04111301
   -0.03716693
    0.05576193
    0.01677092
   -0.00624035
    0.09579231
   -0.22959909
    0.03534300
   -0.04751188
   -0.03435775
   -0.04744859
    0.09592436
   -0.22945115
    0.03533737
    0.05577817
   -0.03705315
   -0.04110614
    0.06216695
   -0.20841957
   -0.20827570
   -0.00636760
    0.09587527
   -0.22953051
    0.03541170
   -0.04747604
   -0.03434983
   -0.04752212
    0.09576638
   -0.22961382
    0.03541044
    0.02033291
    0.01940560
    0.01947572
    0.02077859
    0.02069993
    0.01954236
    0.03284712
    0.04360497
    0.03143174
    0.02896264
    0.02566412
    0.02915478
    0.04371690
    0.03140598
    0.03305278
    0.01946355
    0.02030235
    0.03116658
    0.04351765
    0.03308792
    0.02905715
    0.02566583
    0.02894297
    0.03123037
    0.03294866
    0.04354506
