   -0.02402717
    0.06130862
   -0.03637285
   -0.03357070
    0.06165797
   -0.15991034
    0.00850806
   -0.00315704
   -0.02299064
   -0.04146526
    0.08720099
   -0.29718430
   -0.03532006
   -0.02351718
    0.05796391
   -0.03850930
   -0.03913010
   -0.28622292
    0.06392056
    0.01570652
    0.06618503
   -0.03428968
   -0.03331687
    0.06089103
   -0.15748629
    0.00784426
   -0.00318430
   -0.02297547
   -0.03487675
    0.08716500
   -0.29703393
   -0.04198943
   -0.02361295
    0.05932354
   -0.03884829
   -0.04116739
    0.05813236
   -0.28889002
    0.02672465
    0.03730996
    0.02905016
    0.16318464
    0.02627475
    0.03773607
    0.22755187
    0.03802753
    0.02619307
    0.01997710
    0.02363313
    0.03368135
    0.02975061
    0.16191408
    0.02709216
    0.03884795
    0.22717590
    0.03679602
    0.02528273
    0.01916419
    0.02725192
   -0.02367023
    0.06139701
   -0.03618950
   -0.03346476
    0.06185444
   -0.15973877
    0.00860259
   -0.00320351
   -0.02298785
   -0.04140998
    0.08727133
   -0.29707920
   -0.03528072
   -0.02353479
    0.05823031
   -0.03831250
   -0.03890699
   -0.28617511
    0.06410154
    0.01579172
    0.06628920
   -0.03408575
   -0.03313757
    0.06110512
   -0.15749710
    0.00797653
   -0.00321245
   -0.02301748
   -0.03485595
    0.08722151
   -0.29695953
   -0.04192796
   -0.02359643
    0.05950343
   -0.03873855
   -0.04100505
    0.05823702
   -0.28866738
    0.02703363
    0.03757523
    0.02928137
    0.16330545
    0.02635615
    0.03788127
    0.22766600
    0.03815725
    0.02625872
    0.02022716
    0.02390179
    0.03388952
    0.03002046
    0.16204009
    0.02712303
    0.03893119
    0.22728275
    0.03694179
    0.02541462
    0.01936826
    0.02750296
   -0.01820872
   -0.02083525
   -0.01744027
   -0.01640289
   -0.01913705
   -0.01443829
   -0.02329392
   -0.01519649
   -0.01752808
   -0.02226140
   -0.01692767
   -0.01816039
   -0.01871093
   -0.01631089
   -0.02275690
   -0.01686280
   -0.01670069
   -0.02281173
   -0.01611296
   -0.01876774
   -0.01795158
   -0.01700803
   -0.02202664
   -0.01761555
   -0.01484164
   -0.02317850
   -0.01403139
   -0.01889894
   -0.01602081
   -0.01715049
   -0.02056337
   -0.01796922
    0.01248218
    0.06544143
   -0.03673140
   -0.03421992
    0.05920079
   -0.15713981
    0.01087757
   -0.00244884
   -0.02280553
   -0.04162921
    0.08703734
   -0.29755481
   -0.03513354
   -0.02287348
    0.05664229
   -0.03909726
   -0.04039264
   -0.28604272
    0.06355858
    0.01414603
    0.06562090
   -0.03597191
   -0.03410868
    0.05945870
   -0.15685003
    0.01057557
   -0.00248352
   -0.02279280
   -0.03503728
    0.08706000
   -0.29745992
   -0.04170809
   -0.02290254
    0.05679444
   -0.03905817
   -0.04080857
    0.06329805
   -0.28659717
    0.03110451
    0.02794956
    0.16198356
    0.02608385
    0.03692979
    0.22684588
    0.03776223
    0.02643251
    0.01861149
    0.02206517
    0.03214887
    0.02842439
    0.16188576
    0.02657060
    0.03798572
    0.22679663
    0.03673520
    0.02586989
    0.01833829
    0.02132774
    0.01351129
    0.06554752
   -0.03629906
   -0.03417687
    0.05924436
   -0.15694217
    0.01081629
   -0.00241615
   -0.02282909
   -0.04168674
    0.08702213
   -0.29755697
   -0.03507911
   -0.02278008
    0.05657683
   -0.03914905
   -0.04068967
   -0.28623141
    0.06336805
    0.01342582
    0.06550840
   -0.03637750
   -0.03418581
    0.05921433
   -0.15687440
    0.01086919
   -0.00242293
   -0.02278037
   -0.03506510
    0.08704326
   -0.29753842
   -0.04168095
   -0.02282010
    0.05657015
   -0.03913226
   -0.04063086
    0.06343629
   -0.28624313
    0.03171296
    0.02814818
    0.16188688
    0.02593510
    0.03672202
    0.22672532
    0.03783018
    0.02650581
    0.01831630
    0.02154346
    0.03163529
    0.02808356
    0.16190220
    0.02653130
    0.03784606
    0.22674211
    0.03675539
    0.02594954
    0.01838316
    0.02162569
    0.01445737
    0.06562780
   -0.03585648
   -0.03408664
    0.05958121
   -0.15672209
    0.01048401
   -0.00250736
   -0.02293632
   -0.04174062
    0.08705149
   -0.29746376
   -0.03501034
   -0.02279291
    0.05693186
   -0.03900179
   -0.04073928
   -0.28668411
    0.06334890
    0.01242560
    0.06559202
   -0.03654259
   -0.03400963
    0.05936613
   -0.15720078
    0.01094813
   -0.00248613
   -0.02287127
   -0.03509674
    0.08712569
   -0.29742309
   -0.04157978
   -0.02279515
    0.05677269
   -0.03903270
   -0.04030922
    0.06354858
   -0.28586874
    0.03230063
    0.02848306
    0.16194710
    0.02584733
    0.03671215
    0.22677980
    0.03806570
    0.02666629
    0.01838949
    0.02132848
    0.03133210
    0.02821462
    0.16203164
    0.02642805
    0.03786265
    0.22697120
    0.03704917
    0.02616253
    0.01873435
    0.02219648
