           1           2   1.3598377210093724     
           2           3   1.2469317616533542     
           3           4   1.5803876330564091     
           4           5   1.2598465626483184     
           2           6   1.2308580585521893     
           5           6   1.2222666895133925     
           5           7   1.3309785405112065     
           7           8   1.3705267540739630     
           8           9   1.1638241623747798     
           9          10   1.6851145244282744     
           8          11   1.3439401343061419     
          10          12   1.1693770140199837     
          11          12   1.4188275639324957     
          12          13   1.2749990002905636     
          13          14   1.2634582291843577     
          14          15   1.2823440644893005     
          15          16   1.5564984176966521     
          16          17   1.2726823998989232     
          17          18   1.3210171587028410     
          18          19   1.0580862574090151     
          19          20   1.4137057227764245     
          20          21   1.4683857921413408     
          21          22   1.3959754824741344     
          22          23   1.0427649435265978     
          23          24   1.2067442331472888     
          23          25   1.8123739572513733     
          24          25  0.18200603578306190     
          22          26   1.3964110536598566     
          19          27   1.4148143250580041     
          26          27   1.4660872422560105     
          18          28   1.3665483728223748     
          28          29   1.1521876299043088     
          29          30   1.7051616785299832     
           1          31   1.3839972771091946     
          30          31   1.1465035159719301     
          28          32   1.3691893950066185     
          31          32   1.3746837468260096     
          14          33   1.2508037657560502     
          17          33   1.2193500829793602     
           7          34   1.0552812255707031     
          34          35   1.4168015539220649     
          35          36   1.4648268866942609     
          36          37   1.3974637233141201     
          37          38   1.0420332086385053     
          38          39   1.2071975995601079     
          38          40   1.8139650899161537     
          39          40  0.18236580404752981     
          37          41   1.3977375690232061     
          34          42   1.4158651797939232     
          41          42   1.4672104373141150     
           1          43  0.99664233053523221     
           3          44  0.99403594204957069     
           4          45  0.99989971247975151     
           6          46  0.96218411560875661     
           9          47  0.99909437529579548     
          10          48   1.0003301697261635     
          15          49  0.99919045065058865     
          16          50  0.99891058465948113     
          20          51  0.98835763373654417     
          21          52  0.98630158872310925     
          24          53  0.94537119484420484     
          26          54  0.98682735327721338     
          27          55  0.98870175414746486     
          29          56   1.0002142988616167     
          30          57  0.99458535227387457     
          33          58  0.96159308336439797     
          35          59  0.98841503735483482     
          36          60  0.98659089245275189     
          39          61  0.94510556065693607     
          41          62  0.98626674475104548     
          42          63  0.98833792544342469     
          64          65   1.3597658875872038     
          65          66   1.2469935862294088     
          66          67   1.5802952882137746     
          67          68   1.2599183349361656     
          65          69   1.2308461212983208     
          68          69   1.2223316422988857     
          68          70   1.3308168550402124     
          70          71   1.3704562226489461     
          71          72   1.1638338659299261     
          72          73   1.6851085732624305     
          71          74   1.3439550672641041     
          73          75   1.1693579307901016     
          74          75   1.4188252777005848     
          75          76   1.2750254907621146     
          76          77   1.2633887953121317     
          77          78   1.2823944979426021     
          78          79   1.5564243067918451     
          79          80   1.2727486324016639     
          80          81   1.3208594114969867     
          81          82   1.0585135202660623     
          82          83   1.4134962277755705     
          83          84   1.4684888351116205     
          84          85   1.3958988237244685     
          85          86   1.0427970039880317     
          86          87   1.2067788518026032     
          86          88   1.8122820307598109     
          87          88  0.18199925894759222     
          85          89   1.3963448966003345     
          82          90   1.4146024916244890     
          89          90   1.4661804040010151     
          81          91   1.3663388119955706     
          91          92   1.1522009022827620     
          92          93   1.7051315518478638     
          64          94   1.3840876731952676     
          93          94   1.1465111263136156     
          91          95   1.3693389085839145     
          94          95   1.3745771770126847     
          77          96   1.2508021068205069     
          80          96   1.2193937789582445     
          70          97   1.0555429273017747     
          97          98   1.4166889139619518     
          98          99   1.4648751551251253     
          99         100   1.3974272516742796     
         100         101   1.0420528543983985     
         101         102   1.2071729498509256     
         101         103   1.8139461534658707     
         102         103  0.18235823840258480     
         100         104   1.3976968000012147     
          97         105   1.4157285135352693     
         104         105   1.4672710470151515     
          64         106  0.99664062611245441     
          66         107  0.99403680659012661     
          67         108  0.99988924087560227     
          69         109  0.96217268592463345     
          72         110  0.99908554277078299     
          73         111   1.0003237087279169     
          78         112  0.99919681593376741     
          79         113  0.99889464775496106     
          83         114  0.98837715539933779     
          84         115  0.98630576662622527     
          87         116  0.94537533703939025     
          89         117  0.98683054926534175     
          90         118  0.98872216661435885     
          92         119   1.0001973175281851     
          93         120  0.99458338674977453     
          96         121  0.96158693625919989     
          98         122  0.98842922421994905     
          99         123  0.98659370737861629     
         102         124  0.94511080581806362     
         104         125  0.98626770094063054     
         105         126  0.98834785770942801     
          13         127   1.2406317641826188     
         127         128   2.4354697875988793     
         128         129   1.3803732434497034     
         127         130  0.15978731209921099     
         129         130   2.3184194877370419     
         130         131   1.4079001965669053     
         129         132  0.15413334529835515     
         131         132   2.3184152594042691     
         132         133   1.3803826113331408     
          76         134   1.2406680427296239     
         131         134  0.15978788493750845     
         133         134   2.4354465111874486     
