   -0.02674603
    0.06087262
   -0.03742081
   -0.03563952
    0.05994132
   -0.16007208
    0.00592109
    0.01889762
   -0.01430981
   -0.00847878
    0.04307511
    0.29626193
   -0.27549502
   -0.27642598
   -0.00932682
   -0.01599962
    0.05695409
   -0.03908859
   -0.03649486
   -0.28662850
    0.06341298
    0.01463933
    0.06393221
   -0.03438979
   -0.03607002
    0.05906723
   -0.15767660
    0.00386361
    0.01805518
   -0.01558304
   -0.00947630
    0.04243113
    0.29447478
   -0.27769807
   -0.27735405
   -0.00952077
   -0.01596614
    0.05896280
   -0.03959188
   -0.04054563
    0.05806760
   -0.29058484
    0.02584093
    0.03737479
    0.02984619
    0.16309636
    0.03592027
    0.05244961
    0.05129871
    0.03544840
    0.02229914
    0.02034892
    0.02884565
    0.03069529
    0.16045046
    0.03439625
    0.05075523
    0.05140654
    0.03540266
    0.02094949
    0.02810324
   -0.02656339
    0.06078075
   -0.03741580
   -0.03563383
    0.06002041
   -0.16003819
    0.00579450
    0.01863666
   -0.01413995
   -0.00833424
    0.04297648
    0.29588051
   -0.27507962
   -0.27724027
   -0.00967868
   -0.01623536
    0.05710656
   -0.03900625
   -0.03645212
   -0.28627928
    0.06358989
    0.01469969
    0.06382307
   -0.03451441
   -0.03621363
    0.05913338
   -0.15755396
    0.00360283
    0.01784728
   -0.01562589
   -0.00969826
    0.04233088
    0.29411979
   -0.27837445
   -0.27716323
   -0.00952456
   -0.01601844
    0.05905844
   -0.03956835
   -0.04052312
    0.05799390
   -0.29053944
    0.02581954
    0.03732155
    0.02974178
    0.16302865
    0.03635784
    0.05305872
    0.05078163
    0.03509310
    0.02157593
    0.01998692
    0.02858210
    0.02998377
    0.16053252
    0.03403251
    0.05036315
    0.05174125
    0.03579942
    0.02085851
    0.02810115
   -0.02993186
   -0.02665342
   -0.02660818
   -0.02981596
    0.00963655
    0.06384890
   -0.03707774
   -0.03644937
    0.05672919
   -0.15759643
    0.00789205
    0.01961096
   -0.01409455
   -0.00831794
    0.04307165
    0.29679040
   -0.27620521
   -0.27482389
   -0.00913771
   -0.01530100
    0.05560855
   -0.03937318
   -0.03836728
   -0.28727129
    0.06320366
    0.00964605
    0.06392526
   -0.03714578
   -0.03653035
    0.05675987
   -0.15744346
    0.00782405
    0.01965844
   -0.01517900
   -0.00882469
    0.04310379
    0.29686791
   -0.27577568
   -0.27519695
   -0.00860798
   -0.01420405
    0.05551510
   -0.03940625
   -0.03838421
    0.06294461
   -0.28758663
    0.02664083
    0.02909016
    0.16026073
    0.03608072
    0.05238275
    0.05119296
    0.03553596
    0.02008546
    0.01782993
    0.02655953
    0.02856863
    0.16040803
    0.03621204
    0.05199436
    0.05155906
    0.03539038
    0.02074495
    0.01819452
