   -0.06731901
   -0.01595749
    0.06333568
   -0.03762306
   -0.03612159
    0.06485444
   -0.16952350
    0.01241317
    0.01299121
   -0.00776114
    0.00678412
    0.23381902
   -0.28108393
   -0.32922926
   -0.01714518
   -0.02298420
   -0.01326645
    0.06370201
   -0.03607737
   -0.03603266
   -0.16777417
    0.06863804
    0.02325372
    0.06868143
   -0.03583059
   -0.03589018
    0.06345029
   -0.16800906
    0.01189750
    0.01213679
   -0.01283740
   -0.02181532
   -0.01493525
    0.00652960
    0.23364206
   -0.27852406
   -0.33241884
   -0.01017785
    0.06425864
   -0.03707642
   -0.03826799
    0.06304574
   -0.16958427
    0.02882770
    0.03111169
    0.02403621
    0.03766431
    0.24128271
    0.04470045
    0.03599603
    0.02876035
    0.02404588
    0.02794308
    0.02861120
    0.02458488
    0.02944420
    0.03717320
    0.04368834
    0.24059920
    0.03835390
    0.02428606
    0.03099745
   -0.06901419
   -0.01590383
    0.06343944
   -0.03770200
   -0.03624632
    0.06494036
   -0.16975639
    0.01254279
    0.01308073
   -0.00774865
    0.00680943
    0.23381136
   -0.28116482
   -0.32912851
   -0.01722187
   -0.02305625
   -0.01335503
    0.06377897
   -0.03622085
   -0.03618309
   -0.16806541
    0.06865318
    0.02317815
    0.06874866
   -0.03613744
   -0.03621265
    0.06347246
   -0.16824023
    0.01205585
    0.01227724
   -0.01308557
   -0.02192259
   -0.01495048
    0.00664799
    0.23369709
   -0.27839635
   -0.33227937
   -0.01018886
    0.06429075
   -0.03728362
   -0.03837090
    0.06314571
   -0.16988863
    0.02857761
    0.03112219
    0.02417926
    0.03769890
    0.24127922
    0.04461565
    0.03580463
    0.02869969
    0.02410075
    0.02781706
    0.02817392
    0.02459915
    0.02910248
    0.03683784
    0.04383193
    0.24085818
    0.03864189
    0.02437623
    0.03092497
   -0.01951658
   -0.01694413
   -0.01974887
   -0.01617819
   -0.02016551
   -0.01650276
   -0.01981992
   -0.01710023
   -0.06570358
    0.02320789
    0.06942460
   -0.03533186
   -0.03453493
    0.06390840
   -0.16703241
    0.01502276
    0.01322905
   -0.00709907
    0.00731020
    0.23422032
   -0.28082589
   -0.32801739
   -0.01698683
   -0.02311572
   -0.01365069
    0.06368233
   -0.03597152
   -0.03645532
   -0.16673285
    0.06873819
    0.02287702
    0.06884353
   -0.03620600
   -0.03561417
    0.06318496
   -0.16736322
    0.01436993
    0.01232959
   -0.01363461
   -0.02225601
   -0.01481061
    0.00716587
    0.23410910
   -0.27738902
   -0.33189905
   -0.00925719
    0.06334209
   -0.03605581
   -0.03637129
    0.06883057
   -0.16683883
    0.02882234
    0.02575669
    0.03869369
    0.24172472
    0.04474742
    0.03550543
    0.02863237
    0.02406643
    0.02728655
    0.02850338
    0.02572037
    0.02848521
    0.03604952
    0.04379370
    0.24154527
    0.03961733
    0.02446734
    0.02755388
