           2           3   1.3930536184931854     
           3           4   1.1980920496608105     
           4           5   1.6414635970372020     
           5           6   1.2033571764476454     
           1           7  0.72078589210430088     
           3           7   1.2431194656462217     
           6           7   1.2498223117319411     
           6           8   1.3607464695237368     
           8           9   1.0536374060290608     
           9          10   1.4216726233222490     
          10          11   1.4550335678902619     
          11          12   1.4158061721159201     
          12          13  0.89148945682097269     
          13          14   1.8916464214504327     
          13          15   1.0774128996896686     
          13          16   1.8913406480347492     
          14          16  0.13425108336099786     
          12          17   1.4164173779629208     
           9          18   1.4218980299216151     
          17          18   1.4545723362294813     
           8          19   1.3657587859835638     
          19          20   1.2088381238567873     
          20          21   1.6294258087250191     
           1          22  0.71547143614954978     
          19          22   1.2391945466321386     
          21          23   1.2197398579711123     
          22          23   1.2664739544709003     
          23          24   1.3036600036197812     
          24          25   1.3042941646525343     
          25          26   1.2194900468706513     
          26          27   1.6296294996420537     
          27          28   1.2086059723434692     
           1          29  0.71607518446610197     
          25          29   1.2664752229017306     
          28          29   1.2384773710913997     
          28          30   1.3666087316218729     
          30          31   1.0555054384166469     
          31          32   1.4216517929706745     
          32          33   1.4541591139894632     
          33          34   1.4175331385905137     
          34          35  0.88965054874520577     
          35          36   1.8851374448687981     
          35          37   1.0847357520908174     
          35          38   1.9024097977462362     
          36          38  0.13367273719313552     
          37          38  0.10128464814110449     
          34          39   1.4155066283428628     
          31          40   1.4204690167684020     
          39          40   1.4554931799374906     
          30          41   1.3587890347691984     
          41          42   1.2036927169604896     
          42          43   1.6409346398690068     
           2          44   1.3914520767982816     
          43          44   1.1986787542493764     
           1          45  0.72033366865750104     
          41          45   1.2502306325332866     
          44          45   1.2436123186688652     
           2          46  0.99777256290507399     
           4          47  0.99510147560531725     
           5          48  0.99965443808506849     
          10          49  0.98906301128884344     
          11          50  0.98565716669440795     
          15          51  0.93978637091386108     
          17          52  0.98541993077279588     
          18          53  0.98858491807502802     
          20          54  0.99867310235199602     
          21          55  0.99957544071514326     
          26          56  0.99953529142127107     
          27          57  0.99882763342305325     
          32          58  0.98911864074725642     
          33          59  0.98574593389779308     
          37          60  0.94070859264721585     
          39          61  0.98532976838281772     
          40          62  0.98870702232734331     
          42          63  0.99931750664160346     
          43          64  0.99501267686245953     
          66          67   1.3930393411950637     
          67          68   1.1981000386556964     
          68          69   1.6414515346386840     
          69          70   1.2033705514261814     
          65          71  0.72072645250948320     
          67          71   1.2431381047826038     
          70          71   1.2498330146782439     
          70          72   1.3607311325321299     
          72          73   1.0536549060749738     
          73          74   1.4216629841520396     
          74          75   1.4550437916809758     
          75          76   1.4157982740961907     
          76          77  0.89148838852602341     
          77          78   1.8916351377606873     
          77          79   1.0774290270177522     
          77          80   1.8913471272031397     
          78          80  0.13425083264646873     
          76          81   1.4164210548117873     
          73          82   1.4218913993062037     
          81          82   1.4545716232324866     
          72          83   1.3657788176539767     
          83          84   1.2088315008123529     
          84          85   1.6294367285141151     
          65          86  0.71551512981087406     
          83          86   1.2391627174793174     
          85          87   1.2197246963443504     
          86          87   1.2664956295260397     
          87          88   1.3036611592843537     
          88          89   1.3043036464500497     
          89          90   1.2195113834562676     
          90          91   1.6296032345497069     
          91          92   1.2086291117917487     
          65          93  0.71600976008332518     
          89          93   1.2664651752711407     
          92          93   1.2385081039570898     
          92          94   1.3665883393319083     
          94          95   1.0554760587610519     
          95          96   1.4216946242098356     
          96          97   1.4541083364852301     
          97          98   1.4175880649504100     
          98          99  0.88956420785043022     
          99         100   1.8849976948329321     
          99         101   1.0849664990462620     
          99         102   1.9028416327663067     
         100         102  0.13364464196780876     
         101         102  0.10126860911534151     
          98         103   1.4154984075599921     
          95         104   1.4204635310035336     
         103         104   1.4555036535521739     
          94         105   1.3588197698547404     
         105         106   1.2036716420031566     
         106         107   1.6409557491859801     
          66         108   1.3914725369259615     
         107         108   1.1986687718139792     
          65         109  0.72037524855123014     
         105         109   1.2502289472493144     
         108         109   1.2436038235622584     
          66         110  0.99777242262340771     
          68         111  0.99510105870448695     
          69         112  0.99965405242464378     
          74         113  0.98906190581481190     
          75         114  0.98565942529095185     
          79         115  0.93978122260909513     
          81         116  0.98541699437586061     
          82         117  0.98858702410572397     
          84         118  0.99867005019310151     
          85         119  0.99957879243717429     
          90         120  0.99953329735415952     
          91         121  0.99882877625506039     
          96         122  0.98911906987635556     
          97         123  0.98573856539897808     
         101         124  0.94080089404044343     
         103         125  0.98533819390258737     
         104         126  0.98870441354031469     
         106         127  0.99931872421747669     
         107         128  0.99501224015181533     
         129         130   2.3904999896922083     
         130         131   1.3478070960992408     
          24         132   1.2103610040966200     
         129         132  0.17648663066534204     
         131         132   2.4902090658892226     
         129         133   1.3478066489501552     
          88         134   1.2103517558389432     
         130         134  0.17648707038208905     
         133         134   2.4902190540811810     
