           2           3   1.3850794155548125     
           3           4   1.2031248440607951     
           4           5   1.6339717732965955     
           5           6   1.2112041359052612     
           1           7  0.71374507451992497     
           3           7   1.2561978648155172     
           6           7   1.2396267486670314     
           6           8   1.3724102581515978     
           8           9   1.0468650163708189     
           9          10   1.4408596834924363     
          10          11   1.4065712244486683     
          11          12   1.0359156146196742     
          12          13   1.2085228392677105     
          12          14   1.8194152013857969     
          13          14  0.18351410967336076     
          11          15   1.3996852841246488     
          15          16   1.4542365571640783     
           9          17   1.4200593229120693     
          16          17   1.4443610732630956     
           8          18   1.3599531822833280     
          18          19   1.2260395170135905     
          19          20   1.6063110934608740     
           1          21  0.71392521218799398     
          18          21   1.2331779004771291     
          20          22   1.2359852163191178     
          21          22   1.2816180325230961     
          22          23   1.2817130423451522     
          23          24   1.2820442424041851     
          24          25   1.2361420401063785     
          25          26   1.6062088544448392     
          26          27   1.2259563518577341     
           1          28  0.71314115788810040     
          24          28   1.2819356767778782     
          27          28   1.2326397520980934     
          27          29   1.3609164752364915     
          29          30   1.0461934543824740     
          30          31   1.4217750784259793     
          31          32   1.4428122570562965     
          32          33   1.4565023960106227     
          33          34   1.4002816187378446     
          34          35   1.0368361350418862     
          35          36   1.2124702609950404     
          35          37   1.8146906484940977     
          36          37  0.18250176674115007     
          30          38   1.4388249847826085     
          34          38   1.4064516655594053     
          29          39   1.3718439089775818     
          39          40   1.2118380683768952     
          40          41   1.6330761954515367     
           2          42   1.3849572996216044     
          41          42   1.2035752879944994     
           1          43  0.71351145502569635     
          39          43   1.2397724394757790     
          42          43   1.2558888033616065     
           2          44  0.99664313822563333     
           4          45  0.99394209257264743     
           5          46  0.99871967514836935     
          10          47  0.99579771324196820     
          13          48  0.94513631672811393     
          15          49  0.98751374293098915     
          16          50  0.98230784543501382     
          17          51  0.98955809981348752     
          19          52  0.99846118959963936     
          20          53  0.99933135889167468     
          25          54  0.99924652544523518     
          26          55  0.99853399556637423     
          31          56  0.98954814878954200     
          32          57  0.98228346110811315     
          33          58  0.98738915261652771     
          36          59  0.94480472852368769     
          38          60  0.99609690944782758     
          40          61  0.99897713223925422     
          41          62  0.99400759214902079     
          64          65   1.3850986960425535     
          65          66   1.2031235967747860     
          66          67   1.6339683176453703     
          67          68   1.2112120380705720     
          63          69  0.71375561434569645     
          65          69   1.2561792695106584     
          68          69   1.2396300652936074     
          68          70   1.3724050934762524     
          70          71   1.0468765592445948     
          71          72   1.4408574708880360     
          72          73   1.4065715280463065     
          73          74   1.0359243891830843     
          74          75   1.2085171361845048     
          74          76   1.8194099401045607     
          75          76  0.18351333041692808     
          73          77   1.3996796203702153     
          77          78   1.4542383454250496     
          71          79   1.4200516082817987     
          78          79   1.4443638927142393     
          70          80   1.3599451446061126     
          80          81   1.2260211192872139     
          81          82   1.6063466527279413     
          63          83  0.71398982835787717     
          80          83   1.2331925515130069     
          82          84   1.2359512366948853     
          83          84   1.2815832668961455     
          84          85   1.2818049573283614     
          85          86   1.2819459075174466     
          86          87   1.2361683139367243     
          87          88   1.6061847335644939     
          88          89   1.2259636134311740     
          63          90  0.71305747135474007     
          86          90   1.2819829967481955     
          89          90   1.2326225127479220     
          89          91   1.3609515469908000     
          91          92   1.0461009538426607     
          92          93   1.4218189163398325     
          93          94   1.4427998720781441     
          94          95   1.4565058263209365     
          95          96   1.4002977408968456     
          96          97   1.0368301032022347     
          97          98   1.2124762121504051     
          97          99   1.8146941441883939     
          98          99  0.18250414674836701     
          92         100   1.4388674723671866     
          96         100   1.4064369123087863     
          91         101   1.3718793759151304     
         101         102   1.2118405828981891     
         102         103   1.6330723964718639     
          64         104   1.3849350060676313     
         103         104   1.2035793736039970     
          63         105  0.71355618784070618     
         101         105   1.2397335594586814     
         104         105   1.2558895970174198     
          64         106  0.99664336103570528     
          66         107  0.99394383380933027     
          67         108  0.99871908743680604     
          72         109  0.99579942990748882     
          75         110  0.94513650572397490     
          77         111  0.98751314701946225     
          78         112  0.98231106123549750     
          79         113  0.98955867440034273     
          81         114  0.99846180737865842     
          82         115  0.99931847864589818     
          87         116  0.99925826453664524     
          88         117  0.99853809697044871     
          93         118  0.98954376054248949     
          94         119  0.98228274213586475     
          95         120  0.98738824929656166     
          98         121  0.94480134157137141     
         100         122  0.99609443937313180     
         102         123  0.99898447027860870     
         103         124  0.99400796160155980     
         125         126   2.3535087998607924     
         126         127   1.3693185298804325     
          23         128   1.2364501714851641     
         125         128  0.16221146996141064     
         127         128   2.4506592450850286     
         125         129   1.3693025954229001     
          85         130   1.2364588907457026     
         126         130  0.16220310593751877     
         129         130   2.4506518634625269     
