           2           3   1.3865012069592135     
           3           4   1.2040057265943329     
           4           5   1.6332530424269198     
           5           6   1.2116080712880022     
           1           7  0.71253442116518872     
           3           7   1.2541594578054942     
           6           7   1.2435153811634707     
           6           8   1.3672856716594237     
           8           9   1.0489614011229713     
           9          10   1.4129981250341057     
          10          11   1.4729879633634075     
          11          12   1.3863992424559031     
          12          13   1.0848880730290535     
          13          14   1.9329003364635853     
          12          15   1.3813187843279251     
           9          16   1.4176799548157641     
          15          16   1.4682098183025989     
           8          17   1.3606155953333006     
          17          18   1.2235268065930927     
          18          19   1.6102624870500577     
           1          20  0.71345562297277176     
          17          20   1.2344891359351622     
          19          21   1.2341073071772046     
          20          21   1.2801249118503941     
          21          22   1.2854537918837692     
          22          23   1.2862228570796581     
          23          24   1.2348542497928829     
          24          25   1.6081794287836797     
          25          26   1.2250074233323485     
           1          27  0.71323189636679152     
          23          27   1.2784748365450196     
          26          27   1.2364427203799726     
          26          28   1.3568666650347574     
          28          29   1.0545448324836539     
          29          30   1.4147993143097770     
          30          31   1.4696150436921873     
          31          32   1.3802609123148073     
          32          33   1.0854299366668256     
          33          34   1.9315161286433284     
          32          35   1.3856025939573589     
          29          36   1.4106925706130706     
          35          36   1.4739662766734809     
          28          37   1.3668420274697501     
          37          38   1.2115203000811328     
          38          39   1.6327538631221687     
           2          40   1.3862144084551613     
          39          40   1.2042056159824399     
           1          41  0.71254926315556100     
          37          41   1.2437003582293773     
          40          41   1.2541563844193195     
           2          42  0.99675752747568613     
           4          43  0.99399111417974884     
           5          44  0.99931180629527161     
          10          45  0.98890804351341766     
          11          46  0.98897285845902649     
          13          47  0.95543218705185995     
          15          48  0.98299770383588059     
          16          49  0.98855359383701702     
          18          50  0.99829849077215205     
          19          51  0.99897100953506734     
          24          52  0.99888450974378018     
          25          53  0.99819320335428918     
          30          54  0.98883689749470804     
          31          55  0.98297629982132240     
          33          56  0.95553116386501491     
          35          57  0.98885884011879432     
          36          58  0.98894013032930750     
          38          59  0.99915210414855937     
          39          60  0.99390421262928519     
          62          63   1.3865012098445786     
          63          64   1.2040043421508311     
          64          65   1.6332630034812621     
          65          66   1.2116031018419509     
          61          67  0.71257102497295277     
          63          67   1.2541615288440771     
          66          67   1.2434895453752408     
          66          68   1.3673001852911670     
          68          69   1.0489631777449901     
          69          70   1.4129847017406489     
          70          71   1.4730024989410659     
          71          72   1.3863812363173051     
          72          73   1.0849045165698954     
          73          74   1.9328416981345882     
          72          75   1.3813216591920809     
          69          76   1.4176823024032579     
          75          76   1.4682073080575617     
          68          77   1.3605976088028444     
          77          78   1.2235358875063129     
          78          79   1.6102454902051826     
          61          80  0.71336373455523616     
          77          80   1.2345187183304216     
          79          81   1.2341362506474431     
          80          81   1.2801356382007363     
          81          82   1.2853875128409267     
          82          83   1.2862759147217144     
          83          84   1.2348293860017270     
          84          85   1.6081997040994134     
          85          86   1.2249941871127383     
          61          87  0.71332998743963572     
          83          87   1.2784662156492828     
          86          87   1.2364164809529623     
          86          88   1.3568796617383561     
          88          89   1.0545646255048364     
          89          90   1.4148036864860829     
          90          91   1.4696056693832382     
          91          92   1.3802743077464279     
          92          93   1.0854194235359311     
          93          94   1.9315069820154047     
          92          95   1.3855870129008179     
          89          96   1.4106670581409080     
          95          96   1.4739843806415387     
          88          97   1.3668157726299710     
          97          98   1.2115341705330405     
          98          99   1.6327473394578831     
          62         100   1.3862226277155787     
          99         100   1.2042096345301887     
          61         101  0.71247634445868768     
          97         101   1.2437325102872356     
         100         101   1.2541639612636655     
          62         102  0.99675762134767076     
          64         103  0.99399016302987364     
          65         104  0.99931286470775094     
          70         105  0.98890826128373477     
          71         106  0.98897350537758832     
          73         107  0.95546884922144615     
          75         108  0.98299871115512238     
          76         109  0.98855192727007624     
          78         110  0.99829675114408434     
          79         111  0.99899058216227121     
          84         112  0.99886535154637879     
          85         113  0.99819254419504644     
          90         114  0.98883659629592890     
          91         115  0.98297879355923079     
          93         116  0.95554582466822713     
          95         117  0.98885850989282542     
          96         118  0.98894218013563251     
          98         119  0.99915138348816035     
          99         120  0.99390495940441126     
         121         122   2.3596894220105278     
         122         123   1.3652635220681353     
          22         124   1.2316497575972716     
         121         124  0.16397227642697945     
         123         124   2.4573334953535477     
         121         125   1.3652709662581051     
          82         126   1.2316702031724811     
         122         126  0.16397312821997861     
         125         126   2.4573050196585777     
