   -0.02216280
    0.06192545
   -0.03515923
   -0.03187557
    0.06385608
   -0.15918131
    0.01064023
    0.00341135
   -0.03792047
    0.03036757
   -0.23811651
    0.03734583
   -0.05945001
    0.06053332
   -0.03607867
   -0.03771350
   -0.28516209
    0.06454881
    0.01822265
    0.06688590
   -0.03253176
   -0.03081449
    0.06316253
   -0.15688816
    0.01056694
    0.00285457
   -0.03624969
    0.03033757
   -0.23864608
    0.03689371
   -0.06000791
    0.06119240
   -0.03717550
   -0.04045578
    0.05880696
   -0.28731164
    0.02779074
    0.03852118
    0.02933121
    0.16343819
    0.02250456
    0.02751513
    0.02093768
    0.16973441
    0.04289162
    0.01475350
    0.02013250
    0.02418736
    0.03438890
    0.02972185
    0.16208648
    0.02232366
    0.02824521
    0.02082111
    0.16946591
    0.04272823
    0.01530538
    0.01964002
    0.02830002
   -0.02210448
    0.06194209
   -0.03512507
   -0.03184994
    0.06389287
   -0.15915456
    0.01064664
    0.00340828
   -0.03793597
    0.03035719
   -0.23812994
    0.03736278
   -0.05942068
    0.06057010
   -0.03603856
   -0.03767532
   -0.28513230
    0.06457582
    0.01827690
    0.06689413
   -0.03250109
   -0.03078238
    0.06319435
   -0.15687522
    0.01058586
    0.00284922
   -0.03621755
    0.03034853
   -0.23862216
    0.03689422
   -0.06004872
    0.06122111
   -0.03715558
   -0.04042708
    0.05882778
   -0.28727451
    0.02784728
    0.03856941
    0.02937652
    0.16345031
    0.02247305
    0.02754225
    0.02090473
    0.16974266
    0.04296437
    0.01484269
    0.02015900
    0.02422241
    0.03444365
    0.02976621
    0.16210166
    0.02238294
    0.02826452
    0.02087784
    0.16949798
    0.04271678
    0.01525148
    0.01967111
    0.02834523
   -0.01438904
   -0.01809544
   -0.01902009
   -0.01765195
   -0.02270558
   -0.01431330
   -0.01725774
   -0.01879534
   -0.02143781
   -0.01841759
   -0.02287360
   -0.01686389
   -0.01795015
   -0.01803109
   -0.02218403
   -0.01763012
   -0.02217426
   -0.01745874
   -0.01784291
   -0.01784869
   -0.02207703
   -0.01741762
   -0.02207186
   -0.01740421
   -0.01804138
   -0.01796005
   -0.02218284
   -0.01746673
   -0.02218729
   -0.01763782
   -0.01881770
   -0.01723548
   -0.02290290
   -0.01684581
   -0.02140652
   -0.01844088
   -0.01805330
   -0.01430426
   -0.02267882
   -0.01423689
   -0.01893717
   -0.01761614
    0.01341706
    0.06600645
   -0.03589041
   -0.03275792
    0.06101891
   -0.15718993
    0.01308709
    0.00494321
   -0.03723593
    0.03061805
   -0.23919441
    0.03710646
   -0.05886581
    0.05841655
   -0.03745920
   -0.03957625
   -0.28492469
    0.06372222
    0.01604573
    0.06616053
   -0.03499307
   -0.03283352
    0.06125934
   -0.15645975
    0.01263350
    0.00484170
   -0.03707725
    0.03066574
   -0.23906290
    0.03699918
   -0.05903917
    0.05873539
   -0.03728722
   -0.04003954
    0.06347407
   -0.28597716
    0.03142071
    0.02711555
    0.16194518
    0.02365976
    0.02734862
    0.02093487
    0.16885308
    0.04180786
    0.01495941
    0.01787849
    0.02236197
    0.03286579
    0.02747892
    0.16180876
    0.02398416
    0.02705690
    0.02148570
    0.16883068
    0.04149052
    0.01451172
    0.01768820
    0.02131553
    0.01423650
    0.06596315
   -0.03596357
   -0.03310406
    0.06061080
   -0.15675472
    0.01319466
    0.00503506
   -0.03710948
    0.03064817
   -0.23927049
    0.03699119
   -0.05873014
    0.05807853
   -0.03756542
   -0.03995277
   -0.28530691
    0.06360844
    0.01496393
    0.06604306
   -0.03558334
   -0.03299967
    0.06074804
   -0.15665487
    0.01311884
    0.00499328
   -0.03707550
    0.03067939
   -0.23920756
    0.03696418
   -0.05882468
    0.05803472
   -0.03763798
   -0.04024754
    0.06350360
   -0.28549717
    0.03168826
    0.02677064
    0.16172491
    0.02370927
    0.02706397
    0.02089380
    0.16853031
    0.04147455
    0.01478486
    0.01744825
    0.02174253
    0.03218590
    0.02700281
    0.16169062
    0.02379748
    0.02690447
    0.02114813
    0.16856606
    0.04136390
    0.01463809
    0.01723280
    0.02126710
    0.01505875
    0.06606264
   -0.03551047
   -0.03290944
    0.06089784
   -0.15661311
    0.01318868
    0.00500815
   -0.03707729
    0.03066000
   -0.23920732
    0.03701434
   -0.05875442
    0.05826933
   -0.03746014
   -0.03986141
   -0.28525311
    0.06364646
    0.01507992
    0.06610102
   -0.03545768
   -0.03286067
    0.06091156
   -0.15662826
    0.01320184
    0.00500193
   -0.03706185
    0.03067795
   -0.23918718
    0.03701939
   -0.05879583
    0.05824317
   -0.03750010
   -0.03992204
    0.06359881
   -0.28523919
    0.03216188
    0.02705240
    0.16179126
    0.02381327
    0.02705547
    0.02106439
    0.16857664
    0.04150375
    0.01478847
    0.01753662
    0.02178171
    0.03225443
    0.02711247
    0.16178674
    0.02382838
    0.02702714
    0.02112752
    0.16860972
    0.04148873
    0.01475826
    0.01747926
    0.02169857
    0.01506515
    0.06609985
   -0.03546050
   -0.03286242
    0.06090696
   -0.15663208
    0.01320520
    0.00500258
   -0.03706930
    0.03067531
   -0.23918787
    0.03701774
   -0.05878898
    0.05823739
   -0.03750309
   -0.03992536
   -0.28523843
    0.06360051
    0.01505492
    0.06605864
   -0.03551705
   -0.03291386
    0.06089374
   -0.15661578
    0.01318246
    0.00500851
   -0.03707217
    0.03066199
   -0.23920966
    0.03701327
   -0.05875740
    0.05826693
   -0.03746212
   -0.03986502
    0.06364324
   -0.28525801
    0.03225017
    0.02711101
    0.16178508
    0.02382499
    0.02702309
    0.02112223
    0.16860316
    0.04148641
    0.01476117
    0.01747459
    0.02169146
    0.03215889
    0.02704555
    0.16179077
    0.02381292
    0.02705525
    0.02106360
    0.16857655
    0.04150159
    0.01478366
    0.01753436
    0.02178131
    0.01496031
    0.06604036
   -0.03558778
   -0.03300431
    0.06074169
   -0.15665559
    0.01311906
    0.00499333
   -0.03707995
    0.03067514
   -0.23921041
    0.03696009
   -0.05881746
    0.05802732
   -0.03764361
   -0.04025856
   -0.28550381
    0.06350383
    0.01421138
    0.06596007
   -0.03597756
   -0.03310884
    0.06060082
   -0.15675940
    0.01319433
    0.00503709
   -0.03710543
    0.03064877
   -0.23927452
    0.03699077
   -0.05872858
    0.05807113
   -0.03757045
   -0.03995723
    0.06360652
   -0.28530675
    0.03218473
    0.02699959
    0.16168875
    0.02379454
    0.02689853
    0.02114352
    0.16855610
    0.04135895
    0.01463992
    0.01722723
    0.02124962
    0.03167783
    0.02676172
    0.16172372
    0.02370828
    0.02706431
    0.02088921
    0.16852928
    0.04147231
    0.01478229
    0.01744323
    0.02173737
    0.01608242
    0.06615821
   -0.03497680
   -0.03282576
    0.06127712
   -0.15645264
    0.01262794
    0.00483893
   -0.03708821
    0.03066180
   -0.23905606
    0.03700940
   -0.05903592
    0.05875521
   -0.03726919
   -0.04002380
   -0.28598575
    0.06347860
    0.01340645
    0.06600404
   -0.03589267
   -0.03275004
    0.06103018
   -0.15720230
    0.01309012
    0.00494442
   -0.03724759
    0.03061595
   -0.23918902
    0.03711704
   -0.05886584
    0.05842803
   -0.03745331
   -0.03956156
    0.06373593
   -0.28490432
    0.03288983
    0.02749684
    0.16181424
    0.02397779
    0.02705045
    0.02148412
    0.16883918
    0.04151999
    0.01453173
    0.01771553
    0.02134014
    0.03141567
    0.02712947
    0.16195276
    0.02364344
    0.02735135
    0.02092106
    0.16886707
    0.04183150
    0.01497111
    0.01789258
    0.02238234
