           1           2   1.3749778744787908     
           2           3   1.2392155718878999     
           3           4   1.6001146178853149     
           4           5   1.2506274473522989     
           2           6   1.2292236690272642     
           5           6   1.2297078278329994     
           5           7   1.3448624377384688     
           7           8   1.0472729894221318     
           8           9   1.7970963486696210     
           9          10   1.0101282257473934     
          10          11  0.96622883995299069     
          11          12   1.1852187313306684     
           8          13   1.1187601604521775     
          12          13   1.7040062164139367     
           7          14   1.3671149880581210     
          14          15   1.1612723087198620     
          15          16   1.6961388184576434     
          14          17   1.3578025746320079     
          16          18   1.1629768190377912     
          17          18   1.4081941711448112     
          18          19   1.2953820615538894     
          19          20   1.2926622641708010     
          20          21   1.2628935024122934     
          21          22   1.5883621404890949     
          22          23   1.2574958460639547     
          20          24   1.2482813642963206     
          23          24   1.2214570954596575     
          23          25   1.3474436407137012     
          25          26   1.0498953832822784     
          26          27   1.7965222808908168     
          27          28   1.0107299939507570     
          28          29  0.96612408782088921     
          29          30   1.1843932350160087     
          26          31   1.1168353661988450     
          30          31   1.7057995200609333     
          25          32   1.3566231481215143     
          32          33   1.1547439844618210     
          33          34   1.7056152717183111     
           1          35   1.3836242554217346     
          34          35   1.1478879862364175     
          32          36   1.3811300378831515     
          35          36   1.3754361931263663     
           1          37  0.99612396759779620     
           3          38  0.99270085292611665     
           4          39  0.99946627715929459     
           6          40  0.96040140115266404     
           9          41  0.98613351352257872     
          10          42  0.97936172083759154     
          10          43  0.98629824995650062     
          11          44  0.95444151586644388     
          12          45  0.97928896084902772     
          13          46  0.98649051087100248     
          15          47  0.99984678395948989     
          16          48  0.99913694264196817     
          21          49  0.99806267169452034     
          22          50  0.99914064855771323     
          24          51  0.95935569829171696     
          27          52  0.98646601728958994     
          28          53  0.97922208517280684     
          28          54  0.98663033207016304     
          29          55  0.95487810639617754     
          30          56  0.97926503082075855     
          31          57  0.98629941744392990     
          33          58   1.0000423038189938     
          34          59  0.99321797397436884     
          60          61   1.3749767892019493     
          61          62   1.2392231448372613     
          62          63   1.6001231105103451     
          63          64   1.2506152791339502     
          61          65   1.2292197975078831     
          64          65   1.2297720102229031     
          64          66   1.3448195110725576     
          66          67   1.0473904255792825     
          67          68   1.7969872485863247     
          68          69   1.0101388121101664     
          69          70  0.96626846371352870     
          70          71   1.1851698513373425     
          67          72   1.1187388764300725     
          71          72   1.7040624101645352     
          66          73   1.3670489571647004     
          73          74   1.1612320944048837     
          74          75   1.6962093620421939     
          73          76   1.3579213346248749     
          75          77   1.1629587170933959     
          76          77   1.4080447380533980     
          77          78   1.2955395774826144     
          78          79   1.2928587559220022     
          79          80   1.2628095125429830     
          80          81   1.5884715937256590     
          81          82   1.2574251718463894     
          79          83   1.2482375297261887     
          82          83   1.2215166559261121     
          82          84   1.3474850095402611     
          84          85   1.0499020994106212     
          85          86   1.7965189145633516     
          86          87   1.0107357316485306     
          87          88  0.96610180056752604     
          88          89   1.1844508663136921     
          85          90   1.1168125134753990     
          89          90   1.7057468809492851     
          84          91   1.3565935199847174     
          91          92   1.1547328020255481     
          92          93   1.7056482868156650     
          60          94   1.3836701349274099     
          93          94   1.1478675718047111     
          91          95   1.3811854044560561     
          94          95   1.3754201374761410     
          60          96  0.99611544767301563     
          62          97  0.99269078689278956     
          63          98  0.99945176270279856     
          65          99  0.96040244982664325     
          68         100  0.98614792249168615     
          69         101  0.97935640076286112     
          69         102  0.98631353662262067     
          70         103  0.95444612998082412     
          71         104  0.97926736965925010     
          72         105  0.98647237500674279     
          74         106  0.99984259109820717     
          75         107  0.99914614194914919     
          80         108  0.99803796174907999     
          81         109  0.99913768453496754     
          83         110  0.95934939601564229     
          86         111  0.98645665605899369     
          87         112  0.97921939507969902     
          87         113  0.98660894618803852     
          88         114  0.95485519636986316     
          89         115  0.97926444854228800     
          90         116  0.98630172473614475     
          92         117   1.0000356480263806     
          93         118  0.99320988695697776     
         119         120   2.3900541663655028     
         120         121   1.3426931303472969     
          19         122   1.2072150833779829     
         119         122  0.17182485336744602     
         121         122   2.4884062171853487     
         119         123   1.3448417559878421     
         120         124  0.17127211696247638     
         123         124   2.4824091882406596     
         125         126   2.3681813580032460     
         126         127   1.3613126518682299     
         125         128  0.16985059548633361     
         127         128   2.4643464764808978     
         125         129   1.3618670501873240     
         126         130  0.16985943007773399     
         129         130   2.4632642902896413     
         131         132   2.3681346378500647     
         132         133   1.3617441117101881     
         131         134  0.16992775188550258     
         133         134   2.4634802994415894     
         131         135   1.3616746382834941     
         132         136  0.17000177180509801     
         135         136   2.4638106231191732     
         137         138   2.3689765377268590     
         138         139   1.3612065407957350     
         137         140  0.17024519454445958     
         139         140   2.4643558725851542     
         137         141   1.3611670778740241     
         138         142  0.17021175532809887     
         141         142   2.4644928399192589     
         143         144   2.3680432402591851     
         144         145   1.3617204386045139     
         143         146  0.16999071239631736     
         145         146   2.4637286605045841     
         143         147   1.3618095930690486     
         144         148  0.16992724020037384     
         147         148   2.4634187080347307     
         149         150   2.3681294366197774     
         150         151   1.3618882241088326     
         149         152  0.16984898788495467     
         151         152   2.4631735063751852     
         149         153   1.3613489288960958     
         150         154  0.16985722172808701     
         153         154   2.4643288414445630     
         155         156   2.3904531518372214     
         156         157   1.3445572753028925     
         155         158  0.17132413689270415     
         157         158   2.4827834738254215     
         155         159   1.3423919672204772     
          78         160   1.2069178432593155     
         156         160  0.17187372169227147     
         159         160   2.4888461174340555     
         124         161   1.2129715975073858     
         161         162   1.2854523351587377     
         162         163   1.2679218884820167     
         163         164   1.5807012797585445     
         164         165   1.2621132322282094     
         162         166   1.2500061042050288     
         165         166   1.2188938621771250     
         165         167   1.3429009502404727     
         167         168   1.0442910139567347     
         168         169   1.7982579282406979     
         169         170   1.0096841952519837     
         170         171  0.96749595139004207     
         171         172   1.1823838137920057     
         168         173   1.1197440565017458     
         172         173   1.7035433869485792     
         167         174   1.3715326023454799     
         174         175   1.1639968784740018     
         175         176   1.6904743495443837     
         174         177   1.3514571899562626     
         176         178   1.1677542997880626     
         177         178   1.4156474468535480     
         128         179   1.2287781429222082     
         178         179   1.2822683513142514     
         179         180   1.2797001060801301     
         180         181   1.2716617666432646     
         181         182   1.5772278135438855     
         182         183   1.2641445630981294     
         180         184   1.2512333738328816     
         183         184   1.2207586923034970     
         183         185   1.3389877987741217     
         185         186   1.0443535716595784     
         186         187   1.7982800375008916     
         187         188   1.0097567360575161     
         188         189  0.96738368114920659     
         189         190   1.1825346533225836     
         186         191   1.1196424487307302     
         190         191   1.7034492046234984     
         185         192   1.3743164999373236     
         192         193   1.1618851248925468     
         193         194   1.6938732771672032     
         161         195   1.2890665764454590     
         194         195   1.1652774623518594     
         192         196   1.3520755433402385     
         195         196   1.4119489014992253     
         163         197  0.99851585341393656     
         164         198  0.99999242702338098     
         166         199  0.96084395899327169     
         169         200  0.98508464576562793     
         170         201  0.97708175219568238     
         170         202  0.98701602308069225     
         171         203  0.95492793833017642     
         172         204  0.97938502797527061     
         173         205  0.98710956494638380     
         175         206  0.99965234408665482     
         176         207  0.99965458886739100     
         181         208  0.99844382004616039     
         182         209  0.99983968125600653     
         184         210  0.96096411627718237     
         187         211  0.98504977305202468     
         188         212  0.97716545033571101     
         188         213  0.98685497124922028     
         189         214  0.95492612892182038     
         190         215  0.97945429016383678     
         191         216  0.98717775336124713     
         193         217  0.99976743023693226     
         194         218  0.99963657385526683     
         130         219   1.2296709723920962     
         219         220   1.2781438067384672     
         220         221   1.2720642847108343     
         221         222   1.5764387443022305     
         222         223   1.2648603286786606     
         220         224   1.2521687395781711     
         223         224   1.2191740956166108     
         223         225   1.3396544557113930     
         225         226   1.0443011433799654     
         226         227   1.7984285902676920     
         227         228   1.0096444325694678     
         228         229  0.96755084122392965     
         229         230   1.1820064541912521     
         226         231   1.1196890694230457     
         230         231   1.7039020010383117     
         225         232   1.3743484084274560     
         232         233   1.1638117814966695     
         233         234   1.6907053722031655     
         232         235   1.3494207479668507     
         234         236   1.1677411386408107     
         235         236   1.4169099674627970     
         134         237   1.2296109113470770     
         236         237   1.2811096253194989     
         237         238   1.2784920366617960     
         238         239   1.2721841675735275     
         239         240   1.5764391609577055     
         240         241   1.2649206137302873     
         238         242   1.2518785635192697     
         241         242   1.2197007420080805     
         241         243   1.3389399246851859     
         243         244   1.0444615509082964     
         244         245   1.7983144704879090     
         245         246   1.0096991566463180     
         246         247  0.96743314705608019     
         247         248   1.1821634713710292     
         244         249   1.1196549595009562     
         248         249   1.7037319623253622     
         243         250   1.3749893593402094     
         250         251   1.1637104374025220     
         251         252   1.6907841102402292     
         219         253   1.2808510488629086     
         252         253   1.1676377120201384     
         250         254   1.3490046545301286     
         253         254   1.4171645449589876     
         221         255  0.99860799077078710     
         222         256   1.0000427594003289     
         224         257  0.96099573132238925     
         227         258  0.98509064182990391     
         228         259  0.97713058043956680     
         228         260  0.98706159803136706     
         229         261  0.95510389719090993     
         230         262  0.97945127387560638     
         231         263  0.98715873697083067     
         233         264  0.99976271544833650     
         234         265  0.99975325203806575     
         239         266  0.99852526626132132     
         240         267  0.99998195051443151     
         242         268  0.96102586486658514     
         245         269  0.98508052006511393     
         246         270  0.97719029268010815     
         246         271  0.98695237543553938     
         247         272  0.95505060375848905     
         248         273  0.97947077547976902     
         249         274  0.98718038210936354     
         251         275  0.99980867339616719     
         252         276  0.99981776084301432     
         136         277   1.2292934444215815     
         277         278   1.2788831668223262     
         278         279   1.2719540590510352     
         279         280   1.5769976721464956     
         280         281   1.2645547481488066     
         278         282   1.2517415861890258     
         281         282   1.2198063032994251     
         281         283   1.3395679446172526     
         283         284   1.0442476657396571     
         284         285   1.7984542850306422     
         285         286   1.0096545718292811     
         286         287  0.96754894879412057     
         287         288   1.1820936363029346     
         284         289   1.1196622190949297     
         288         289   1.7038361905667534     
         283         290   1.3744421063186965     
         290         291   1.1635678861779351     
         291         292   1.6911351469163041     
         290         293   1.3498483133602550     
         292         294   1.1675370812770538     
         293         294   1.4165249812751535     
         140         295   1.2288796295897100     
         294         295   1.2817205160280500     
         295         296   1.2791738398571739     
         296         297   1.2717572975042937     
         297         298   1.5772405030307273     
         298         299   1.2644006801865564     
         296         300   1.2517179017744473     
         299         300   1.2197460220412368     
         299         301   1.3397766642115505     
         301         302   1.0443842892979873     
         302         303   1.7983091967651024     
         303         304   1.0096899981390204     
         304         305  0.96748605292780054     
         305         306   1.1821854182377687     
         302         307   1.1196669593665598     
         306         307   1.7037247700530083     
         301         308   1.3741751729575840     
         308         309   1.1636877354680704     
         309         310   1.6909279714179088     
         277         311   1.2815735114678264     
         310         311   1.1676635270110003     
         308         312   1.3499261653295542     
         311         312   1.4165414623206405     
         279         313  0.99854467397552682     
         280         314  0.99999300016816484     
         282         315  0.96098347968796949     
         285         316  0.98507199772472542     
         286         317  0.97713778326530565     
         286         318  0.98702964191734366     
         287         319  0.95508338899790923     
         288         320  0.97944524116012721     
         289         321  0.98715052218247512     
         291         322  0.99975851610866706     
         292         323  0.99974509552289637     
         297         324  0.99850968819821795     
         298         325  0.99997781760252846     
         300         326  0.96098392648805020     
         303         327  0.98507288880298627     
         304         328  0.97714975302835494     
         304         329  0.98697976650712915     
         305         330  0.95504559255548038     
         306         331  0.97944797009038065     
         307         332  0.98715459938846450     
         309         333  0.99976358868011350     
         310         334  0.99974720417106999     
         142         335   1.2288374063965704     
         335         336   1.2791497807871244     
         336         337   1.2717719516522694     
         337         338   1.5772305227912196     
         338         339   1.2644062141172765     
         336         340   1.2517151308524459     
         339         340   1.2197366236279554     
         339         341   1.3397857474435120     
         341         342   1.0443311860802380     
         342         343   1.7983726584184536     
         343         344   1.0096791201260449     
         344         345  0.96749235265253863     
         345         346   1.1821740210801162     
         342         347   1.1196617779644251     
         346         347   1.7037366108133525     
         341         348   1.3742020172932716     
         348         349   1.1636911343936231     
         349         350   1.6909194669449801     
         348         351   1.3499016881943695     
         350         352   1.1676777332934678     
         351         352   1.4165698710822086     
         146         353   1.2293448078672049     
         352         353   1.2815083261892202     
         353         354   1.2788969510370316     
         354         355   1.2719531954766208     
         355         356   1.5769793913498846     
         356         357   1.2645646070469490     
         354         358   1.2517484351361545     
         357         358   1.2198073627567538     
         357         359   1.3395520712403026     
         359         360   1.0442772284626312     
         360         361   1.7984172628892912     
         361         362   1.0096610510894812     
         362         363  0.96754515310673639     
         363         364   1.1820909057841777     
         360         365   1.1196671853624791     
         364         365   1.7038369528350765     
         359         366   1.3744398361672354     
         366         367   1.1635631977864536     
         367         368   1.6911401081669923     
         335         369   1.2817536919427559     
         368         369   1.1675263635769919     
         366         370   1.3498467402789767     
         369         370   1.4165230704921141     
         337         371  0.99851752321384313     
         338         372  0.99998157972655521     
         340         373  0.96098490082515697     
         343         374  0.98507008668786666     
         344         375  0.97715311344892908     
         344         376  0.98698749962482046     
         345         377  0.95505132399339709     
         346         378  0.97944784174051480     
         347         379  0.98715384156329666     
         349         380  0.99976623993794989     
         350         381  0.99975705188408548     
         355         382  0.99853683086440181     
         356         383  0.99999188214211798     
         358         384  0.96098205884081533     
         361         385  0.98507493088826570     
         362         386  0.97713543969522521     
         362         387  0.98702488054967852     
         363         388  0.95508328612734761     
         364         389  0.97944650976560521     
         365         390  0.98715146201043680     
         367         391  0.99975794436607934     
         368         392  0.99973839570603951     
         148         393   1.2296450690399274     
         393         394   1.2784617002353638     
         394         395   1.2721927960418948     
         395         396   1.5764178637209694     
         396         397   1.2649372930684815     
         394         398   1.2518971923124400     
         397         398   1.2196884834471746     
         397         399   1.3389291699608481     
         399         400   1.0444071982793273     
         400         401   1.7983815787382664     
         401         402   1.0096881576877184     
         402         403  0.96744646799304246     
         403         404   1.1821422912015820     
         400         405   1.1196495765175547     
         404         405   1.7037603071870442     
         399         406   1.3750449876476183     
         406         407   1.1637053539547408     
         407         408   1.6907877191045808     
         406         409   1.3489596620551312     
         408         410   1.1676332715449893     
         409         410   1.4171926958920260     
         152         411   1.2297233098797888     
         410         411   1.2808230642555092     
         411         412   1.2781033416755210     
         412         413   1.2720644086158333     
         413         414   1.5764252772801399     
         414         415   1.2648650001908506     
         412         416   1.2521932781946126     
         415         416   1.2191480956446423     
         415         417   1.3396670701433873     
         417         418   1.0443300510235891     
         418         419   1.7983985263177609     
         419         420   1.0096517117704229     
         420         421  0.96754889056349003     
         421         422   1.1819985514316267     
         418         423   1.1196918592601517     
         422         423   1.7039094092557698     
         417         424   1.3743202306973046     
         424         425   1.1638236098347441     
         425         426   1.6906815940923428     
         393         427   1.2810942773534690     
         426         427   1.1677561108489785     
         424         428   1.3494240680516225     
         427         428   1.4169076182334579     
         395         429  0.99852502461761017     
         396         430  0.99998387762571528     
         398         431  0.96102423636893886     
         401         432  0.98507897720529480     
         402         433  0.97719176043902689     
         402         434  0.98696127232711450     
         403         435  0.95505995795379572     
         404         436  0.97947200378798616     
         405         437  0.98717969229691038     
         407         438  0.99981341688340475     
         408         439  0.99982095570174279     
         413         440  0.99860867608791426     
         414         441   1.0000422975814429     
         416         442  0.96099419498779981     
         419         443  0.98509235417376351     
         420         444  0.97713014794569575     
         420         445  0.98705883599357658     
         421         446  0.95510417042220153     
         422         447  0.97945092043059401     
         423         448  0.98715968376132035     
         425         449  0.99976205715357580     
         426         450  0.99975477482936770     
         154         451   1.2287819682421883     
         451         452   1.2797802375041254     
         452         453   1.2716492406109687     
         453         454   1.5772444111484740     
         454         455   1.2641214035237216     
         452         456   1.2511996823036420     
         455         456   1.2208060264606397     
         455         457   1.3389863632324079     
         457         458   1.0443026961543951     
         458         459   1.7983195236839622     
         459         460   1.0097485690702799     
         460         461  0.96739493487043660     
         461         462   1.1825390084876970     
         458         463   1.1196481741693718     
         462         463   1.7034445688895816     
         457         464   1.3743264074300832     
         464         465   1.1618448020722736     
         465         466   1.6939404909281179     
         464         467   1.3521297515946546     
         466         468   1.1652392395397024     
         467         468   1.4118531586157013     
         158         469   1.2126654379010622     
         468         469   1.2891843511736150     
         469         470   1.2856143989568400     
         470         471   1.2678376784771053     
         471         472   1.5807923954291658     
         472         473   1.2620651439882669     
         470         474   1.2499699930747488     
         473         474   1.2188780854461871     
         473         475   1.3429849292140479     
         475         476   1.0442834698200125     
         476         477   1.7982697819230578     
         477         478   1.0096823398382186     
         478         479  0.96749771755298808     
         479         480   1.1823906843583303     
         476         481   1.1197347504716262     
         480         481   1.7035366577109097     
         475         482   1.3714741623630060     
         482         483   1.1639964932850200     
         483         484   1.6904774953013111     
         451         485   1.2822404990019241     
         484         485   1.1677558487178010     
         482         486   1.3515010186524672     
         485         486   1.4156364718889387     
         453         487  0.99842691252705451     
         454         488  0.99984091857542490     
         456         489  0.96096464877449050     
         459         490  0.98504944462655553     
         460         491  0.97716700619123154     
         460         492  0.98685915680189173     
         461         493  0.95492381056728060     
         462         494  0.97944797954217799     
         463         495  0.98717098107765888     
         465         496  0.99976662009278339     
         466         497  0.99963543854741166     
         471         498  0.99851119849795233     
         472         499  0.99998989996515197     
         474         500  0.96083772463654205     
         477         501  0.98508645667139494     
         478         502  0.97708378665395779     
         478         503  0.98701821837099180     
         479         504  0.95492040691302105     
         480         505  0.97937829065364901     
         481         506  0.98710611907328427     
         483         507  0.99964712235123898     
         484         508  0.99966377358325509     
