           1           2   1.3680540278966964     
           2           3   1.2422466511072168     
           3           4   1.5932811764499983     
           4           5   1.2527289836900846     
           2           6   1.2301057395671042     
           5           6   1.2298416136187775     
           5           7   1.3363112176564236     
           7           8   1.0537037477169919     
           8           9   1.4201697727438449     
           9          10   1.4544568519732242     
          10          11   1.4179493321661956     
          11          12  0.89056530463711536     
          12          13   1.8895302045489508     
          12          14   1.0788092800691846     
          12          15   1.8981967246951801     
          13          15  0.13454438616173389     
          14          15  0.10072757097342785     
          11          16   1.4189829108738605     
           8          17   1.4206507624691367     
          16          17   1.4539927883706232     
           7          18   1.3692278416005346     
          18          19   1.1589268255332952     
          19          20   1.6950980189703253     
          18          21   1.3544056198287591     
          20          22   1.1640313813329581     
          21          22   1.4111901069649304     
          22          23   1.2903133836626843     
          23          24   1.2824087173088141     
          24          25   1.2692024320461017     
          25          26   1.5778717230521537     
          26          27   1.2603691230842107     
          24          28   1.2489557493527617     
          27          28   1.2227547095894473     
          27          29   1.3368981274271858     
          29          30   1.0550150000660838     
          30          31   1.4193574014606216     
          31          32   1.4548895878714450     
          32          33   1.4175629911825980     
          33          34  0.89109592193149845     
          34          35   1.8928361666090263     
          34          36   1.0786869805859032     
          34          37   1.8925085941491209     
          35          37  0.13451444548678546     
          33          38   1.4184481225403591     
          30          39   1.4198030269396920     
          38          39   1.4544482023400080     
          29          40   1.3595760984376590     
          40          41   1.1507582709034867     
          41          42   1.7093070535447821     
           1          43   1.3870999355459379     
          42          43   1.1453273591709545     
          40          44   1.3793560754033412     
          43          44   1.3736260063955796     
           1          45  0.99561109216704058     
           3          46  0.99242523768255775     
           4          47  0.99854048587078792     
           6          48  0.96089957868321363     
           9          49  0.98732130605437929     
          10          50  0.98457856777415009     
          14          51  0.93819760408244723     
          16          52  0.98443971633677507     
          17          53  0.98716179615788313     
          19          54  0.99790508960130975     
          20          55  0.99875450444284786     
          25          56  0.99787843393754017     
          26          57  0.99774276768700709     
          28          58  0.95986017135890900     
          31          59  0.98719572283108792     
          32          60  0.98442288217756047     
          36          61  0.93745789332942353     
          38          62  0.98471080425489477     
          39          63  0.98736644105622673     
          41          64  0.99876920239776479     
          42          65  0.99290708744739886     
          66          67   1.3685120497949490     
          67          68   1.2419885335575021     
          68          69   1.5938782815067267     
          69          70   1.2524640438808039     
          67          71   1.2301036284873876     
          70          71   1.2298066025278835     
          70          72   1.3368366585541427     
          72          73   1.0537116441524905     
          73          74   1.4201592243160983     
          74          75   1.4544492931562394     
          75          76   1.4179719728345530     
          76          77  0.89049521524158248     
          77          78   1.8894735247204719     
          77          79   1.0787040818248357     
          77          80   1.8985953012200876     
          78          80  0.13454366170722587     
          79          80  0.10082180745627378     
          76          81   1.4190589954256152     
          73          82   1.4207042991539875     
          81          82   1.4539342666152548     
          72          83   1.3690070785934993     
          83          84   1.1590955924896800     
          84          85   1.6948930566126381     
          83          86   1.3543613084302752     
          85          87   1.1641881869224429     
          86          87   1.4116554089571287     
          87          88   1.2893937420924590     
          88          89   1.2829993215565467     
          89          90   1.2690133452764880     
          90          91   1.5784289950455928     
          91          92   1.2600882955346662     
          89          93   1.2489153858183377     
          92          93   1.2228891882536899     
          92          94   1.3373133930038015     
          94          95   1.0551747919358758     
          95          96   1.4193073671257317     
          96          97   1.4548828175382629     
          97          98   1.4175683365174596     
          98          99  0.89109699493276739     
          99         100   1.8933354671758134     
          99         101   1.0787651687997208     
          99         102   1.8921625345312529     
         100         102  0.13450978890259804     
          98         103   1.4184738194375399     
          95         104   1.4197158969954478     
         103         104   1.4544680712948086     
          94         105   1.3592584521960740     
         105         106   1.1508147637619075     
         106         107   1.7091864796113170     
          66         108   1.3868820096604588     
         107         108   1.1454522250330859     
         105         109   1.3795940780911822     
         108         109   1.3737123835743248     
          66         110  0.99558937362083710     
          68         111  0.99241172171274006     
          69         112  0.99853135864793885     
          71         113  0.96084903089289131     
          74         114  0.98729232558142199     
          75         115  0.98454656942560970     
          79         116  0.93830921147746660     
          81         117  0.98443392445869726     
          82         118  0.98716034463712088     
          84         119  0.99785699399267647     
          85         120  0.99874920053653782     
          90         121  0.99778063413009122     
          91         122  0.99771475954704170     
          93         123  0.95983671194873976     
          96         124  0.98717532944162090     
          97         125  0.98438337650114616     
         101         126  0.93742669664873945     
         103         127  0.98471301926259169     
         104         128  0.98736191650342375     
         106         129  0.99875778972940477     
         107         130  0.99288265094675998     
          23         131   1.2173221532253193     
         131         132   2.4657652122381148     
         132         133   1.3598155285160365     
         131         134  0.16679023151009978     
         133         134   2.3468037398426489     
         134         135   1.3882357179904077     
         133         136  0.16112618633178180     
         135         136   2.3449838811760486     
         136         137   1.3627182309404589     
         135         138  0.16615781879175384     
         137         138   2.4597193964310402     
         139         140   2.4457421194352134     
         140         141   1.3746366014216158     
         139         142  0.16395093814592868     
         141         142   2.3286708514862844     
         142         143   1.4017951339442043     
         141         144  0.15841083232750169     
         143         144   2.3286643687638433     
         144         145   1.3746405389671719     
         143         146  0.16396738403236327     
         145         146   2.4457421821780412     
         147         148   2.4587365686936411     
         148         149   1.3636843971393267     
         147         150  0.16610640945640259     
         149         150   2.3438850148236514     
         150         151   1.3891822730704750     
         149         152  0.16103270764895078     
         151         152   2.3457370583662738     
         152         153   1.3607276060462530     
          88         154   1.2182000026386959     
         151         154  0.16674318070543981     
         153         154   2.4648292193979726     
         138         155   1.2226052879978122     
         155         156   1.2779432646498288     
         156         157   1.2718749757548955     
         157         158   1.5743266504841136     
         158         159   1.2646589753776993     
         156         160   1.2514590526059355     
         159         160   1.2191112771161727     
         159         161   1.3345426809397067     
         161         162   1.0513199031990712     
         162         163   1.4220638010965729     
         163         164   1.4535344952223219     
         164         165   1.4191973863925988     
         165         166  0.89044022020605218     
         166         167   1.8898017861051215     
         166         168   1.0788683996389206     
         166         169   1.8973169400370136     
         167         169  0.13451006914599775     
         168         169  0.10065587638236979     
         165         170   1.4182038249110402     
         162         171   1.4214161446385849     
         170         171   1.4539849597006651     
         161         172   1.3738486227085938     
         172         173   1.1612158402698758     
         173         174   1.6901722287409000     
         172         175   1.3481150535767419     
         174         176   1.1681254162288057     
         175         176   1.4185021123517731     
         139         177   1.2344657277238400     
         176         177   1.2780643597957870     
         177         178   1.2737760679514767     
         178         179   1.2751067051668163     
         179         180   1.5712562672475934     
         180         181   1.2663035914604766     
         178         182   1.2519932610814388     
         181         182   1.2212277338280015     
         181         183   1.3303003691234034     
         183         184   1.0520950738422492     
         184         185   1.4217332673896521     
         185         186   1.4538457698058129     
         186         187   1.4187593428535730     
         187         188  0.89052931532576796     
         188         189   1.8965715822739639     
         188         190   1.0802121509985561     
         189         190  0.10069977917557833     
         188         191   1.8895208076053369     
         189         191  0.13443502653467093     
         187         192   1.4183168004100453     
         184         193   1.4208898358949351     
         192         193   1.4541234607366185     
         183         194   1.3763824594203571     
         194         195   1.1596946868751163     
         195         196   1.6929234015374701     
         155         197   1.2833432576959332     
         196         197   1.1660403154898102     
         194         198   1.3483163929137412     
         197         198   1.4156257741701659     
         157         199  0.99818745728110103     
         158         200  0.99853268837844766     
         160         201  0.96118225181758765     
         163         202  0.98720310315397841     
         164         203  0.98464379688627091     
         168         204  0.93833740797499887     
         170         205  0.98457946751541581     
         171         206  0.98724960630442049     
         173         207  0.99855782646317792     
         174         208  0.99911895466009393     
         179         209  0.99802049060220999     
         180         210  0.99818318655995752     
         182         211  0.96141816836040295     
         185         212  0.98744625825787802     
         186         213  0.98463766236957928     
         190         214  0.93800973905687701     
         192         215  0.98464338275654573     
         193         216  0.98712923828238630     
         195         217  0.99883853125704480     
         196         218  0.99919711779105358     
         146         219   1.2344569209577847     
         219         220   1.2736644011170679     
         220         221   1.2750219244952514     
         221         222   1.5712140401756036     
         222         223   1.2665006282812052     
         220         224   1.2519933722870245     
         223         224   1.2210007730167651     
         223         225   1.3305533054312713     
         225         226   1.0519249580112553     
         226         227   1.4216520470335372     
         227         228   1.4535529353572565     
         228         229   1.4192919428249764     
         229         230  0.89024241147636629     
         230         231   1.8889709610087280     
         230         232   1.0804124661725234     
         230         233   1.8984241962445390     
         231         233  0.13441209140896920     
         232         233  0.10107194041071721     
         229         234   1.4180855398395378     
         226         235   1.4211789055505468     
         234         235   1.4541483960177966     
         225         236   1.3764331355770127     
         236         237   1.1595231980286069     
         237         238   1.6930524168025283     
         236         239   1.3483541653870925     
         238         240   1.1660700956397054     
         239         240   1.4159517137840034     
         147         241   1.2235059697797341     
         240         241   1.2829226210141333     
         241         242   1.2780608501238164     
         242         243   1.2719952970865795     
         243         244   1.5745279960256660     
         244         245   1.2644104843261628     
         242         246   1.2515225407919890     
         245         246   1.2194791011774408     
         245         247   1.3344226772992567     
         247         248   1.0514563826268766     
         248         249   1.4221936819266865     
         249         250   1.4536838261135028     
         250         251   1.4189040978249097     
         251         252  0.89034882026831030     
         252         253   1.8968481244278417     
         252         254   1.0813526540029887     
         253         254  0.10100098249155422     
         252         255   1.8887385732351054     
         253         255  0.13437955949379848     
         251         256   1.4186179474843741     
         248         257   1.4212148744257016     
         256         257   1.4538433937006341     
         247         258   1.3738623113051021     
         258         259   1.1614335261325726     
         259         260   1.6900475462199558     
         219         261   1.2779815249433075     
         260         261   1.1680753933766814     
         258         262   1.3479698774452795     
         261         262   1.4185376599510982     
         221         263  0.99807669444797942     
         222         264  0.99839026946654907     
         224         265  0.96127505010116310     
         227         266  0.98729327470191064     
         228         267  0.98468765458525509     
         232         268  0.93819983469558343     
         234         269  0.98453455831989600     
         235         270  0.98724311131235543     
         237         271  0.99860046095017718     
         238         272  0.99911601383748039     
         243         273  0.99808364541770966     
         244         274  0.99832045859373730     
         246         275  0.96125998037407101     
         249         276  0.98739738297898283     
         250         277  0.98458673319211842     
         254         278  0.93770628350607299     
         256         279  0.98465541031587456     
         257         280  0.98708992502914561     
         259         281  0.99875810737319004     
         260         282  0.99915942837941785     
