   -0.02158148
    0.06211519
   -0.03482595
   -0.03164443
    0.06406931
   -0.15890119
    0.01103458
    0.00338635
   -0.03784702
    0.03035971
   -0.23796232
    0.03743242
   -0.05954756
    0.06057487
   -0.03589133
   -0.03780334
   -0.28484664
    0.06482884
    0.01811089
    0.06709697
   -0.03262547
   -0.03061549
    0.06320149
   -0.15663360
    0.01098294
    0.00284165
   -0.03614385
    0.03034372
   -0.23849088
    0.03698564
   -0.06013520
    0.06138732
   -0.03698259
   -0.04018434
    0.05899607
   -0.28695825
    0.02836908
    0.03905334
    0.02976331
    0.16363436
    0.02276123
    0.02778838
    0.02121690
    0.16998337
    0.04313331
    0.01486065
    0.02047540
    0.02435790
    0.03456994
    0.03005422
    0.16235651
    0.02259387
    0.02853909
    0.02111285
    0.16974347
    0.04297140
    0.01540463
    0.02004626
    0.02881131
   -0.02153875
    0.06212701
   -0.03480187
   -0.03162595
    0.06409592
   -0.15888142
    0.01104261
    0.00338391
   -0.03785917
    0.03035082
   -0.23797152
    0.03744560
   -0.05952262
    0.06059960
   -0.03586239
   -0.03777922
   -0.28482458
    0.06484808
    0.01814561
    0.06710730
   -0.03260283
   -0.03059239
    0.06322400
   -0.15662396
    0.01099782
    0.00283813
   -0.03611679
    0.03035165
   -0.23847276
    0.03698532
   -0.06016593
    0.06140659
   -0.03696907
   -0.04016421
    0.05901032
   -0.28693162
    0.02840919
    0.03908769
    0.02979755
    0.16364472
    0.02273767
    0.02780859
    0.02119064
    0.16998942
    0.04318924
    0.01492027
    0.02049523
    0.02438519
    0.03460258
    0.03008691
    0.16236771
    0.02263967
    0.02855373
    0.02115969
    0.16976688
    0.04296025
    0.01536874
    0.02006701
    0.02884443
   -0.01558163
   -0.01840518
   -0.01496276
   -0.01387930
   -0.01696120
   -0.01193691
   -0.02148713
   -0.01289667
   -0.01619635
   -0.02043891
   -0.01559428
   -0.01631278
   -0.01739038
   -0.01442618
   -0.02146729
   -0.01499961
   -0.01545619
   -0.02103499
   -0.01487244
   -0.01682998
   -0.01672797
   -0.01489192
   -0.02086574
   -0.01539386
   -0.01526147
   -0.02081650
   -0.01470096
   -0.01660508
   -0.01661196
   -0.01469841
   -0.02082519
   -0.01526018
   -0.01539961
   -0.02086622
   -0.01489735
   -0.01673221
   -0.01683670
   -0.01487845
   -0.02104203
   -0.01546176
   -0.01498850
   -0.02148143
   -0.01441285
   -0.01740421
   -0.01629466
   -0.01560847
   -0.02041926
   -0.01621221
   -0.01283793
   -0.02147655
   -0.01187537
   -0.01693540
   -0.01382160
   -0.01492960
   -0.01835766
   -0.01554985
    0.01403630
    0.06633564
   -0.03564629
   -0.03245600
    0.06121304
   -0.15671764
    0.01360201
    0.00489391
   -0.03708854
    0.03064759
   -0.23893692
    0.03728639
   -0.05910488
    0.05869193
   -0.03709716
   -0.03940872
   -0.28455962
    0.06405736
    0.01621341
    0.06642153
   -0.03490379
   -0.03250825
    0.06146050
   -0.15613718
    0.01322623
    0.00480499
   -0.03700266
    0.03067176
   -0.23881293
    0.03720147
   -0.05921486
    0.05888275
   -0.03698317
   -0.03981372
    0.06391513
   -0.28542150
    0.03204326
    0.02771515
    0.16227553
    0.02399033
    0.02769743
    0.02137631
    0.16929901
    0.04222330
    0.01509786
    0.01850359
    0.02278430
    0.03306099
    0.02801221
    0.16219131
    0.02421438
    0.02742218
    0.02183546
    0.16927314
    0.04197789
    0.01478547
    0.01829180
    0.02199110
    0.01489031
    0.06628521
   -0.03557886
   -0.03269923
    0.06100280
   -0.15638867
    0.01357779
    0.00493344
   -0.03702047
    0.03068334
   -0.23897035
    0.03721727
   -0.05906430
    0.05847206
   -0.03716270
   -0.03967830
   -0.28490774
    0.06397940
    0.01531865
    0.06636032
   -0.03532342
   -0.03260323
    0.06109314
   -0.15632710
    0.01354271
    0.00490992
   -0.03699504
    0.03068942
   -0.23892645
    0.03718457
   -0.05909224
    0.05842491
   -0.03723477
   -0.03988558
    0.06388180
   -0.28502182
    0.03221018
    0.02750371
    0.16213614
    0.02401057
    0.02746013
    0.02138424
    0.16910835
    0.04197843
    0.01494723
    0.01818500
    0.02230037
    0.03255015
    0.02767467
    0.16212190
    0.02407688
    0.02734614
    0.02156698
    0.16909880
    0.04189517
    0.01486616
    0.01802240
    0.02196428
    0.01559410
    0.06640012
   -0.03516122
   -0.03248991
    0.06129157
   -0.15625583
    0.01360960
    0.00490520
   -0.03697798
    0.03069443
   -0.23890231
    0.03725498
   -0.05911123
    0.05868787
   -0.03704083
   -0.03954556
   -0.28479854
    0.06404384
    0.01554399
    0.06643052
   -0.03514746
   -0.03244977
    0.06129119
   -0.15626549
    0.01363400
    0.00490545
   -0.03697101
    0.03070163
   -0.23887515
    0.03726717
   -0.05912035
    0.05866135
   -0.03707558
   -0.03957551
    0.06401186
   -0.28477335
    0.03264719
    0.02780888
    0.16223826
    0.02412649
    0.02750753
    0.02156061
    0.16919583
    0.04205687
    0.01497598
    0.01833917
    0.02242746
    0.03269149
    0.02784467
    0.16224288
    0.02413802
    0.02748836
    0.02159890
    0.16922021
    0.04205456
    0.01497402
    0.01829950
    0.02238378
    0.01553572
    0.06643454
   -0.03514508
   -0.03244951
    0.06128931
   -0.15627633
    0.01363376
    0.00490631
   -0.03697363
    0.03069351
   -0.23889245
    0.03725051
   -0.05910599
    0.05866227
   -0.03707790
   -0.03957823
   -0.28476929
    0.06400501
    0.01559460
    0.06639405
   -0.03516906
   -0.03249376
    0.06128849
   -0.15624713
    0.01360948
    0.00490538
   -0.03697912
    0.03069998
   -0.23888596
    0.03726884
   -0.05912011
    0.05868136
   -0.03704291
   -0.03954723
    0.06404915
   -0.28480649
    0.03269326
    0.02784741
    0.16223996
    0.02413767
    0.02748949
    0.02159409
    0.16919200
    0.04204405
    0.01497282
    0.01829695
    0.02237639
    0.03264371
    0.02780150
    0.16223955
    0.02412472
    0.02750273
    0.02156107
    0.16921660
    0.04206331
    0.01497849
    0.01833652
    0.02242519
    0.01531311
    0.06636063
   -0.03532541
   -0.03260679
    0.06108826
   -0.15633069
    0.01354423
    0.00491120
   -0.03700113
    0.03068393
   -0.23893274
    0.03717727
   -0.05908124
    0.05842006
   -0.03723805
   -0.03989165
   -0.28502363
    0.06388421
    0.01487212
    0.06627716
   -0.03559180
   -0.03270500
    0.06099506
   -0.15639161
    0.01357555
    0.00493437
   -0.03702114
    0.03068522
   -0.23896749
    0.03722129
   -0.05906797
    0.05846603
   -0.03716650
   -0.03968193
    0.06397775
   -0.28491264
    0.03254702
    0.02767311
    0.16211973
    0.02407515
    0.02734257
    0.02156145
    0.16908313
    0.04188902
    0.01486730
    0.01801687
    0.02195929
    0.03219519
    0.02749471
    0.16213514
    0.02400771
    0.02745851
    0.02137838
    0.16911408
    0.04197891
    0.01494618
    0.01818133
    0.02229811
    0.01624078
    0.06642070
   -0.03489116
   -0.03250269
    0.06147535
   -0.15613275
    0.01321882
    0.00480026
   -0.03701133
    0.03066587
   -0.23880829
    0.03720258
   -0.05920791
    0.05889791
   -0.03697105
   -0.03980843
   -0.28543360
    0.06390185
    0.01402915
    0.06635315
   -0.03564318
   -0.03244886
    0.06121888
   -0.15671384
    0.01361098
    0.00489590
   -0.03708956
    0.03064664
   -0.23892984
    0.03729184
   -0.05910370
    0.05869756
   -0.03709330
   -0.03939947
    0.06406601
   -0.28454436
    0.03307392
    0.02802622
    0.16219362
    0.02421052
    0.02741432
    0.02184111
    0.16927297
    0.04199477
    0.01479943
    0.01830763
    0.02199177
    0.03205478
    0.02772333
    0.16228033
    0.02398364
    0.02769848
    0.02137759
    0.16930657
    0.04224016
    0.01510863
    0.01851270
    0.02280170
