   -0.01654821
    0.06147572
   -0.03398066
   -0.03373910
    0.06655399
   -0.15603147
    0.01705646
   -0.01970360
   -0.02811874
    0.02895109
   -0.01796420
    0.05324773
   -0.25897043
    0.05393164
   -0.01655997
    0.06367962
   -0.03746240
   -0.03686367
   -0.28445097
    0.06494907
    0.02149042
    0.06573755
   -0.03284489
   -0.03366558
    0.06530950
   -0.15476905
    0.01619861
   -0.02013012
   -0.02863067
    0.02871228
   -0.01756163
    0.05352208
   -0.25947403
    0.05325241
   -0.01747379
    0.06521565
   -0.03779492
   -0.03830731
    0.05906172
   -0.28604589
    0.03197109
    0.04161017
    0.03622540
    0.16707680
    0.03494293
    0.03256146
    0.03394819
    0.03719977
    0.02680801
    0.02755023
    0.03703844
    0.03627913
    0.16565569
    0.03620955
    0.03332151
    0.03250468
    0.03531518
    0.02659638
    0.03195743
   -0.01683580
    0.06156284
   -0.03408508
   -0.03370785
    0.06639631
   -0.15605381
    0.01732840
   -0.01954029
   -0.02796075
    0.02902067
   -0.01789623
    0.05329089
   -0.25885254
    0.05398747
   -0.01648132
    0.06352815
   -0.03746357
   -0.03689673
   -0.28439222
    0.06512740
    0.02130227
    0.06568603
   -0.03298569
   -0.03374171
    0.06513576
   -0.15478589
    0.01628056
   -0.02005798
   -0.02860387
    0.02874203
   -0.01752955
    0.05352982
   -0.25946511
    0.05325602
   -0.01746400
    0.06515103
   -0.03775524
   -0.03833575
    0.05913606
   -0.28615681
    0.03184041
    0.04154265
    0.03619661
    0.16707707
    0.03499832
    0.03261668
    0.03403136
    0.03729406
    0.02676354
    0.02756094
    0.03691862
    0.03618855
    0.16560566
    0.03622754
    0.03332672
    0.03249454
    0.03532623
    0.02655967
    0.03190546
   -0.01339915
   -0.01568363
   -0.01171600
   -0.01127398
   -0.01312901
   -0.00992190
   -0.01753042
   -0.01195416
   -0.01459381
   -0.01711342
   -0.01273905
   -0.01310981
   -0.01391552
   -0.01192711
   -0.01794296
   -0.01382904
   -0.01392353
   -0.01791432
   -0.01204250
   -0.01389274
   -0.01323122
   -0.01271355
   -0.01724764
   -0.01456845
   -0.01227028
   -0.01771276
   -0.01025995
   -0.01339898
   -0.01158622
   -0.01204837
   -0.01593142
   -0.01377182
    0.01879427
    0.06608800
   -0.03447913
   -0.03366926
    0.06378150
   -0.15401382
    0.02076872
   -0.01803219
   -0.02623233
    0.02953017
   -0.01607887
    0.05415199
   -0.25826051
    0.05376871
   -0.01699788
    0.06264280
   -0.03742379
   -0.03755143
   -0.28359569
    0.06554060
    0.02007265
    0.06595121
   -0.03411813
   -0.03385699
    0.06379233
   -0.15379206
    0.02019735
   -0.01832220
   -0.02658143
    0.02940646
   -0.01642418
    0.05387470
   -0.25849808
    0.05385085
   -0.01693418
    0.06297310
   -0.03731813
   -0.03781413
    0.06520386
   -0.28426169
    0.03582363
    0.03560534
    0.16620426
    0.03740085
    0.03405475
    0.03336204
    0.03627894
    0.02640421
    0.02703876
    0.03637878
    0.03568071
    0.16600572
    0.03676941
    0.03343553
    0.03364038
    0.03658266
    0.02630387
    0.02646670
    0.01895777
    0.06600688
   -0.03459807
   -0.03388714
    0.06336342
   -0.15396630
    0.02077070
   -0.01795239
   -0.02635758
    0.02954195
   -0.01620490
    0.05400666
   -0.25843449
    0.05380829
   -0.01691078
    0.06232797
   -0.03758998
   -0.03799588
   -0.28394741
    0.06535599
    0.01900636
    0.06601279
   -0.03456805
   -0.03387993
    0.06337474
   -0.15395889
    0.02075958
   -0.01796748
   -0.02636467
    0.02953649
   -0.01621206
    0.05400021
   -0.25841841
    0.05381992
   -0.01691034
    0.06234136
   -0.03758868
   -0.03800642
    0.06534811
   -0.28396259
    0.03579447
    0.03535784
    0.16596545
    0.03708640
    0.03368757
    0.03343379
    0.03644647
    0.02602211
    0.02643393
    0.03584048
    0.03537243
    0.16595974
    0.03706770
    0.03366848
    0.03344433
    0.03645120
    0.02602357
    0.02642448
    0.01989966
    0.06596676
   -0.03420008
   -0.03387589
    0.06368875
   -0.15381160
    0.02030822
   -0.01824245
   -0.02653452
    0.02943746
   -0.01639867
    0.05388504
   -0.25850450
    0.05385061
   -0.01690844
    0.06283085
   -0.03737475
   -0.03787850
   -0.28423980
    0.06524288
    0.01871932
    0.06603367
   -0.03456381
   -0.03374219
    0.06367108
   -0.15403162
    0.02075042
   -0.01802942
   -0.02627971
    0.02952679
   -0.01609976
    0.05413063
   -0.25829501
    0.05375620
   -0.01700345
    0.06257999
   -0.03746076
   -0.03762085
    0.06550208
   -0.28366237
    0.03628138
    0.03561369
    0.16598221
    0.03679454
    0.03345867
    0.03362151
    0.03659842
    0.02621731
    0.02641665
    0.03572846
    0.03551561
    0.16614394
    0.03736418
    0.03400422
    0.03332199
    0.03625742
    0.02633020
    0.02695828
