           2           3   1.3936685869891687     
           3           4   1.2041276107324461     
           4           5   1.6373152513139559     
           5           6   1.2091438777450851     
           1           7  0.87627847152418814     
           3           7   1.2211710077319262     
           6           7   1.2258344382860620     
           6           8   1.3637268703961889     
           8           9   1.0521924722125697     
           9          10   1.4221560356320553     
          10          11   1.4532863507220524     
          11          12   1.4189248935338141     
          12          13  0.89049856736598787     
          13          14   1.8920549521449184     
          13          15   1.0791638223987639     
          13          16   1.8941303058208598     
          14          16  0.13457031323340224     
          12          17   1.4183591087726894     
           9          18   1.4213018956328822     
          17          18   1.4537980021459971     
           8          19   1.3670810115488172     
          19          20   1.2154628431768744     
          20          21   1.6245741564872478     
           1          22  0.86946745421416205     
          19          22   1.2179493342000993     
          21          23   1.2258049005346336     
          22          23   1.2414907989832014     
          23          24   1.3083604155979824     
          24          25   1.3076856005798250     
          25          26   1.2259107904719817     
          26          27   1.6246263787857107     
          27          28   1.2153335424813447     
           1          29  0.86926092565930546     
          25          29   1.2425413986561025     
          28          29   1.2167855096131097     
          28          30   1.3683685755148325     
          30          31   1.0524259865490269     
          31          32   1.4214565899793488     
          32          33   1.4536803941695431     
          33          34   1.4187401494366696     
          34          35  0.89049793025306223     
          35          36   1.8908490325126504     
          35          37   1.0797517844678837     
          35          38   1.8952181530586789     
          36          38  0.13443589740322395     
          37          38  0.10054100244354162     
          34          39   1.4185898100623375     
          31          40   1.4217929726806111     
          39          40   1.4534242912710695     
          30          41   1.3622931304607322     
          41          42   1.2092536302204968     
          42          43   1.6372599353826913     
           2          44   1.3946981788422990     
          43          44   1.2040410406788664     
           1          45  0.87654636516320839     
          41          45   1.2269596908681999     
          44          45   1.2201606105944756     
           2          46  0.99511203378839164     
           4          47  0.99229170813480860     
           5          48  0.99790436281409500     
          10          49  0.98780385772436452     
          11          50  0.98460011226057553     
          15          51  0.93765704738870626     
          17          52  0.98441394451232711     
          18          53  0.98735972413510309     
          20          54  0.99688596305872368     
          21          55  0.99738544980444443     
          26          56  0.99742841830584739     
          27          57  0.99709953686777175     
          32          58  0.98767367763659319     
          33          59  0.98470413715844463     
          37          60  0.93758849952393652     
          39          61  0.98431800947614900     
          40          62  0.98751299141968152     
          42          63  0.99768130452681980     
          43          64  0.99222445677012250     
          66          67   1.3925100097533154     
          67          68   1.2049920446871007     
          68          69   1.6363235026827265     
          69          70   1.2100023805220539     
          65          71  0.87218305109353145     
          67          71   1.2223793909954050     
          70          71   1.2263971563297826     
          70          72   1.3639762357978567     
          72          73   1.0501046845538040     
          73          74   1.4227703235353923     
          74          75   1.4531594830623593     
          75          76   1.4188839082803300     
          76          77  0.89048959876365497     
          77          78   1.8932703349885591     
          77          79   1.0789852126558370     
          77          80   1.8930071081654285     
          78          80  0.13457203083308633     
          76          81   1.4188704954154592     
          73          82   1.4224509015473379     
          81          82   1.4531686612053707     
          72          83   1.3693460802249100     
          83          84   1.2135665962591868     
          84          85   1.6279500630723753     
          65          86  0.86946985070679550     
          83          86   1.2188742275550430     
          85          87   1.2233775753519822     
          86          87   1.2393360728030489     
          87          88   1.3172645182943596     
          88          89   1.3135735680531389     
          89          90   1.2255989087657413     
          90          91   1.6251622141100615     
          91          92   1.2156565970239919     
          65          93  0.86702322081075500     
          89          93   1.2400369534189435     
          92          93   1.2189596832867318     
          92          94   1.3668509055774694     
          94          95   1.0506011338324319     
          95          96   1.4222081428138500     
          96          97   1.4532779134876836     
          97          98   1.4190425716090456     
          98          99  0.89049014663712989     
          99         100   1.8907818116536905     
          99         101   1.0798461315837398     
          99         102   1.8952501265249895     
         100         102  0.13442513261608147     
         101         102  0.10048154991425159     
          98         103   1.4187041925756301     
          95         104   1.4225732994312430     
         103         104   1.4531755020284918     
          94         105   1.3660320438857991     
         105         106   1.2079611419520244     
         106         107   1.6390965256394647     
          66         108   1.3971604151696739     
         107         108   1.2028913360670854     
          65         109  0.87511299443053825     
         105         109   1.2266587402772475     
         108         109   1.2208977904364062     
          66         110  0.99509131916520499     
          68         111  0.99220423964499638     
          69         112  0.99788993466508724     
          74         113  0.98770932877592532     
          75         114  0.98456312889591280     
          79         115  0.93769150943846236     
          81         116  0.98438126531830639     
          82         117  0.98722983581388724     
          84         118  0.99684214677677263     
          85         119  0.99705173373282130     
          90         120  0.99718521220729728     
          91         121  0.99705807947719216     
          96         122  0.98754178015616978     
          97         123  0.98465663231339440     
         101         124  0.93759833711321228     
         103         125  0.98430692127223729     
         104         126  0.98743826368459398     
         106         127  0.99763993309294807     
         107         128  0.99209631559244105     
          24         130   1.2040371793220466     
         129         130   2.5179302579726679     
         129         131   1.3171402123824856     
         130         132  0.18708154090503806     
         131         132   2.5160381871805986     
         133         134   2.5063586686206931     
         133         135   1.3271335269724429     
         134         136  0.18908478052391248     
         135         136   2.5071825272193036     
         137         138   2.5320904439207301     
         137         139   1.3028299767317746     
          88         140   1.1900762995449372     
         138         140  0.18467942003394666     
         139         140   2.5338384638740235     
         132         142   1.2068906164860256     
         142         143   1.3053452018151166     
         143         144   1.2280204212205728     
         144         145   1.6212961453273518     
         145         146   1.2187509210777414     
         141         147  0.87064015971510744     
         143         147   1.2418016375631824     
         146         147   1.2177045035966940     
         146         148   1.3627645963803663     
         148         149   1.0522609498026398     
         149         150   1.4223057714306671     
         150         151   1.4528991626204215     
         151         152   1.4195741667888175     
         152         153  0.88984638026533724     
         153         154   1.8905541230442018     
         153         155   1.0811035954440620     
         153         156   1.8967967847152034     
         154         156  0.13451707155190240     
         155         156  0.10091056543605617     
         152         157   1.4189432841495273     
         149         158   1.4216358164353373     
         157         158   1.4534405060547353     
         148         159   1.3678011936574435     
         159         160   1.2177532767164214     
         160         161   1.6216100462893541     
         141         162  0.86933401771890439     
         159         162   1.2144884764630670     
         161         163   1.2285867843987144     
         162         163   1.2468307104383731     
         134         164   1.2157606695866341     
         163         164   1.3009192539439713     
         164         165   1.3008553321530392     
         165         166   1.2287519813783303     
         166         167   1.6213099096523609     
         167         168   1.2179817847194203     
         141         169  0.86918846197331900     
         165         169   1.2465941573738601     
         168         169   1.2148093082598734     
         168         170   1.3670398069796179     
         170         171   1.0527009554906752     
         171         172   1.4220132668564498     
         172         173   1.4530594304922251     
         173         174   1.4194880517693904     
         174         175  0.88994992964618180     
         175         176   1.8901956153789794     
         175         177   1.0807305810880101     
         175         178   1.8972691427316175     
         176         178  0.13449180406926650     
         177         178  0.10097012653381322     
         174         179   1.4187633654710425     
         171         180   1.4215169468627908     
         179         180   1.4535444502433648     
         170         181   1.3631859649504723     
         181         182   1.2187336153642743     
         182         183   1.6211743865161889     
         142         184   1.3049350750417601     
         183         184   1.2282101962637835     
         141         185  0.87011331434474504     
         181         185   1.2173219610180992     
         184         185   1.2423932518556140     
         144         186  0.99745663832787657     
         145         187  0.99747921552651786     
         150         188  0.98748585430219171     
         151         189  0.98441958953843534     
         155         190  0.93741151635049869     
         157         191  0.98434651446326427     
         158         192  0.98766784705243482     
         160         193  0.99726311638541987     
         161         194  0.99753809507889557     
         166         195  0.99752011219031356     
         167         196  0.99726556425418678     
         172         197  0.98751059305421651     
         173         198  0.98441836048737674     
         177         199  0.93763938327299501     
         179         200  0.98438081268874444     
         180         201  0.98768190577497927     
         182         202  0.99750311981843376     
         183         203  0.99754410859803422     
         136         205   1.2145500261193940     
         205         206   1.3024410299739289     
         206         207   1.2274266199598012     
         207         208   1.6232074006427670     
         208         209   1.2168823131486626     
         204         210  0.86651739234009950     
         206         210   1.2479422662659012     
         209         210   1.2152002711415972     
         209         211   1.3700677222349025     
         211         212   1.0504550409534656     
         212         213   1.4226528970780712     
         213         214   1.4526604270902947     
         214         215   1.4199191908395004     
         215         216  0.88956822332969843     
         216         217   1.8895541124205817     
         216         218   1.0823700669055307     
         216         219   1.8984949385287406     
         217         219  0.13442517396476375     
         218         219  0.10123677904400842     
         215         220   1.4192144799477246     
         212         221   1.4227978871760671     
         220         221   1.4529812682344214     
         211         222   1.3629768082104570     
         222         223   1.2174351875237588     
         223         224   1.6237292000494625     
         204         225  0.86952798621992544     
         222         225   1.2197697923261768     
         224         226   1.2264659273910690     
         225         226   1.2399518233821856     
         138         227   1.1927127957882728     
         226         227   1.3124512053721777     
         227         228   1.3129999656351083     
         228         229   1.2260858314705871     
         229         230   1.6241562491500015     
         230         231   1.2171196940430968     
         204         232  0.86937956654424386     
         228         232   1.2399968828538761     
         231         232   1.2197577721030113     
         231         233   1.3636945561371328     
         233         234   1.0500453743043623     
         234         235   1.4230477762012843     
         235         236   1.4524452039203106     
         236         237   1.4199782950613782     
         237         238  0.88968596741737671     
         238         239   1.8900398180480105     
         238         240   1.0819245404660647     
         238         241   1.8975174422157102     
         239         241  0.13446929664944859     
         240         241  0.10097434314353149     
         237         242   1.4191065878913767     
         234         243   1.4227540636952043     
         242         243   1.4531067463801468     
         233         244   1.3695686319435285     
         244         245   1.2172355829767201     
         245         246   1.6225961822538331     
         205         247   1.3018662920439332     
         246         247   1.2279446228563338     
         204         248  0.86608983767939662     
         244         248   1.2150661771037523     
         247         248   1.2481421229396676     
         207         249  0.99755964867980651     
         208         250  0.99742008506847113     
         213         251  0.98750731163752126     
         214         252  0.98440171336087934     
         218         253  0.93747756127512760     
         220         254  0.98432148264812025     
         221         255  0.98749829072502349     
         223         256  0.99725209187276453     
         224         257  0.99721850080900731     
         229         258  0.99722017954988207     
         230         259  0.99728725420031750     
         235         260  0.98743046056983552     
         236         261  0.98438510866131446     
         240         262  0.93725977440771435     
         242         263  0.98434207240754146     
         243         264  0.98752562859685622     
         245         265  0.99745181660275850     
         246         266  0.99748837675014745     
