   -0.02423042
    0.06194893
   -0.03555538
   -0.03356865
    0.06166982
   -0.15944259
    0.00781479
    0.01536875
   -0.01764845
   -0.01130187
    0.03132260
    0.45121389
   -0.28061636
   -0.29307136
   -0.27980252
   -0.01030665
   -0.01577307
    0.05850435
   -0.03737128
   -0.03560459
   -0.28497090
    0.06422797
    0.01688641
    0.06552245
   -0.03242757
   -0.03358540
    0.06102781
   -0.15694550
    0.00634440
    0.01507133
   -0.01720789
   -0.01088669
    0.03100495
    0.45076092
   -0.27946975
   -0.29147627
   -0.28282120
   -0.01126177
   -0.01673000
    0.05997338
   -0.03816061
   -0.03967286
    0.05899981
   -0.28857682
    0.02790818
    0.03913309
    0.03193755
    0.16372772
    0.03274457
    0.04271758
    0.22718942
    0.04454190
    0.03394553
    0.02256327
    0.02116076
    0.03040783
    0.03227606
    0.16153263
    0.03352568
    0.04338032
    0.22795524
    0.04304325
    0.03240481
    0.02181221
    0.02951089
   -0.02330342
    0.06225601
   -0.03492585
   -0.03308444
    0.06235643
   -0.15907223
    0.00797219
    0.01518705
   -0.01751447
   -0.01100842
    0.03148116
    0.45135255
   -0.27922157
   -0.29331600
   -0.28037817
   -0.01040720
   -0.01592279
    0.05928013
   -0.03679599
   -0.03510420
   -0.28471604
    0.06434828
    0.01797956
    0.06590780
   -0.03154495
   -0.03273540
    0.06175021
   -0.15673620
    0.00683582
    0.01490758
   -0.01715155
   -0.01082105
    0.03110407
    0.45079284
   -0.27899836
   -0.29082347
   -0.28323277
   -0.01116299
   -0.01675938
    0.06047555
   -0.03777279
   -0.03924888
    0.05933851
   -0.28793501
    0.02866235
    0.03979120
    0.03255453
    0.16410055
    0.03315382
    0.04312008
    0.22702546
    0.04457555
    0.03352017
    0.02388973
    0.02284124
    0.03184845
    0.03361794
    0.16192149
    0.03364359
    0.04351244
    0.22844905
    0.04353410
    0.03265225
    0.02240747
    0.03010108
   -0.02804159
   -0.02418213
   -0.02683705
   -0.02581336
   -0.02562637
   -0.02697682
   -0.02271142
   -0.02693005
    0.01171329
    0.06486764
   -0.03553698
   -0.03435091
    0.05876645
   -0.15705299
    0.00958598
    0.01587387
   -0.01571954
   -0.01054790
    0.03128117
    0.45091338
   -0.28090177
   -0.29234075
   -0.28044901
   -0.01108964
   -0.01703550
    0.05676781
   -0.03819606
   -0.03783045
   -0.28494916
    0.06346488
    0.01463141
    0.06559242
   -0.03310299
   -0.03325444
    0.05958326
   -0.15632804
    0.00980000
    0.01571355
   -0.01582282
   -0.01083074
    0.03115363
    0.45050946
   -0.28308553
   -0.29064470
   -0.27763127
   -0.01089274
   -0.01671293
    0.05719292
   -0.03792446
   -0.03788692
    0.06343748
   -0.28581792
    0.02755299
    0.03023123
    0.16127513
    0.03326316
    0.04363961
    0.22722536
    0.04272786
    0.03306745
    0.02104707
    0.01955499
    0.02904034
    0.03067940
    0.16091010
    0.03291046
    0.04400776
    0.22711139
    0.04258785
    0.03368907
    0.02146793
    0.01842748
    0.01339510
    0.06549954
   -0.03373651
   -0.03353693
    0.05915137
   -0.15653580
    0.00996815
    0.01563930
   -0.01575319
   -0.01066829
    0.03118464
    0.45051626
   -0.28288211
   -0.29074807
   -0.27773717
   -0.01111851
   -0.01672291
    0.05681210
   -0.03795361
   -0.03822967
   -0.28506857
    0.06324786
    0.01337833
    0.06541380
   -0.03378763
   -0.03337467
    0.05917506
   -0.15648583
    0.01003236
    0.01561295
   -0.01576986
   -0.01089225
    0.03113021
    0.45038214
   -0.28310866
   -0.29009840
   -0.27781157
   -0.01100903
   -0.01672323
    0.05671883
   -0.03819494
   -0.03827647
    0.06330800
   -0.28500459
    0.02832387
    0.03085631
    0.16098895
    0.03257335
    0.04260520
    0.22734136
    0.04389697
    0.03365478
    0.02106773
    0.01893289
    0.02825391
    0.03029143
    0.16091171
    0.03266866
    0.04403348
    0.22746037
    0.04241127
    0.03358772
    0.02161369
    0.01896217
    0.01514021
    0.06575537
   -0.03275451
   -0.03309109
    0.05994367
   -0.15613828
    0.00971676
    0.01547510
   -0.01590619
   -0.01068253
    0.03131854
    0.45057562
   -0.28259042
   -0.29029009
   -0.27808331
   -0.01086028
   -0.01665347
    0.05789855
   -0.03728696
   -0.03763680
   -0.28578424
    0.06333092
    0.01240415
    0.06495902
   -0.03505624
   -0.03361098
    0.05933211
   -0.15705528
    0.00975638
    0.01540370
   -0.01584838
   -0.01085761
    0.03106939
    0.45039936
   -0.28313461
   -0.28944167
   -0.27838478
   -0.01122075
   -0.01702879
    0.05695540
   -0.03806728
   -0.03762763
    0.06357347
   -0.28454042
    0.02919388
    0.03183609
    0.16110509
    0.03227215
    0.04231627
    0.22780363
    0.04437663
    0.03384693
    0.02182277
    0.01976052
    0.02853963
    0.03034666
    0.16144834
    0.03292723
    0.04435243
    0.22818456
    0.04213638
    0.03309358
    0.02231723
    0.01978890
