           1           2   1.3746934402952382     
           2           3   1.2383520580148213     
           3           4   1.6021428715097656     
           4           5   1.2481591872390627     
           2           6   1.2288832823778570     
           5           6   1.2320212030739623     
           5           7   1.3409607370942007     
           7           8   1.0505822263765145     
           8           9   1.4255621767810553     
           9          10   1.4471191246814796     
          10          11   1.4790312533827141     
           9          12  0.10158660421541955     
          11          12   1.4798055416297875     
           8          13   1.4253650430316056     
          10          13  0.10141221707122913     
          12          13   1.4468298453889401     
           7          14   1.3677416726612119     
          14          15   1.1589026471202679     
          15          16   1.6958775766931131     
          14          17   1.3554469252424568     
          16          18   1.1634561079715333     
          17          18   1.4126245625570037     
          18          19   1.2880735236536616     
          19          20   1.2892970105997368     
          20          21   1.2632410885603975     
          21          22   1.5890435602440449     
          22          23   1.2542785446883313     
          20          24   1.2492696320549337     
          23          24   1.2220785772839236     
          23          25   1.3468392887289284     
          25          26   1.0522430005430783     
          26          27   1.4246109121571449     
          27          28   1.4470578933096037     
          28          29   1.4795117194931739     
          27          30  0.10125431144289268     
          29          30   1.4788617427563018     
          26          31   1.4246446912396062     
          28          31  0.10142629448341170     
          30          31   1.4475328358666966     
          25          32   1.3536604831024601     
          32          33   1.1512293974185326     
          33          34   1.7090149043722216     
           1          35   1.3861793685666604     
          34          35   1.1456845392444119     
          32          36   1.3837278406453828     
          35          36   1.3732355030000654     
           1          37  0.99503620670385329     
           3          38  0.99144701139848379     
           4          39  0.99677704237824050     
           6          40  0.95983122595691883     
           9          41  0.98728975645210737     
          10          42  0.98232943309300425     
          12          43  0.98233879893307496     
          13          44  0.98718369816738716     
          15          45  0.99666123844252219     
          16          46  0.99814666438661437     
          21          47  0.99709390652900254     
          22          48  0.99608121936069682     
          24          49  0.95858335375688875     
          27          50  0.98710149725854301     
          28          51  0.98228301645399108     
          30          52  0.98242719326008099     
          31          53  0.98744520367295885     
          33          54  0.99738568496635061     
          34          55  0.99202262465911883     
          56          57   1.3746791722271339     
          57          58   1.2383570440495948     
          58          59   1.6021188562881341     
          59          60   1.2481722796954529     
          57          61   1.2288906521114518     
          60          61   1.2319878523323373     
          60          62   1.3409619644471746     
          62          63   1.0507482846648106     
          63          64   1.4254337736831950     
          64          65   1.4471778717067163     
          65          66   1.4789793673719829     
          64          67  0.10157300628489191     
          66          67   1.4798254409231657     
          63          68   1.4253463278786331     
          65          68  0.10139815012006079     
          67          68   1.4468232350107011     
          62          69   1.3675891127067370     
          69          70   1.1589611998735223     
          70          71   1.6957444363321006     
          69          72   1.3554886626113141     
          71          73   1.1635499845737218     
          72          73   1.4125835738035268     
          73          74   1.2879540017413460     
          74          75   1.2890902908777397     
          75          76   1.2633812275955907     
          76          77   1.5888715657955237     
          77          78   1.2543832982792735     
          75          79   1.2492791270770873     
          78          79   1.2221297606485533     
          78          80   1.3466498119009960     
          80          81   1.0523781874251110     
          81          82   1.4244908068060467     
          82          83   1.4471132691056769     
          83          84   1.4794568103379675     
          82          85  0.10124516669998233     
          84          85   1.4788887189149842     
          81          86   1.4246384104672349     
          83          86  0.10141275609498664     
          85          86   1.4475187363486466     
          80          87   1.3537173238419689     
          87          88   1.1512350287004940     
          88          89   1.7090043241020532     
          56          90   1.3861293177210976     
          89          90   1.1456863875741292     
          87          91   1.3836537924381451     
          90          91   1.3732806514629008     
          56          92  0.99503233011442027     
          58          93  0.99145027424984045     
          59          94  0.99677412914980512     
          61          95  0.95983718690022024     
          64          96  0.98730466841285625     
          65          97  0.98233382982681272     
          67          98  0.98233840281947082     
          68          99  0.98719062295587567     
          70         100  0.99665875613306942     
          71         101  0.99814363147118101     
          76         102  0.99709636791655187     
          77         103  0.99607984886648171     
          79         104  0.95858879881434411     
          82         105  0.98709946042834251     
          83         106  0.98227947333987109     
          85         107  0.98243160043972977     
          86         108  0.98745849322497825     
          88         109  0.99738072187374094     
          89         110  0.99202526434531801     
          19         111   1.2189012610214514     
         111         112   2.4661185045179637     
         112         113   1.3624959785605271     
         111         114  0.16892318463380568     
         113         114   2.3460704205212632     
         114         115   1.3908086299320666     
         113         116  0.16297911077268989     
         115         116   2.3443911991593906     
         116         117   1.3649542584383640     
         115         118  0.16822358537099297     
         117         118   2.4605586559120396     
         119         120   2.4567415859280755     
         120         121   1.3680113346893972     
         119         122  0.16741654186589297     
         121         122   2.3391762061514001     
         122         123   1.3950545578865758     
         121         124  0.16189539720825888     
         123         124   2.3391925206155553     
         124         125   1.3680988325973975     
         123         126  0.16747095073982102     
         125         126   2.4567312997933382     
         127         128   2.4573156710329092     
         128         129   1.3676341147732394     
         127         130  0.16763635262922646     
         129         130   2.3398926915098075     
         130         131   1.3945503839272573     
         129         132  0.16211774967640352     
         131         132   2.3399887966718271     
         132         133   1.3675281852918508     
         131         134  0.16768312040280325     
         133         134   2.4575624142912105     
         135         136   2.4579909787023899     
         136         137   1.3671994271417895     
         135         138  0.16780403512223879     
         137         138   2.3405329020215340     
         138         139   1.3941352994413514     
         137         140  0.16226823152985342     
         139         140   2.3405469819175027     
         140         141   1.3671746047880036     
         139         142  0.16781919121211639     
         141         142   2.4580435096156732     
         143         144   2.4581400479646454     
         144         145   1.3671007519700458     
         143         146  0.16783518260430366     
         145         146   2.3406480457807146     
         146         147   1.3940662118115308     
         145         148  0.16230535194837561     
         147         148   2.3406477829537158     
         148         149   1.3671007029878095     
         147         150  0.16783582256980517     
         149         150   2.4581397018709863     
         151         152   2.4580595302593289     
         152         153   1.3671664828526986     
         151         154  0.16781774214020612     
         153         154   2.3405457347774701     
         154         155   1.3941452433255075     
         153         156  0.16227727167877409     
         155         156   2.3405250062435488     
         156         157   1.3671960778473564     
         155         158  0.16780655215383117     
         157         158   2.4579897399824016     
         159         160   2.4575728221611706     
         160         161   1.3675283615921365     
         159         162  0.16769130567892088     
         161         162   2.3399866617908476     
         162         163   1.3945441311794362     
         161         164  0.16212061403596564     
         163         164   2.3399088686931071     
         164         165   1.3676233242421052     
         163         166  0.16763555937245070     
         165         166   2.4573226912767283     
         167         168   2.4567028574306748     
         168         169   1.3681243783160921     
         167         170  0.16746876763541807     
         169         170   2.3391485857005709     
         170         171   1.3950871110043108     
         169         172  0.16189161437675278     
         171         172   2.3391203842775457     
         172         173   1.3680613149961671     
         171         174  0.16741039078137820     
         173         174   2.4566676662437641     
         175         176   2.4601836191139119     
         176         177   1.3652619304793858     
         175         178  0.16819534352206886     
         177         178   2.3440045532620521     
         178         179   1.3911370071550822     
         177         180  0.16295993465184450     
         179         180   2.3456754292724118     
         180         181   1.3628116783945514     
          74         182   1.2192179509306531     
         179         182  0.16890127364641588     
         181         182   2.4657349777753939     
         118         183   1.2241661787345222     
         183         184   1.2822783333873007     
         184         185   1.2686893336560103     
         185         186   1.5810584655669910     
         186         187   1.2607450101686266     
         184         188   1.2505529598866831     
         187         188   1.2219565791401248     
         187         189   1.3375515640164528     
         189         190   1.0493587513495375     
         190         191   1.4262764040744789     
         191         192   1.4468513843565232     
         192         193   1.4792433581650255     
         191         194  0.10170109605716431     
         193         194   1.4798749722383304     
         190         195   1.4260544805569282     
         192         195  0.10154820102215342     
         194         195   1.4465804950065393     
         189         196   1.3716310439093162     
         196         197   1.1594254085757290     
         197         198   1.6940282144075494     
         196         199   1.3521924760652579     
         198         200   1.1654845921161689     
         199         200   1.4150800166192732     
         119         201   1.2270159530657705     
         200         201   1.2836702701181184     
         201         202   1.2815068459586649     
         202         203   1.2693298449893979     
         203         204   1.5804902866084261     
         204         205   1.2610989989870196     
         202         206   1.2506094232987968     
         205         206   1.2226230278108448     
         205         207   1.3364160610084288     
         207         208   1.0493343671675710     
         208         209   1.4262098975300770     
         209         210   1.4468567332314428     
         210         211   1.4792679085767149     
         209         212  0.10168684461126011     
         211         212   1.4798728518950515     
         208         213   1.4261086139001233     
         210         213  0.10157326534806868     
         212         213   1.4465433656626974     
         207         214   1.3726041923424932     
         214         215   1.1589237533542649     
         215         216   1.6948341385031904     
         183         217   1.2848823064035984     
         216         217   1.1649048701843621     
         214         218   1.3521077014235305     
         217         218   1.4144125204377693     
         185         219  0.99727123028976083     
         186         220  0.99670895514628033     
         188         221  0.95997425788347845     
         191         222  0.98735485411119328     
         192         223  0.98241522057285235     
         194         224  0.98237957841365353     
         195         225  0.98715904819801625     
         197         226  0.99716426933653779     
         198         227  0.99827444447226210     
         203         228  0.99716016837668364     
         204         229  0.99661053818036260     
         206         230  0.96002901988549738     
         209         231  0.98737421302086892     
         210         232  0.98243802099069910     
         212         233  0.98233515185058828     
         213         234  0.98713244434877934     
         215         235  0.99721261127437388     
         216         236  0.99831545111494913     
         126         237   1.2269665034576327     
         237         238   1.2813294184852539     
         238         239   1.2693662400789136     
         239         240   1.5805795479937024     
         240         241   1.2610435684513710     
         238         242   1.2506773085987002     
         241         242   1.2223569842344177     
         241         243   1.3368617934205616     
         243         244   1.0492746522649639     
         244         245   1.4262936969197972     
         245         246   1.4468205735439219     
         246         247   1.4792734963032002     
         245         248  0.10170421183007407     
         247         248   1.4798695798423558     
         244         249   1.4260943407613420     
         246         249  0.10156824020581781     
         248         249   1.4465524596133035     
         243         250   1.3722820793412287     
         250         251   1.1592160438722618     
         251         252   1.6943234779496414     
         250         253   1.3520255035683815     
         252         254   1.1653733941822815     
         253         254   1.4150410340477173     
         127         255   1.2266155765677322     
         254         255   1.2838099578639595     
         255         256   1.2816374777079640     
         256         257   1.2691984876491129     
         257         258   1.5808183628385302     
         258         259   1.2609045416694955     
         256         260   1.2506259345233575     
         259         260   1.2223226416992323     
         259         261   1.3370602882761906     
         261         262   1.0492811322131930     
         262         263   1.4262286156208321     
         263         264   1.4468599183436937     
         264         265   1.4792473302519640     
         263         266  0.10170513702413651     
         265         266   1.4799030048356991     
         262         267   1.4261583487476086     
         264         267  0.10157050204987851     
         266         267   1.4465064445588349     
         261         268   1.3720925246679494     
         268         269   1.1592816061948228     
         269         270   1.6941560897279604     
         237         271   1.2837031956078742     
         270         271   1.1654874512597224     
         268         272   1.3521265278628234     
         271         272   1.4149861306478271     
         239         273  0.99721830625084951     
         240         274  0.99666752132470882     
         242         275  0.96001913550328766     
         245         276  0.98736138003206497     
         246         277  0.98242813036762411     
         248         278  0.98235996814305371     
         249         279  0.98714376486633204     
         251         280  0.99719203698792946     
         252         281  0.99828653711590321     
         257         282  0.99717744017475085     
         258         283  0.99664163662171590     
         260         284  0.96003642016080049     
         263         285  0.98737056683443114     
         264         286  0.98243776247369496     
         266         287  0.98234691175627753     
         267         288  0.98713682753371212     
         269         289  0.99721803699543898     
         270         290  0.99831050943757982     
         134         291   1.2264374288770812     
         291         292   1.2819517114661496     
         292         293   1.2691209773209240     
         293         294   1.5811004861718743     
         294         295   1.2607068608545011     
         292         296   1.2504516438688347     
         295         296   1.2226336849034234     
         295         297   1.3371103773100419     
         297         298   1.0491601307684224     
         298         299   1.4263351864775213     
         299         300   1.4467781248673846     
         300         301   1.4793163396896987     
         299         302  0.10172602707832831     
         301         302   1.4799073848188140     
         298         303   1.4261385710567940     
         300         303  0.10159379812611023     
         302         303   1.4465091150079417     
         297         304   1.3721170297517158     
         304         305   1.1590907403206494     
         305         306   1.6945159375851131     
         304         307   1.3524437073861686     
         306         308   1.1653118542405612     
         307         308   1.4147023574097228     
         135         309   1.2261470763820772     
         308         309   1.2842087704474239     
         309         310   1.2820797634268211     
         310         311   1.2689672144313922     
         311         312   1.5812843376233241     
         312         313   1.2605919938315144     
         310         314   1.2504815034914021     
         313         314   1.2224761434518896     
         313         315   1.3374239689571568     
         315         316   1.0491615049521776     
         316         317   1.4262978553671866     
         317         318   1.4468052074086493     
         318         319   1.4792955907389789     
         317         320  0.10173141413979116     
         319         320   1.4799360241506285     
         316         321   1.4261820934460101     
         318         321  0.10159255240573679     
         320         321   1.4464743697548457     
         315         322   1.3718127060761054     
         322         323   1.1591767593880389     
         323         324   1.6943522150838799     
         291         325   1.2841358698870531     
         324         325   1.1654298230972246     
         322         326   1.3526069772747753     
         325         326   1.4146375688140171     
         293         327  0.99715499834353516     
         294         328  0.99663344485271954     
         296         329  0.96001156852330660     
         299         330  0.98734428048192324     
         300         331  0.98240604405558851     
         302         332  0.98232849773082120     
         303         333  0.98711896977591951     
         305         334  0.99718009308258204     
         306         335  0.99826544354877356     
         311         336  0.99714457048621064     
         312         337  0.99662643171770737     
         314         338  0.96001493187789377     
         317         339  0.98734656540902077     
         318         340  0.98240785468383918     
         320         341  0.98232467278210234     
         321         342  0.98711675407502919     
         323         343  0.99718660045701502     
         324         344  0.99827370830380058     
         142         345   1.2261143239811003     
         345         346   1.2821828426809274     
         346         347   1.2689666121637060     
         347         348   1.5813502335378986     
         348         349   1.2605387600951565     
         346         350   1.2504092910267663     
         349         350   1.2226469228223098     
         349         351   1.3373388737872303     
         351         352   1.0491018431938863     
         352         353   1.4263487936247534     
         353         354   1.4467652101398132     
         354         355   1.4793295652757379     
         353         356  0.10173927048469104     
         355         356   1.4799344973539623     
         352         357   1.4261717191719498     
         354         357  0.10160473724515785     
         356         357   1.4464788266093564     
         351         358   1.3719442372055417     
         358         359   1.1590617285123554     
         359         360   1.6945411231434375     
         358         361   1.3526657089954661     
         360         362   1.1653188242608059     
         361         362   1.4145460739014102     
         143         363   1.2260526090142061     
         362         363   1.2843525333177894     
         363         364   1.2821862038111704     
         364         365   1.2689470607587832     
         365         366   1.5813794798488094     
         366         367   1.2605191392146156     
         364         368   1.2504086791153852     
         367         368   1.2226012236072814     
         367         369   1.3374158503384759     
         369         370   1.0490996031357360     
         370         371   1.4263378787148646     
         371         372   1.4467733412704338     
         372         373   1.4793231641536400     
         371         374  0.10174204905475742     
         373         374   1.4799453957092148     
         370         375   1.4261879701040081     
         372         375  0.10160488686454307     
         374         375   1.4464654459182673     
         369         376   1.3718518099588446     
         376         377   1.1590853023920935     
         377         378   1.6944934871019584     
         345         379   1.2843259277674253     
         378         379   1.1653614385005162     
         376         380   1.3527220013946313     
         379         380   1.4145153226230658     
         347         381  0.99713063497409160     
         348         382  0.99661955134996105     
         350         383  0.96000738939631702     
         353         384  0.98733540875634140     
         354         385  0.98239390988774655     
         356         386  0.98231371017539049     
         357         387  0.98710735936689054     
         359         388  0.99717453329884453     
         360         389  0.99824597887968936     
         365         390  0.99713397538763804     
         366         391  0.99661866656747178     
         368         392  0.96001142132973272     
         371         393  0.98733654313291663     
         372         394  0.98239394856937667     
         374         395  0.98231263054396578     
         375         396  0.98710731950990882     
         377         397  0.99717682217903902     
         378         398  0.99825547423266159     
         150         399   1.2260511126556064     
         399         400   1.2821924794211912     
         400         401   1.2689437161005195     
         401         402   1.5813818275696232     
         402         403   1.2605187160117168     
         400         404   1.2504099039385457     
         403         404   1.2226027478101220     
         403         405   1.3374186076935237     
         405         406   1.0491059781010263     
         406         407   1.4263290912051581     
         407         408   1.4467786325611673     
         408         409   1.4793192245577815     
         407         410  0.10174196176795899     
         409         410   1.4799470725125232     
         406         411   1.4261898943599574     
         408         411  0.10160304599624835     
         410         411   1.4464634707326633     
         405         412   1.3718544279264910     
         412         413   1.1590778504805128     
         413         414   1.6945034267780241     
         412         415   1.3527221902628797     
         414         416   1.1653483060318437     
         415         416   1.4145199466153595     
         151         417   1.2261071291652048     
         416         417   1.2843469529243932     
         417         418   1.2821729022160195     
         418         419   1.2689767007194419     
         419         420   1.5813434102213710     
         420         421   1.2605432276615791     
         418         422   1.2503969210249797     
         421         422   1.2226509595139838     
         421         423   1.3373345146231737     
         423         424   1.0490962356727702     
         424         425   1.4263471201118030     
         425         426   1.4467672062456869     
         426         427   1.4793279859169393     
         425         428  0.10174099145743028     
         427         428   1.4799381881930445     
         424         429   1.4261790739145803     
         426         429  0.10160483041228935     
         428         429   1.4464739080100306     
         423         430   1.3719437185481318     
         430         431   1.1590592602256440     
         431         432   1.6945427451268960     
         399         433   1.2843492814252713     
         432         433   1.1653182274079075     
         430         434   1.3526688503724389     
         433         434   1.4145470607348445     
         401         435  0.99713465414259617     
         402         436  0.99661844031218383     
         404         437  0.96000873001327469     
         407         438  0.98733600851796344     
         408         439  0.98239418580122484     
         410         440  0.98231275355732417     
         411         441  0.98710778245496222     
         413         442  0.99717621721635508     
         414         443  0.99824710060103461     
         419         444  0.99713604135031453     
         420         445  0.99662019234786647     
         422         446  0.96000776105972030     
         425         447  0.98733498709329637     
         426         448  0.98239379735023136     
         428         449  0.98231343170778973     
         429         450  0.98710763940704249     
         431         451  0.99717500596251440     
         432         452  0.99824558901008797     
         158         453   1.2261417949904161     
         453         454   1.2820641345614996     
         454         455   1.2689691789861306     
         455         456   1.5812915055977321     
         456         457   1.2605897749514892     
         454         458   1.2504842516066508     
         457         458   1.2224746491320344     
         457         459   1.3374276850422038     
         459         460   1.0491673495912128     
         460         461   1.4262916719170273     
         461         462   1.4468086437770398     
         462         463   1.4792922664739976     
         461         464  0.10173095928433197     
         463         464   1.4799376866354819     
         460         465   1.4261819547182721     
         462         465  0.10159161288038118     
         464         465   1.4464733345426528     
         459         466   1.3718098983251599     
         466         467   1.1591711206828110     
         467         468   1.6943580057239913     
         466         469   1.3526156672883891     
         468         470   1.1654220721330268     
         469         470   1.4146359308376499     
         159         471   1.2264281559222274     
         470         471   1.2841587805067982     
         471         472   1.2819458024386867     
         472         473   1.2691213068704725     
         473         474   1.5811040502849436     
         474         475   1.2607066030836453     
         472         476   1.2504432913388772     
         475         476   1.2226356178144961     
         475         477   1.3371111964652806     
         477         478   1.0491573040832949     
         478         479   1.4263339228802578     
         479         480   1.4467800476553909     
         480         481   1.4793140786553347     
         479         482  0.10172680164052775     
         481         482   1.4799105929962042     
         478         483   1.4261431156906608     
         480         483  0.10159394518829844     
         482         483   1.4465060167215757     
         477         484   1.3721130514256064     
         484         485   1.1590853475338025     
         485         486   1.6945197466882731     
         453         487   1.2842376280970393     
         486         487   1.1653019639388107     
         484         488   1.3524573974003626     
         487         488   1.4146923960956450     
         455         489  0.99715456831578864     
         456         490  0.99662561427788354     
         458         491  0.96001468779658994     
         461         492  0.98734682227037551     
         462         493  0.98240784463629838     
         464         494  0.98232476455374285     
         465         495  0.98711646601371605     
         467         496  0.99718717769664833     
         468         497  0.99826642674613930     
         473         498  0.99716078363172300     
         474         499  0.99663292101266010     
         476         500  0.96001240259816167     
         479         501  0.98734456811039828     
         480         502  0.98240579694901786     
         482         503  0.98232833281424803     
         483         504  0.98711864821261586     
         485         505  0.99718141129484716     
         486         506  0.99825523412371453     
         166         507   1.2266138628206260     
         507         508   1.2816617497055047     
         508         509   1.2691804823441986     
         509         510   1.5808371921166522     
         510         511   1.2608922060784120     
         508         512   1.2506280953713484     
         511         512   1.2223211794168463     
         511         513   1.3370753145436938     
         513         514   1.0492805336117315     
         514         515   1.4262325067142838     
         515         516   1.4468584719156115     
         516         517   1.4792491516437924     
         515         518  0.10170435487592973     
         517         518   1.4799003113271045     
         514         519   1.4261554608249656     
         516         519  0.10157086081070080     
         518         519   1.4465090471497581     
         513         520   1.3720852193804318     
         520         521   1.1592838716919660     
         521         522   1.6941552195789671     
         520         523   1.3521302939826905     
         522         524   1.1654909602842507     
         523         524   1.4149843098239820     
         167         525   1.2269884034142724     
         524         525   1.2837004863146257     
         525         526   1.2813183111667732     
         526         527   1.2693777522415910     
         527         528   1.5805657380867699     
         528         529   1.2610527651322134     
         526         530   1.2506740871990076     
         529         530   1.2223666685019579     
         529         531   1.3368417990279524     
         531         532   1.0492833516315967     
         532         533   1.4262955929469276     
         533         534   1.4468174010044537     
         534         535   1.4792769304915461     
         533         536  0.10170329345055097     
         535         536   1.4798651498691093     
         532         537   1.4260843914512065     
         534         537  0.10156814883737345     
         536         537   1.4465570403896124     
         531         538   1.3722900462069829     
         538         539   1.1592184262473491     
         539         540   1.6943192791514134     
         507         541   1.2837884666306443     
         540         541   1.1653785157638337     
         538         542   1.3520164537522847     
         541         542   1.4150490691156639     
         509         543  0.99717518214340095     
         510         544  0.99664221186251678     
         512         545  0.96003555122751183     
         515         546  0.98737096548574610     
         516         547  0.98243843552716270     
         518         548  0.98234677038800233     
         519         549  0.98713589656815304     
         521         550  0.99721757244387554     
         522         551  0.99831303744418487     
         527         552  0.99721549874777748     
         528         553  0.99666724910489923     
         530         554  0.96002098430014760     
         533         555  0.98736249893171735     
         534         556  0.98242807217296602     
         536         557  0.98235957576555710     
         537         558  0.98714403414508400     
         539         559  0.99719173640833292     
         540         560  0.99828995134784282     
         174         561   1.2270821824586455     
         561         562   1.2814496705175198     
         562         563   1.2693615878730566     
         563         564   1.5804398938346613     
         564         565   1.2611305611400718     
         562         566   1.2506223457226231     
         565         566   1.2226048319400671     
         565         567   1.3363928878841405     
         567         568   1.0495407086658295     
         568         569   1.4260648852622690     
         569         570   1.4469168965319985     
         570         571   1.4792181317161188     
         569         572  0.10167191524517127     
         571         572   1.4798932247234249     
         568         573   1.4260744730925148     
         570         573  0.10155791189066206     
         572         573   1.4465391789418887     
         567         574   1.3724497324386264     
         574         575   1.1589793152562553     
         575         576   1.6947091792409108     
         574         577   1.3521561662432982     
         576         578   1.1649888620270203     
         577         578   1.4143616805734980     
         175         579   1.2244778362143545     
         578         579   1.2847828625112216     
         579         580   1.2820705493839453     
         580         581   1.2688306230350930     
         581         582   1.5808934358669757     
         582         583   1.2608518544120568     
         580         584   1.2505629442187784     
         583         584   1.2220154274650405     
         583         585   1.3373649510089902     
         585         586   1.0495274373265961     
         586         587   1.4262564011844590     
         587         588   1.4468415668112167     
         588         589   1.4792692852815441     
         587         590  0.10168939282287222     
         589         590   1.4798260923136319     
         586         591   1.4259259997155289     
         588         591  0.10153580089117337     
         590         591   1.4466328121736334     
         585         592   1.3716776410986204     
         592         593   1.1594317646171852     
         593         594   1.6940095684407619     
         561         595   1.2836051393929304     
         594         595   1.1654921596046746     
         592         596   1.3521250456646987     
         595         596   1.4151395500570831     
         563         597  0.99716084386237880     
         564         598  0.99660370404537102     
         566         599  0.96003260643974164     
         569         600  0.98739062974468339     
         570         601  0.98243966413726391     
         572         602  0.98233269903495912     
         573         603  0.98714140767667113     
         575         604  0.99720606268905398     
         576         605  0.99830759474777220     
         581         606  0.99727423581487951     
         582         607  0.99670318839118488     
         584         608  0.95997355732450429     
         587         609  0.98736850006948285     
         588         610  0.98241769801359335     
         590         611  0.98237382896467051     
         591         612  0.98715932529520500     
         593         613  0.99715673740929622     
         594         614  0.99827190292985046     
