   -0.02567083
    0.06097999
   -0.03704136
   -0.03391268
    0.06101660
   -0.16062674
    0.00860948
   -0.00338213
   -0.04663993
    0.07324492
   -0.30214597
    0.06731010
   -0.30147900
    0.08164442
   -0.29372377
   -0.04105822
    0.05690415
   -0.03986620
   -0.03989191
   -0.28691751
    0.06339026
    0.01453244
    0.06576366
   -0.03484474
   -0.03387505
    0.06028215
   -0.15805981
    0.00764747
   -0.00340345
   -0.04052096
    0.08204299
   -0.29292459
    0.06719597
   -0.30144348
    0.07272928
   -0.30284596
   -0.04730439
    0.05837240
   -0.04008871
   -0.04200646
    0.05750960
   -0.28995559
    0.02537516
    0.03665529
    0.03120176
    0.16267691
    0.03166703
    0.23282801
    0.23858361
    0.23361273
    0.03304119
    0.02133758
    0.02319813
    0.03320219
    0.03179081
    0.16135393
    0.03395596
    0.23386108
    0.23814468
    0.23177374
    0.03061893
    0.02058791
    0.02657803
   -0.02538600
    0.06103189
   -0.03689400
   -0.03384237
    0.06117593
   -0.16050990
    0.00864327
   -0.00338644
   -0.04666942
    0.07324789
   -0.30214651
    0.06730938
   -0.30149080
    0.08167240
   -0.29368837
   -0.04104173
    0.05710763
   -0.03974971
   -0.03967640
   -0.28686840
    0.06347374
    0.01482352
    0.06596012
   -0.03449165
   -0.03359248
    0.06053052
   -0.15796573
    0.00786247
   -0.00343897
   -0.04048483
    0.08216883
   -0.29271781
    0.06729362
   -0.30130856
    0.07276324
   -0.30278725
   -0.04733618
    0.05853970
   -0.03996186
   -0.04187794
    0.05759353
   -0.28976228
    0.02557480
    0.03680400
    0.03131269
    0.16277585
    0.03168746
    0.23282556
    0.23857378
    0.23363792
    0.03312082
    0.02152132
    0.02343039
    0.03366311
    0.03219130
    0.16144744
    0.03409516
    0.23403971
    0.23822326
    0.23179856
    0.03065594
    0.02078158
    0.02674233
   -0.01968119
   -0.02219903
   -0.01906374
   -0.01800560
   -0.02091524
   -0.01622686
   -0.02517854
   -0.01698292
   -0.01850508
   -0.02384825
   -0.01794332
   -0.01994764
   -0.01985663
   -0.01834871
   -0.02402827
   -0.01898511
   -0.01623979
   -0.02438882
   -0.01537915
   -0.02022968
   -0.01730140
   -0.01857750
   -0.02171350
   -0.01940515
    0.01051502
    0.06455767
   -0.03810915
   -0.03615628
    0.05747137
   -0.15818107
    0.00988654
   -0.00449234
   -0.04573687
    0.08197280
   -0.29364384
    0.07708842
   -0.29416765
    0.07203464
   -0.30180366
   -0.04741564
    0.05514016
   -0.04038411
   -0.04121323
   -0.28721825
    0.06285048
    0.01244677
    0.06514485
   -0.03673716
   -0.03464847
    0.05864098
   -0.15741582
    0.01043806
   -0.00272048
   -0.04040195
    0.08182428
   -0.29338172
    0.06702453
   -0.30193224
    0.07297144
   -0.30276624
   -0.04648487
    0.05555125
   -0.04049744
   -0.04173286
    0.06253581
   -0.28776789
    0.03052635
    0.02928085
    0.16121137
    0.03162964
    0.23016307
    0.23493355
    0.23253811
    0.03152237
    0.02106534
    0.02178607
    0.03144324
    0.03023231
    0.16115051
    0.03339627
    0.23318880
    0.23772707
    0.23200477
    0.03118522
    0.01958969
    0.02063914
    0.01231965
    0.06467816
   -0.03744428
   -0.03604952
    0.05780672
   -0.15767818
    0.00965976
   -0.00454371
   -0.04590117
    0.08188902
   -0.29373782
    0.07708774
   -0.29419605
    0.07217657
   -0.30158780
   -0.04735355
    0.05544029
   -0.04017020
   -0.04130239
   -0.28778057
    0.06281871
    0.01114715
    0.06517640
   -0.03714341
   -0.03453934
    0.05856979
   -0.15778455
    0.01075740
   -0.00271571
   -0.04042569
    0.08174789
   -0.29360098
    0.06714593
   -0.30184714
    0.07312118
   -0.30257080
   -0.04629061
    0.05553432
   -0.04043086
   -0.04131984
    0.06270093
   -0.28696867
    0.03139808
    0.02971964
    0.16123333
    0.03152231
    0.23001292
    0.23505447
    0.23281719
    0.03175010
    0.02106164
    0.02143149
    0.03080921
    0.03001828
    0.16125451
    0.03326384
    0.23311919
    0.23791706
    0.23225900
    0.03138522
    0.01997347
    0.02152335
