    0.25879619
   -0.03203841
    0.05728562
   -0.04249906
   -0.03846489
    0.05551221
   -0.21655580
    0.00670150
    0.01291919
   -0.00809464
    0.00562076
    0.23313538
   -0.28281821
   -0.33072295
   -0.01882741
   -0.02407493
   -0.01339231
    0.05399204
   -0.04071238
   -0.04084035
   -0.21297797
    0.06170032
    0.00854880
    0.06160349
   -0.04095085
   -0.04087668
    0.05363631
   -0.21327521
    0.00604121
    0.01207748
   -0.01320439
   -0.02317308
   -0.01674099
    0.00534929
    0.23291830
   -0.27902487
   -0.33523956
   -0.01043368
    0.05476732
   -0.03944925
   -0.04309959
    0.05699689
   -0.21681379
    0.01669925
    0.02400110
    0.01870888
    0.03432395
    0.23873255
    0.04136957
    0.03281356
    0.02556352
    0.01714457
    0.02146273
    0.02135822
    0.01734393
    0.02598652
    0.03349838
    0.04026406
    0.23842552
    0.03513657
    0.01894362
    0.02396698
    0.25881949
   -0.03203944
    0.05728419
   -0.04249765
   -0.03846068
    0.05551340
   -0.21655276
    0.00669930
    0.01291214
   -0.00809576
    0.00561995
    0.23312286
   -0.28278972
   -0.33076703
   -0.01882877
   -0.02407609
   -0.01339030
    0.05399273
   -0.04070893
   -0.04084318
   -0.21297755
    0.06169814
    0.00855104
    0.06160054
   -0.04095344
   -0.04087886
    0.05363757
   -0.21326898
    0.00604458
    0.01207675
   -0.01320538
   -0.02317340
   -0.01674078
    0.00535034
    0.23291945
   -0.27902371
   -0.33524266
   -0.01043307
    0.05476376
   -0.03944820
   -0.04309999
    0.05699891
   -0.21681543
    0.01669862
    0.02400577
    0.01871195
    0.03431535
    0.23873797
    0.04136989
    0.03281536
    0.02555457
    0.01714234
    0.02146670
    0.02135337
    0.01734771
    0.02598137
    0.03349772
    0.04026443
    0.23842586
    0.03513818
    0.01894339
    0.02396963
   -0.02874071
   -0.02874034
   -0.03208035
   -0.02821753
   -0.03208459
   -0.02821930
