           1           2   1.3741464299190105     
           2           3   1.2387686031399230     
           3           4   1.6016269191879340     
           4           5   1.2488450904616812     
           2           6   1.2297550708570262     
           5           6   1.2319133524439063     
           5           7   1.3420474144453065     
           7           8   1.0560139183182031     
           8           9   1.4106281318674339     
           9          10   1.4723262744315218     
          10          11   1.3899266549390024     
          11          12   1.0804381129642993     
          12          13   1.9445428783074179     
          11          14   1.3852191482234606     
           8          15   1.4155108888579866     
          14          15   1.4670188282115446     
           7          16   1.3654283752552250     
          16          17   1.1600955866906113     
          17          18   1.6951164684740623     
          16          19   1.3602097704972680     
          18          20   1.1653129353152822     
          19          20   1.4120932649385507     
          20          21   1.2958507123984153     
          21          22   1.2938313648470994     
          22          23   1.2661002955572056     
          23          24   1.5864310313797132     
          24          25   1.2568991807886742     
          22          26   1.2498764459906588     
          25          26   1.2263524471754821     
          25          27   1.3428850137059294     
          27          28   1.0581767512021203     
          28          29   1.4092356051369614     
          29          30   1.4726912735889719     
          30          31   1.3894658553238490     
          31          32   1.0809553312948015     
          32          33   1.9434634161883779     
          31          34   1.3845617985070562     
          28          35   1.4144772315987832     
          34          35   1.4680078157860712     
          27          36   1.3556518877179384     
          36          37   1.1515351218740453     
          37          38   1.7092089895871161     
           1          39   1.3860634509547718     
          38          39   1.1458681332504947     
          36          40   1.3836454975714709     
          39          40   1.3739832896902793     
           1          41  0.99524620809195974     
           3          42  0.99182269306101911     
           4          43  0.99826474699939638     
           6          44  0.96070085915100867     
           9          45  0.98817581901558826     
          10          46  0.98741395736124205     
          12          47  0.95348842215149987     
          14          48  0.98165597709067354     
          15          49  0.98728199357889990     
          17          50  0.99796818070089433     
          18          51  0.99877681826527531     
          23          52  0.99854977942468037     
          24          53  0.99761730156228767     
          26          54  0.95999164233695056     
          29          55  0.98797054935529194     
          30          56  0.98739688352743049     
          32          57  0.95357990432883133     
          34          58  0.98176777007632299     
          35          59  0.98754359131763736     
          37          60  0.99872311761185861     
          38          61  0.99237114354778988     
          62          63   1.3747080458289473     
          63          64   1.2383418590388171     
          64          65   1.6024693427201016     
          65          66   1.2483857355334096     
          63          67   1.2297153809353634     
          66          67   1.2321905750896833     
          66          68   1.3424978759014616     
          68          69   1.0563809461022400     
          69          70   1.4107987445769425     
          70          71   1.4718994673605710     
          71          72   1.3902237968288425     
          72          73   1.0802379190174156     
          73          74   1.9450239256114237     
          72          75   1.3850461423373077     
          69          76   1.4150411447498585     
          75          76   1.4672563445606024     
          68          77   1.3645242025036166     
          77          78   1.1596442942871981     
          78          79   1.6962201765510412     
          77          80   1.3616680624602300     
          79          81   1.1639764664543197     
          80          81   1.4094625718111276     
          81          82   1.3000380335275719     
          82          83   1.2981323194897565     
          83          84   1.2636457034423110     
          84          85   1.5886235998973728     
          85          86   1.2556698121378331     
          83          87   1.2483146123145294     
          86          87   1.2263101408513573     
          86          88   1.3441715464569244     
          88          89   1.0590282824859039     
          89          90   1.4092855200467236     
          90          91   1.4723187248261074     
          91          92   1.3897947261507320     
          92          93   1.0808030019728145     
          93          94   1.9438634769278258     
          92          95   1.3843009956059191     
          89          96   1.4137287583211968     
          95          96   1.4683971421261086     
          88          97   1.3542214185613286     
          97          98   1.1517474055726165     
          98          99   1.7091137785877617     
          62         100   1.3864038518005808     
          99         100   1.1458485992570724     
          97         101   1.3845017095304903     
         100         101   1.3736253584948206     
          62         102  0.99521877675976178     
          64         103  0.99179659926418662     
          65         104  0.99821601686059913     
          67         105  0.96037214059914200     
          70         106  0.98775385734701604     
          71         107  0.98731777886814798     
          73         108  0.95343992554442991     
          75         109  0.98169268735538084     
          76         110  0.98730824258447791     
          78         111  0.99748260905971498     
          79         112  0.99868833456727013     
          84         113  0.99830542372868736     
          85         114  0.99704734500720371     
          87         115  0.95951603149827014     
          90         116  0.98774751656057125     
          91         117  0.98735233943216405     
          93         118  0.95352646527734630     
          95         119  0.98175776406519333     
          96         120  0.98753997427985563     
          98         121  0.99867428907453526     
          99         122  0.99234500129406233     
          21         123   1.2047868268371915     
         123         124   2.6208070582705512     
         125         126   2.6099267839255300     
         127         128   2.6068334705034912     
         129         130   2.6057199572050633     
         131         132   2.6049860720365778     
         133         134   2.6035716737848849     
         135         136   2.6056520574218842     
          82         138   1.1954533688753346     
         137         138   2.6270165576485476     
         124         139   1.2071953253256866     
         139         140   1.2881028651839657     
         140         141   1.2708718122186009     
         141         142   1.5791601930183141     
         142         143   1.2629565998163290     
         140         144   1.2510432078967102     
         143         144   1.2255484278844189     
         143         145   1.3363423661456861     
         145         146   1.0597005515783506     
         146         147   1.4092836206946175     
         147         148   1.4728340073725512     
         148         149   1.3896680210281906     
         149         150   1.0804670409012485     
         150         151   1.9442828030363652     
         149         152   1.3848861768916416     
         146         153   1.4144053638008107     
         152         153   1.4676680322837070     
         145         154   1.3685589699930107     
         154         155   1.1614419615439224     
         155         156   1.6914330251068150     
         154         157   1.3575162361971147     
         156         158   1.1684663810978806     
         157         158   1.4152539601187024     
         125         159   1.2157868447197673     
         158         159   1.2892180164859988     
         159         160   1.2854666228720801     
         160         161   1.2719589247430099     
         161         162   1.5791286450386455     
         162         163   1.2630099426745027     
         160         164   1.2517661865137182     
         163         164   1.2268525258688794     
         163         165   1.3345500699497927     
         165         166   1.0591950436394875     
         166         167   1.4144867081079342     
         167         168   1.4678481571931776     
         168         169   1.3849473526651181     
         169         170   1.0800152406489596     
         170         171   1.9447920711621414     
         169         172   1.3901487634340268     
         166         173   1.4097436136216428     
         172         173   1.4721208913260471     
         165         174   1.3711220882070032     
         174         175   1.1602690359827288     
         175         176   1.6936335095293857     
         139         177   1.2923405717918162     
         176         177   1.1668835317664885     
         174         178   1.3568700921387342     
         177         178   1.4137117123786613     
         141         179  0.99832931666544422     
         142         180  0.99814787802641214     
         144         181  0.96157275320406110     
         147         182  0.98811031092665913     
         148         183  0.98747731650331594     
         150         184  0.95358819102430592     
         152         185  0.98167987179344385     
         153         186  0.98743971010381337     
         155         187  0.99839410803309903     
         156         188  0.99896196374664603     
         161         189  0.99792309874642726     
         162         190  0.99792074148750032     
         164         191  0.96179213943270703     
         167         192  0.98754172485950842     
         168         193  0.98167766610019092     
         170         194  0.95355675337778789     
         172         195  0.98731813810776559     
         173         196  0.98783265891835825     
         175         197  0.99841315600212555     
         176         198  0.99864550850026457     
         126         199   1.2158319898263656     
         199         200   1.2855004715434692     
         200         201   1.2720422252569359     
         201         202   1.5786847661705854     
         202         203   1.2632759164774898     
         200         204   1.2520226859470831     
         203         204   1.2258891850681182     
         203         205   1.3354902748618944     
         205         206   1.0598066835053925     
         206         207   1.4092770053783348     
         207         208   1.4727121571686814     
         208         209   1.3898121398769407     
         209         210   1.0800986741979228     
         210         211   1.9445463311755034     
         209         212   1.3850249801806669     
         206         213   1.4144347939877799     
         212         213   1.4676528027104214     
         205         214   1.3699555049464285     
         214         215   1.1619086838005439     
         215         216   1.6907274208777525     
         214         217   1.3560486444916802     
         216         218   1.1694789605840135     
         217         218   1.4171294692617780     
         127         219   1.2198438917144570     
         218         219   1.2859617434277726     
         219         220   1.2847161800689417     
         220         221   1.2722997647982777     
         221         222   1.5800699251676000     
         222         223   1.2626835752545880     
         220         224   1.2524906793176871     
         223         224   1.2255220160160780     
         223         225   1.3371386869414799     
         225         226   1.0500345252975363     
         226         227   1.4189070913172883     
         227         228   1.4655656045971710     
         228         229   1.3863651197577871     
         229         230   1.0790989911597550     
         230         231   1.9459417620232557     
         229         232   1.3910518488750863     
         226         233   1.4135389961790017     
         232         233   1.4708056715784323     
         225         234   1.3759354249143225     
         234         235   1.1603350382360880     
         235         236   1.6938721839546436     
         199         237   1.2880346610280851     
         236         237   1.1672671040907050     
         234         238   1.3532185191150496     
         237         238   1.4184399187107435     
         201         239  0.99816906669183425     
         202         240  0.99814148894857735     
         204         241  0.96177084229058374     
         207         242  0.98815838910810117     
         208         243  0.98748424767853538     
         210         244  0.95357560602871838     
         212         245  0.98164579314342792     
         213         246  0.98740709796731629     
         215         247  0.99855575326941715     
         216         248  0.99858263272452097     
         221         249  0.99691712577656710     
         222         250  0.99872296175903252     
         224         251  0.96185316846080327     
         227         252  0.98733079247137856     
         228         253  0.98170102692509609     
         230         254  0.95346812761182798     
         232         255  0.98745741897379735     
         233         256  0.98807208005578973     
         235         257  0.99898462644103159     
         236         258  0.99901191297825243     
         128         259   1.2201266736432343     
         259         260   1.2829684766273168     
         260         261   1.2739111428356418     
         261         262   1.5773692597529407     
         262         263   1.2641656399809877     
         260         264   1.2521758808782899     
         263         264   1.2262395155825836     
         263         265   1.3343771455457294     
         265         266   1.0615010533173665     
         266         267   1.4084917884223749     
         267         268   1.4730356871607944     
         268         269   1.3897135307585675     
         269         270   1.0799705369110526     
         270         271   1.9446815575355889     
         269         272   1.3849389466058410     
         266         273   1.4137329453209835     
         272         273   1.4678809917869051     
         265         274   1.3695119903301405     
         274         275   1.1619694641598186     
         275         276   1.6904838372073949     
         274         277   1.3565313334914610     
         276         278   1.1700231529238483     
         277         278   1.4165344814522129     
         129         279   1.2212590126949714     
         278         279   1.2857906142428108     
         279         280   1.2838145857401306     
         280         281   1.2728463731171884     
         281         282   1.5799503190882207     
         282         283   1.2625644033690857     
         280         284   1.2525766112379133     
         283         284   1.2255130323876533     
         283         285   1.3373622550226558     
         285         286   1.0502345041406682     
         286         287   1.4185334862934953     
         287         288   1.4659060851107668     
         288         289   1.3860299515985399     
         289         290   1.0794443398651326     
         290         291   1.9456157146887201     
         289         292   1.3910152772159150     
         286         293   1.4137012118230394     
         292         293   1.4707874802458749     
         285         294   1.3756274629735437     
         294         295   1.1607535043690218     
         295         296   1.6937433474237515     
         259         297   1.2869237258505395     
         296         297   1.1684754359783331     
         294         298   1.3532831428877101     
         297         298   1.4182714429781222     
         261         299  0.99761496586250586     
         262         300  0.99812296826265468     
         264         301  0.96178858890728336     
         267         302  0.98826374768723091     
         268         303  0.98746458114174740     
         270         304  0.95353957991135896     
         272         305  0.98159932059903421     
         273         306  0.98745524838791610     
         275         307  0.99860533059952061     
         276         308  0.99819721208036860     
         281         309  0.99672949153995860     
         282         310  0.99880563997597105     
         284         311  0.96168535218730744     
         287         312  0.98735429866675439     
         288         313  0.98171830938671700     
         290         314  0.95349603588542731     
         292         315  0.98750318752380106     
         293         316  0.98803513625703443     
         295         317  0.99910025051778362     
         296         318  0.99770475243289347     
         130         319   1.2215113440235701     
         319         320   1.2832449948327378     
         320         321   1.2739670185778058     
         321         322   1.5777437582086538     
         322         323   1.2639657653549172     
         320         324   1.2519611082685400     
         323         324   1.2265232797031334     
         323         325   1.3345326750948321     
         325         326   1.0609395001888409     
         326         327   1.4087910041152387     
         327         328   1.4728844737553535     
         328         329   1.3897925239891133     
         329         330   1.0799038430975376     
         330         331   1.9447724358735643     
         329         332   1.3849901380195575     
         326         333   1.4139581194029660     
         332         333   1.4677955754189511     
         325         334   1.3697488974768901     
         334         335   1.1619801534694649     
         335         336   1.6903361345414420     
         334         337   1.3563993634770979     
         336         338   1.1701846894863281     
         337         338   1.4166170478665583     
         131         339   1.2218567381301106     
         338         339   1.2854064272778458     
         339         340   1.2835733549167658     
         340         341   1.2729776837895324     
         341         342   1.5798546399057423     
         342         343   1.2625524045296261     
         340         344   1.2526876951909705     
         343         344   1.2253179887645345     
         343         345   1.3378892367877853     
         345         346   1.0482446715066842     
         346         347   1.4194729761995297     
         347         348   1.4654432077617774     
         348         349   1.3862720122623118     
         349         350   1.0793422969320181     
         350         351   1.9457486796589298     
         349         352   1.3911874629471530     
         346         353   1.4145325264197293     
         352         353   1.4704643061267029     
         345         354   1.3765677875197724     
         354         355   1.1608955194174413     
         355         356   1.6935212190902105     
         319         357   1.2855719862959891     
         356         357   1.1688411455443624     
         354         358   1.3523681220009898     
         357         358   1.4190090957305941     
         321         359  0.99731975112242832     
         322         360  0.99822423539787186     
         324         361  0.96180278848656464     
         327         362  0.98824539751437346     
         328         363  0.98745288425220767     
         330         364  0.95353649726773426     
         332         365  0.98160329176605365     
         333         366  0.98743978035315183     
         335         367  0.99864146643500118     
         336         368  0.99823461019058246     
         341         369  0.99670385865594535     
         342         370  0.99888442046043358     
         344         371  0.96163437324934153     
         347         372  0.98724719276846751     
         348         373  0.98171851802016219     
         350         374  0.95350070407799481     
         352         375  0.98749114302153640     
         353         376  0.98794082684780882     
         355         377  0.99922423682212469     
         356         378  0.99752043884996044     
         132         379   1.2220547168705467     
         379         380   1.2824970284301125     
         380         381   1.2744661267291189     
         381         382   1.5770960418127804     
         382         383   1.2643505069588454     
         380         384   1.2521061622831460     
         383         384   1.2266349345061109     
         383         385   1.3336522742371242     
         385         386   1.0610152910475725     
         386         387   1.4091091431856664     
         387         388   1.4726398116801898     
         388         389   1.3899610039810799     
         389         390   1.0798911796416180     
         390         391   1.9448076989122272     
         389         392   1.3848099001687075     
         386         393   1.4135913715394899     
         392         393   1.4680589908969270     
         385         394   1.3707948378971861     
         394         395   1.1622393520807668     
         395         396   1.6898104423475917     
         394         397   1.3551746390781796     
         396         398   1.1706926817310566     
         397         398   1.4178046391251247     
         133         399   1.2231819839710578     
         398         399   1.2835589210715856     
         399         400   1.2834134260841856     
         400         401   1.2732729205265503     
         401         402   1.5795397297349245     
         402         403   1.2627689542466236     
         400         404   1.2525150728773864     
         403         404   1.2253592584189676     
         403         405   1.3375496860271545     
         405         406   1.0490662885148330     
         406         407   1.4191783760617733     
         407         408   1.4655682359992050     
         408         409   1.3861696182315790     
         409         410   1.0794864934629937     
         410         411   1.9455362491958939     
         409         412   1.3909828646945472     
         406         413   1.4140634219094816     
         412         413   1.4707414279506850     
         405         414   1.3762749589166563     
         414         415   1.1607533326210560     
         415         416   1.6934635358490127     
         379         417   1.2857006656622831     
         416         417   1.1689892920603859     
         414         418   1.3527403686011679     
         417         418   1.4187346959214941     
         381         419  0.99732833248941355     
         382         420  0.99823502385378049     
         384         421  0.96180874663077243     
         387         422  0.98825457796602589     
         388         423  0.98747820974343459     
         390         424  0.95351292069836058     
         392         425  0.98157988395262485     
         393         426  0.98744154510362592     
         395         427  0.99865832956607592     
         396         428  0.99794680096402411     
         401         429  0.99633970239740066     
         402         430  0.99889354292953403     
         404         431  0.96171589207562291     
         407         432  0.98725915940926090     
         408         433  0.98173878061265663     
         410         434  0.95353290257451795     
         412         435  0.98751051429652259     
         413         436  0.98798029017899625     
         415         437  0.99921778279860307     
         416         438  0.99752140848253734     
         134         439   1.2233496793271441     
         439         440   1.2816527498249484     
         440         441   1.2748282508403121     
         441         442   1.5767567617902174     
         442         443   1.2645115504082964     
         440         444   1.2523400548288315     
         443         444   1.2265392203213106     
         443         445   1.3335676148786069     
         445         446   1.0604967554265441     
         446         447   1.4092181642711770     
         447         448   1.4726307152785296     
         448         449   1.3899827667269100     
         449         450   1.0798539703678232     
         450         451   1.9448333173611729     
         449         452   1.3848996441607462     
         446         453   1.4139366974285861     
         452         453   1.4678875065770038     
         445         454   1.3710787858194433     
         454         455   1.1617147388667379     
         455         456   1.6906829215424704     
         454         457   1.3556682226630856     
         456         458   1.1698681485355020     
         457         458   1.4168193232114008     
         135         459   1.2212198363925881     
         458         459   1.2854990349979518     
         459         460   1.2828067405026358     
         460         461   1.2732414219814763     
         461         462   1.5787131687418996     
         462         463   1.2629799292936728     
         460         464   1.2530309069080394     
         463         464   1.2246193756544876     
         463         465   1.3377908388341557     
         465         466   1.0481282557716054     
         466         467   1.4196486100677670     
         467         468   1.4654820972138898     
         468         469   1.3861230709925279     
         469         470   1.0797685359653293     
         470         471   1.9452490941985978     
         469         472   1.3909032139841260     
         466         473   1.4143682380475251     
         472         473   1.4707051115989260     
         465         474   1.3764168979968345     
         474         475   1.1609578954522204     
         475         476   1.6931018244058880     
         439         477   1.2850055643543945     
         476         477   1.1693994362797169     
         474         478   1.3523219257926185     
         477         478   1.4190440363748797     
         441         479  0.99718769224531612     
         442         480  0.99825378753698790     
         444         481  0.96183952471497614     
         447         482  0.98824646396983218     
         448         483  0.98749758157689282     
         450         484  0.95350117554452063     
         452         485  0.98156234224142624     
         453         486  0.98743003356852621     
         455         487  0.99870862577808595     
         456         488  0.99826545025947955     
         461         489  0.99757830661389646     
         462         490  0.99904571368531225     
         464         491  0.96158782139160415     
         467         492  0.98726086468184071     
         468         493  0.98177902620528290     
         470         494  0.95358828974792742     
         472         495  0.98750177239053327     
         473         496  0.98791262609989106     
         475         497  0.99924112988616676     
         476         498  0.99702418370521995     
         136         499   1.2211105395698227     
         499         500   1.2838955181162148     
         500         501   1.2734828702432677     
         501         502   1.5780506344785912     
         502         503   1.2636169056902298     
         500         504   1.2513206459898825     
         503         504   1.2274679049324086     
         503         505   1.3336456960941006     
         505         506   1.0593529166206765     
         506         507   1.4096586590758498     
         507         508   1.4723300824017334     
         508         509   1.3902254728642554     
         509         510   1.0796501945881760     
         510         511   1.9451156339338942     
         509         512   1.3851331849213455     
         506         513   1.4142423595613518     
         512         513   1.4675549212756012     
         505         514   1.3709060516067557     
         514         515   1.1589638600039265     
         515         516   1.6956886241345299     
         514         517   1.3586489246017561     
         516         518   1.1653596723571693     
         517         518   1.4105873674267171     
         137         519   1.1984726829602710     
         518         519   1.2974276912587066     
         519         520   1.2915672675619414     
         520         521   1.2684737242310955     
         521         522   1.5813109851244060     
         522         523   1.2614407602043796     
         520         524   1.2501399457680655     
         523         524   1.2261918987502736     
         523         525   1.3369206353397594     
         525         526   1.0597464447008997     
         526         527   1.4144532495704047     
         527         528   1.4679824415796376     
         528         529   1.3849112438710927     
         529         530   1.0801695863833758     
         530         531   1.9445535030972021     
         529         532   1.3899709465385015     
         526         533   1.4091603320688237     
         532         533   1.4725048071786564     
         525         534   1.3681310110961167     
         534         535   1.1625363570917315     
         535         536   1.6899149300495040     
         499         537   1.2858720372679020     
         536         537   1.1701374790341326     
         534         538   1.3568211428125461     
         537         538   1.4162664177701163     
         501         539  0.99726578892270790     
         502         540  0.99811300996355423     
         504         541  0.96181857340871968     
         507         542  0.98853162821533180     
         508         543  0.98752314624860482     
         510         544  0.95341705360608742     
         512         545  0.98146406274521458     
         513         546  0.98731674790787893     
         515         547  0.99837929482915788     
         516         548  0.99916880081659054     
         521         549  0.99877518755071770     
         522         550  0.99805272334899542     
         524         551  0.96143575753474608     
         527         552  0.98765819360348717     
         528         553  0.98163678045225000     
         530         554  0.95348621130422140     
         532         555  0.98742808907848967     
         533         556  0.98823356839976673     
         535         557  0.99850674262026873     
         536         558  0.99809235734461976     
