    0.26408811
   -0.02828240
    0.05750748
   -0.04113010
   -0.03719276
    0.05714417
   -0.21307328
    0.00915480
   -0.00227240
   -0.04059885
    0.08095558
   -0.29482572
    0.06602781
   -0.30346085
    0.07256785
   -0.30341260
   -0.04694716
    0.05602025
   -0.03868848
   -0.03842352
   -0.20922599
    0.06183106
    0.01341959
    0.06212957
   -0.03771397
   -0.03742763
    0.05651867
   -0.20930340
    0.00903256
   -0.00220580
   -0.03978121
    0.08153487
   -0.29377286
    0.06596034
   -0.30344058
    0.07195025
   -0.30428092
   -0.04755126
    0.05652873
   -0.03853895
   -0.04186156
    0.05718005
   -0.21310052
    0.01853547
    0.02520989
    0.02133588
    0.02726824
    0.23164043
    0.23681078
    0.23137123
    0.02738607
    0.02120626
    0.02267395
    0.02322499
    0.02223481
    0.02857703
    0.23195667
    0.23629540
    0.23022412
    0.02635482
    0.02002859
    0.02485068
    0.26430914
   -0.02810953
    0.05751690
   -0.04107926
   -0.03718557
    0.05722122
   -0.21298715
    0.00919260
   -0.00221437
   -0.04051129
    0.08104426
   -0.29473526
    0.06603120
   -0.30352125
    0.07253936
   -0.30354454
   -0.04691489
    0.05614753
   -0.03847255
   -0.03812306
   -0.20916192
    0.06194746
    0.01365670
    0.06223225
   -0.03757965
   -0.03723916
    0.05664671
   -0.20919933
    0.00919289
   -0.00225785
   -0.03986656
    0.08162314
   -0.29366365
    0.06611139
   -0.30320105
    0.07204541
   -0.30413415
   -0.04760920
    0.05666335
   -0.03839623
   -0.04174694
    0.05723310
   -0.21299270
    0.01864372
    0.02524215
    0.02133773
    0.02741784
    0.23164766
    0.23667310
    0.23120345
    0.02731786
    0.02148629
    0.02311425
    0.02334229
    0.02258572
    0.02845768
    0.23216870
    0.23647685
    0.23028517
    0.02642319
    0.02022462
    0.02492981
   -0.02649243
   -0.02791889
   -0.03002368
   -0.02417214
   -0.02972468
   -0.02391151
   -0.02617496
   -0.02770535
    0.26367668
    0.00911089
    0.06116514
   -0.04084990
   -0.03924162
    0.05372944
   -0.21037192
    0.01015301
   -0.00341813
   -0.04587612
    0.08097685
   -0.29542865
    0.07579580
   -0.29640428
    0.07154765
   -0.30303043
   -0.04642333
    0.05376654
   -0.03885101
   -0.04043984
   -0.21050225
    0.06147537
    0.00929267
    0.06170544
   -0.03982453
   -0.03748014
    0.05525901
   -0.20976552
    0.01177592
    0.00268731
   -0.03911984
    0.08392295
   -0.29419944
    0.05388219
   -0.31663784
    0.07754179
   -0.30033300
   -0.03932458
    0.05503560
   -0.03774938
   -0.03992525
    0.06171226
   -0.21004262
    0.01946755
    0.01901401
    0.02737421
    0.22845850
    0.23313786
    0.23112642
    0.02660234
    0.01981980
    0.02017465
    0.01984769
    0.01972846
    0.02886121
    0.22892703
    0.23477867
    0.22675007
    0.02803567
    0.01899994
    0.01992923
