    0.27283721
   -0.03217659
    0.05646394
   -0.04348903
   -0.03876227
    0.05530801
   -0.21593883
    0.00678786
    0.05460090
   -0.03832058
   -0.03751425
   -0.21175366
    0.06147153
    0.01125031
    0.06127591
   -0.03768783
   -0.03844022
    0.05469249
    0.00675322
    0.00589046
   -0.02596729
   -0.00214474
   -0.06090651
   -0.03260370
   -0.00158763
   -0.06053228
   -0.02509466
    0.05532393
   -0.03884323
   -0.04354898
    0.05638780
   -0.21584366
   -0.21174221
    0.00603439
   -0.02600276
   -0.00204590
   -0.06092185
   -0.03268091
   -0.00157512
   -0.06068825
   -0.02536922
    0.01620355
    0.02260514
    0.01494027
    0.01668309
    0.01800904
    0.01776544
    0.01612421
    0.02040422
    0.01687013
    0.02258466
    0.02066039
    0.02674144
    0.01941832
    0.01817435
    0.02476114
    0.02134580
    0.01467834
    0.02255726
    0.02034331
    0.01774923
    0.01933512
    0.02323646
    0.02681548
    0.02141868
    0.01873359
    0.02182762
    0.02114294
    0.25332698
   -0.02810010
    0.05681796
   -0.04224646
   -0.03836609
    0.05725896
   -0.21595482
    0.00741744
    0.05728015
   -0.03730260
   -0.03635771
   -0.21304754
    0.06252401
    0.01554802
    0.06220340
   -0.03649157
   -0.03744021
    0.05716958
    0.00717321
    0.00557877
   -0.02607927
   -0.00207939
   -0.06090197
   -0.03253793
   -0.00158746
   -0.06064124
   -0.02530343
    0.05736211
   -0.03824305
   -0.04213194
    0.05687950
   -0.21633554
   -0.21275087
    0.00581601
   -0.02597627
   -0.00193724
   -0.06099230
   -0.03244810
   -0.00140766
   -0.06067217
   -0.02538233
    0.01797638
    0.02368609
    0.01565257
    0.01720039
    0.01986735
    0.01997968
    0.01729492
    0.02077568
    0.01727828
    0.02297734
    0.02078660
    0.02703816
    0.01963855
    0.01838064
    0.02517354
    0.02148619
    0.01560661
    0.02373102
    0.02069518
    0.01810039
    0.01943127
    0.02349482
    0.02736883
    0.02178183
    0.01917879
    0.02192276
    0.02172539
   -0.03448218
   -0.03183264
   -0.02666555
   -0.03150332
    0.29245325
    0.00651095
    0.06134861
   -0.03923457
   -0.03812464
    0.05297138
   -0.21092277
    0.00887933
    0.05329733
   -0.03793395
   -0.04005397
   -0.21167054
    0.06163463
    0.00647267
    0.06141040
   -0.04025035
   -0.03806544
    0.05328619
    0.00872471
    0.00639281
   -0.02517838
   -0.00167914
   -0.06064502
   -0.03252906
   -0.00167130
   -0.06055965
   -0.02513773
    0.05298687
   -0.03825629
   -0.03933228
    0.06125070
   -0.21107458
   -0.21160825
    0.00643475
   -0.02528445
   -0.00166453
   -0.06058501
   -0.03249025
   -0.00157795
   -0.06060798
   -0.02507294
    0.01651011
    0.01565825
    0.01545363
    0.01676084
    0.01677887
    0.01529153
    0.02092874
    0.01714089
    0.02213513
    0.02157063
    0.02647037
    0.01922374
    0.01833753
    0.02334689
    0.02115630
    0.01546545
    0.01674658
    0.02118284
    0.01729404
    0.02412933
    0.01965114
    0.02646900
    0.01810419
    0.02084062
    0.02206352
    0.02103780
