           2           3   1.3932364229391787     
           3           4   1.1983374261030175     
           4           5   1.6407822902992479     
           5           6   1.2061489586166405     
           1           7  0.72017631044326924     
           3           7   1.2434260366796299     
           6           7   1.2506865315189974     
           6           8   1.3602987525798547     
           8           9   1.0411375350355871     
           9          10   1.4256593873597432     
          10          11   1.4428775506256988     
          11          12   1.3973904323623847     
          12          13   1.1181969971241372     
          12          14   1.3875060412971425     
           9          15   1.4168802153216571     
          14          15   1.4530902656774853     
           8          16   1.3755418157267709     
          16          17   1.2078850659300562     
          17          18   1.6311242636611158     
           1          19  0.71630995015366372     
          16          19   1.2336764462427245     
          18          20   1.2197617330824773     
          19          20   1.2714318445561488     
          20          21   1.3003100941804007     
          21          22   1.3021651469958448     
          22          23   1.2204649895326143     
          23          24   1.6274896629606690     
          24          25   1.2115145948503856     
           1          26  0.71476719288274571     
          22          26   1.2665418569821880     
          25          26   1.2400265017982046     
          25          27   1.3655561890244914     
          27          28   1.0512140244624983     
          28          29   1.4124280494456527     
          29          30   1.4554209620282419     
          30          31   1.3862392843739479     
          31          32   1.1195119377776388     
          31          33   1.3958984299309309     
          28          34   1.4207818827641367     
          33          34   1.4453835759540339     
          27          35   1.3636365211005195     
          35          36   1.2050722956497666     
          36          37   1.6394459493422235     
           2          38   1.3899065316001713     
          37          38   1.1996612935407300     
           1          39  0.72043529698189013     
          35          39   1.2473098631857100     
          38          39   1.2465457140944944     
           2          40  0.99859046973671595     
           4          41  0.99577998152249170     
           5          42   1.0011695506081377     
          10          43  0.99096670041771795     
          11          44  0.98279157584111387     
          13          45  0.96724352255783741     
          14          46  0.98414927600968560     
          15          47  0.99144931970602801     
          17          48   1.0005100912946476     
          18          49  0.99998649485216762     
          23          50   1.0000558012317042     
          24          51   1.0001543633164509     
          29          52  0.99146696078258867     
          30          53  0.98379700507335488     
          32          54  0.96709426209693850     
          33          55  0.98260493542715166     
          34          56  0.99125565255328230     
          36          57   1.0009069715844239     
          37          58  0.99552578249289070     
          60          61   1.3931842204591176     
          61          62   1.1983768072523691     
          62          63   1.6407438008356310     
          63          64   1.2061690538535790     
          59          65  0.72016862181982777     
          61          65   1.2434082879376462     
          64          65   1.2506743420451925     
          64          66   1.3602454406903588     
          66          67   1.0410902375712465     
          67          68   1.4256655157304086     
          68          69   1.4428849372275951     
          69          70   1.3973808664117775     
          70          71   1.1181911999221750     
          70          72   1.3875305039017820     
          67          73   1.4169193687418777     
          72          73   1.4530577970797536     
          66          74   1.3756387058585620     
          74          75   1.2078644426086251     
          75          76   1.6311780710128472     
          59          77  0.71652175193081868     
          74          77   1.2335339051021830     
          76          78   1.2197120668529116     
          77          78   1.2714715559577594     
          78          79   1.3002584445190752     
          79          80   1.3021930808825006     
          80          81   1.2204975973946881     
          81          82   1.6274615870689044     
          82          83   1.2115138526276032     
          59          84  0.71468433140411425     
          80          84   1.2664890353456679     
          83          84   1.2400754629431712     
          83          85   1.3654978372666911     
          85          86   1.0513698228157757     
          86          87   1.4123601394851719     
          87          88   1.4554525956878628     
          88          89   1.3862166406713807     
          89          90   1.1195268874872819     
          89          91   1.3958784840696823     
          86          92   1.4207073330639326     
          91          92   1.4454208461761429     
          85          93   1.3635758091984889     
          93          94   1.2050824222760592     
          94          95   1.6394435660465385     
          60          96   1.3899662010487570     
          95          96   1.1996527554406700     
          59          97  0.72052446255978209     
          93          97   1.2473293978005826     
          96          97   1.2464744612072016     
          60          98  0.99858912961154422     
          62          99  0.99578363640203649     
          63         100   1.0011765330203650     
          68         101  0.99096441018850456     
          69         102  0.98279150682034089     
          71         103  0.96724602117298175     
          72         104  0.98414944236929791     
          73         105  0.99144818432551829     
          75         106   1.0005116243815795     
          76         107  0.99998398951858414     
          81         108   1.0000571183345950     
          82         109   1.0001484500895923     
          87         110  0.99146987506096351     
          88         111  0.98379559710577413     
          90         112  0.96709017875649539     
          91         113  0.98260637303668252     
          92         114  0.99126119753392850     
          94         115   1.0008996520817928     
          95         116  0.99552677373073362     
          21         117   1.2143174879770549     
         117         118   2.4740307633674470     
         118         119   1.3602618084455393     
         117         120  0.17213355467518274     
         119         120   2.3513890816981604     
         120         121   1.3885440925929604     
         119         122  0.16642843996925072     
         121         122   2.3513806175307335     
         122         123   1.3602687058155229     
          79         124   1.2143378662312931     
         121         124  0.17213463329704171     
         123         124   2.4740061114455232     
