           2           3   1.3931544818128125     
           3           4   1.1974557800452701     
           4           5   1.6446754365391811     
           5           6   1.2027344385664067     
           1           7  0.71697824718536729     
           3           7   1.2433320778913148     
           6           7   1.2474385431481039     
           6           8   1.3625279097731826     
           8           9   1.0435998876340464     
           9          10   1.4299138200625365     
          10          11   1.4470288662109048     
          11          12   1.4781067075988930     
          10          13  0.10118645788567061     
          12          13   1.4778768471093000     
           9          14   1.4295805136763537     
          11          14  0.10117181912610598     
          13          14   1.4471618270315012     
           8          15   1.3703391711753008     
          15          16   1.2070726852727682     
          16          17   1.6345798941969887     
           1          18  0.71334652238434859     
          15          18   1.2362281005435838     
          17          19   1.2172826868370783     
          18          19   1.2661790687043606     
          19          20   1.3080672863749623     
          20          21   1.3084505449479296     
          21          22   1.2178136019701904     
          22          23   1.6321610573113252     
          23          24   1.2084045632476856     
           1          25  0.71333765152157791     
          21          25   1.2643188940750345     
          24          25   1.2387588088823045     
          24          26   1.3661499406958419     
          26          27   1.0542638085635530     
          27          28   1.4256719410800394     
          28          29   1.4481294580669175     
          29          30   1.4777728204628613     
          28          31  0.10027958275368073     
          30          31   1.4768266317436436     
          27          32   1.4248504449021724     
          29          32  0.10044722053693483     
          31          32   1.4487320644723789     
          26          33   1.3596985396016810     
          33          34   1.2038452788576679     
          34          35   1.6425065958703926     
           2          36   1.3924038378475414     
          35          36   1.1980641395658211     
           1          37  0.71586066130253490     
          33          37   1.2489527102757521     
          36          37   1.2428960498184372     
           2          38  0.99735407351160510     
           4          39  0.99445522352506344     
           5          40  0.99868564102436108     
          10          41  0.98911709215723975     
          11          42  0.98386881167056728     
          13          43  0.98391628916247664     
          14          44  0.98908101472686094     
          16          45  0.99782249419469382     
          17          46  0.99905169158730034     
          22          47  0.99902496758282844     
          23          48  0.99747059214818756     
          28          49  0.98965716783985991     
          29          50  0.98388275335792574     
          31          51  0.98358269912172214     
          32          52  0.98923769990047705     
          34          53  0.99824715599970182     
          35          54  0.99434066110534913     
          56          57   1.3933663948759987     
          57          58   1.1976487400164824     
          58          59   1.6444010644384541     
          59          60   1.2031637114008173     
          55          61  0.71220020715431653     
          57          61   1.2451551333632955     
          60          61   1.2494467041875088     
          60          62   1.3624404715130876     
          62          63   1.0428837154786825     
          63          64   1.4297311934327535     
          64          65   1.4472749972233347     
          65          66   1.4777736697052213     
          64          67  0.10128602985601458     
          66          67   1.4783533360241805     
          63          68   1.4303966797101457     
          65          68  0.10126424270506319     
          67          68   1.4466460902881106     
          62          69   1.3719295803953515     
          69          70   1.2070545263272145     
          70          71   1.6344204089107364     
          55          72  0.70914859281240983     
          69          72   1.2374806337331956     
          71          73   1.2175461611170222     
          72          73   1.2694779782260603     
          73          74   1.3079941231708132     
          74          75   1.3075553349213569     
          75          76   1.2181777620595982     
          76          77   1.6324961831447398     
          77          78   1.2081226938136980     
          55          79  0.70857858159555132     
          75          79   1.2687241883110814     
          78          79   1.2386475586378747     
          78          80   1.3693577366901815     
          80          81   1.0506695887141024     
          81          82   1.4269590956374389     
          82          83   1.4477067325761883     
          83          84   1.4778649577207197     
          82          85  0.10061533098337556     
          84          85   1.4773073026278376     
          81          86   1.4266336251550988     
          83          86  0.10075223896883503     
          85          86   1.4480204127064829     
          80          87   1.3599727718596186     
          87          88   1.2040432025821455     
          88          89   1.6427015347025025     
          56          90   1.3931513737861303     
          89          90   1.1979795683570500     
          55          91  0.71162171685583520     
          87          91   1.2510100132562654     
          90          91   1.2443533241978009     
          56          92  0.99738322592128703     
          58          93  0.99431626782342875     
          59          94  0.99865091321813548     
          64          95  0.98903433282852982     
          65          96  0.98383784625686943     
          67          97  0.98391329189350152     
          68          98  0.98898858313774929     
          70          99  0.99784709100929603     
          71         100  0.99898806042476929     
          76         101  0.99894409062463163     
          77         102  0.99754399193181353     
          82         103  0.98945652166560405     
          83         104  0.98389475277533067     
          85         105  0.98358856895298608     
          86         106  0.98908213546448653     
          88         107  0.99836957519664693     
          89         108  0.99424687638960429     
          20         110   1.2048955264111185     
         109         110   2.5210951278107152     
         109         111   1.3163341056700764     
         110         112  0.18671444322019629     
         111         112   2.5189546680833912     
         113         114   2.5167220670294173     
         113         115   1.3188664137279074     
          74         116   1.2066211689631665     
         114         116  0.18731191387606896     
         115         116   2.5192873624953886     
         112         118   1.2079814379366602     
         118         119   1.3036189773035785     
         119         120   1.2209702721978872     
         120         121   1.6281691953513500     
         121         122   1.2118104257084257     
         117         123  0.70911226457366161     
         119         123   1.2665544287215607     
         122         123   1.2391821977517543     
         122         124   1.3613010811748867     
         124         125   1.0545885598223392     
         125         126   1.4254821244776497     
         126         127   1.4480884090460420     
         127         128   1.4777037564982887     
         126         129  0.10052576591310207     
         128         129   1.4776691486104658     
         125         130   1.4253194069444444     
         127         130  0.10044885246243475     
         129         130   1.4480827779636727     
         124         131   1.3645361592654568     
         131         132   1.2107975281679171     
         132         133   1.6293662736555792     
         117         134  0.71046791541264365     
         131         134   1.2379268159717709     
         133         135   1.2199317817410043     
         134         135   1.2665048058641235     
         114         136   1.2105479136214050     
         135         136   1.3046138891996824     
         136         137   1.3030360554414837     
         137         138   1.2207907022560243     
         138         139   1.6281244448077976     
         139         140   1.2119920652131666     
         117         141  0.70922213104260412     
         137         141   1.2655631596915915     
         140         141   1.2399560160259675     
         140         142   1.3605171376698826     
         142         143   1.0542090466978633     
         143         144   1.4252108738714253     
         144         145   1.4483226807566174     
         145         146   1.4773520758228735     
         144         147  0.10056515916422976     
         146         147   1.4781058169611474     
         143         148   1.4259532461199727     
         145         148  0.10051228240590711     
         147         148   1.4476904694393093     
         142         149   1.3655439287259659     
         149         150   1.2102790858050654     
         150         151   1.6299013521489381     
         118         152   1.3061054270687269     
         151         152   1.2197912302835439     
         117         153  0.71048321033873563     
         149         153   1.2375710122510371     
         152         153   1.2668482747399299     
         120         154  0.99898029598324833     
         121         155  0.99783798260047252     
         126         156  0.98942229145571137     
         127         157  0.98360712966314623     
         129         158  0.98364235006164391     
         130         159  0.98940010521840438     
         132         160  0.99780511926383852     
         133         161  0.99914838494194158     
         138         162  0.99917343288849636     
         139         163  0.99780595810075812     
         144         164  0.98940886168692099     
         145         165  0.98362903329853280     
         147         166  0.98360726748201488     
         148         167  0.98938198641313524     
         150         168  0.99782619006307216     
         151         169  0.99892440998588128     
