           2           3   1.3809747163896746     
           3           4   1.1978537397347444     
           4           5   1.6392312946847818     
           5           6   1.2053896815030176     
           1           7  0.59356530218602510     
           3           7   1.2771596240019776     
           6           7   1.2629503896911469     
           6           8   1.3650977793427463     
           8           9   1.0518392321065440     
           9          10   1.4228954978084873     
          10          11   1.4539001440819332     
          11          12   1.4168323676710988     
          12          13  0.89156162442661002     
          13          14   1.8946448834929932     
          13          15   1.0775817412983606     
          14          15  0.10015147992035175     
          13          16   1.8888976728055975     
          14          16  0.13423270559512898     
          12          17   1.4155850571832262     
           9          18   1.4215754841648536     
          17          18   1.4551889044847561     
           8          19   1.3560673961849787     
          19          20   1.2193697028937582     
          20          21   1.6131063013911551     
           1          22  0.58947040813060769     
          19          22   1.2537931510757228     
          21          23   1.2299373866854901     
          22          23   1.3056087610595950     
          23          24   1.2763696352378937     
          24          25   1.2755232848534430     
          25          26   1.2303808257485314     
          26          27   1.6123588129747228     
          27          28   1.2199861741477520     
           1          29  0.58946966146696034     
          25          29   1.3056903931389141     
          28          29   1.2537893507178464     
          28          30   1.3555128079794023     
          30          31   1.0523179747999927     
          31          32   1.4226043283840104     
          32          33   1.4535792331168331     
          33          34   1.4177562961169070     
          34          35  0.88956836119339067     
          35          36   1.8844455850906854     
          35          37   1.0849943772860950     
          35          38   1.9033754918297632     
          36          38  0.13364577989643478     
          37          38  0.10147947918418727     
          34          39   1.4158828685966061     
          31          40   1.4217428070889484     
          39          40   1.4548876282654468     
          30          41   1.3654173109867043     
          41          42   1.2049250881395299     
          42          43   1.6397998071087858     
           2          44   1.3815121196178588     
          43          44   1.1976327102600743     
           1          45  0.59399632594536556     
          41          45   1.2628828373751222     
          44          45   1.2771104143560055     
           2          46  0.99806465823944035     
           4          47  0.99470236833908598     
           5          48   1.0000392954324528     
          10          49  0.98858210267752822     
          11          50  0.98566328656668845     
          15          51  0.94011343682365811     
          17          52  0.98552509670718036     
          18          53  0.98823864293717978     
          20          54  0.99888168453834936     
          21          55  0.99987761600144787     
          26          56  0.99989237676799869     
          27          57  0.99907568174865258     
          32          58  0.98852185526402303     
          33          59  0.98575121453253467     
          37          60  0.94091439500263219     
          39          61  0.98542093321485469     
          40          62  0.98835218161010296     
          42          63  0.99977903046047212     
          43          64  0.99461471595360940     
          66          67   1.3809777934207881     
          67          68   1.1978606421111091     
          68          69   1.6392337478053653     
          69          70   1.2053838033563258     
          65          71  0.59348411974256998     
          67          71   1.2771638705239154     
          70          71   1.2630098113877333     
          70          72   1.3650384068427230     
          72          73   1.0519170585844597     
          73          74   1.4228141333805289     
          74          75   1.4539598342313320     
          75          76   1.4167811159617878     
          76          77  0.89156619984579366     
          77          78   1.8946183600804996     
          77          79   1.0775643610542576     
          78          79  0.10015158000184890     
          77          80   1.8888981872492603     
          78          80  0.13423403040144377     
          76          81   1.4156146242264174     
          73          82   1.4215831831000389     
          81          82   1.4551608445247288     
          72          83   1.3560610138917069     
          83          84   1.2194041027213223     
          84          85   1.6130607327961946     
          65          86  0.58951002345234271     
          83          86   1.2537621315881189     
          85          87   1.2299893009591494     
          86          87   1.3056333568780731     
          87          88   1.2762634538942557     
          88          89   1.2756328547686728     
          89          90   1.2303046109381754     
          90          91   1.6124416080872839     
          91          92   1.2199290860711074     
          65          93  0.58941298655326357     
          89          93   1.3057008339329239     
          92          93   1.2538331903718785     
          92          94   1.3555218642033442     
          94          95   1.0524138765568209     
          95          96   1.4226390383447121     
          96          97   1.4535047652794131     
          97          98   1.4178425132621963     
          98          99  0.88946565179212467     
          99         100   1.8842804118530692     
          99         101   1.0852669655968059     
          99         102   1.9038103681102072     
         100         102  0.13362548528362445     
         101         102  0.10145259186602559     
          98         103   1.4158235812802367     
          95         104   1.4216343323238523     
         103         104   1.4549648618280038     
          94         105   1.3653551638458024     
         105         106   1.2049232570383301     
         106         107   1.6397936649112801     
          66         108   1.3815360615649344     
         107         108   1.1976343116807671     
          65         109  0.59410141896008850     
         105         109   1.2629198126278569     
         108         109   1.2770798107549399     
          66         110  0.99806474028529479     
          68         111  0.99470116450977120     
          69         112   1.0000366760451211     
          74         113  0.98858816348033929     
          75         114  0.98566517870855563     
          79         115  0.94011803444345010     
          81         116  0.98552589697481252     
          82         117  0.98823987708747407     
          84         118  0.99887574051381711     
          85         119  0.99988815044391666     
          90         120  0.99988223765558160     
          91         121  0.99907176093400951     
          96         122  0.98852300820258099     
          97         123  0.98574724838417394     
         101         124  0.94098599979496145     
         103         125  0.98542577123062702     
         104         126  0.98836180527355044     
         106         127  0.99977479105735700     
         107         128  0.99461264165793017     
         129         130   2.3498902861629265     
         130         131   1.3721558110582996     
          24         132   1.2412720917973741     
         129         132  0.16192324631275770     
         131         132   2.4469859074000873     
         129         133   1.3722007809891741     
          88         134   1.2412672624955883     
         130         134  0.16195012132674860     
         133         134   2.4469540356747213     
