           1           2   1.3732410975010476     
           2           3   1.2392717361046632     
           3           4   1.6002047663946499     
           4           5   1.2494657875060584     
           2           6   1.2295719962034273     
           5           6   1.2313539661314292     
           5           7   1.3408671782081225     
           7           8   1.0567246071604757     
           8           9   1.4098918244564091     
           9          10   1.4725095205765870     
          10          11   1.3896348174247473     
          11          12   1.0807650427526978     
          12          13   1.9440580999458894     
          11          14   1.3848436082480156     
           8          15   1.4149868615783379     
          14          15   1.4673737319099684     
           7          16   1.3643333134185069     
          16          17   1.1593088421513886     
          17          18   1.6958370463357817     
          16          19   1.3598746862193249     
          18          20   1.1637616211356907     
          19          20   1.4085511760510530     
          20          21   1.2955385494471319     
          21          22   1.2933893897053867     
          22          23   1.2643569714577854     
          23          24   1.5867346625951959     
          24          25   1.2561848989302278     
          22          26   1.2478080526712310     
          25          26   1.2247058222403109     
          25          27   1.3423350260235281     
          27          28   1.0588012409451246     
          28          29   1.4087295926629262     
          29          30   1.4727752833664778     
          30          31   1.3892563846723140     
          31          32   1.0812536722869606     
          32          33   1.9429472264160874     
          31          34   1.3841209201430724     
          28          35   1.4138540133212560     
          34          35   1.4684280410162114     
          27          36   1.3545193945417018     
          36          37   1.1517610362412984     
          37          38   1.7087394525108952     
           1          39   1.3864225262674579     
          38          39   1.1458657366721061     
          36          40   1.3834309815499672     
          39          40   1.3734302473493700     
           1          41  0.99525819138926452     
           3          42  0.99189915723068345     
           4          43  0.99814904494429402     
           6          44  0.96035881668326961     
           9          45  0.98795620252946503     
          10          46  0.98742952280264740     
          12          47  0.95357758958045580     
          14          48  0.98171443979019957     
          15          49  0.98735446564885576     
          17          50  0.99775957300777007     
          18          51  0.99856028270166819     
          23          52  0.99760937929956683     
          24          53  0.99733992511929592     
          26          54  0.95936798322052252     
          29          55  0.98777373338240204     
          30          56  0.98741300383326347     
          32          57  0.95366283858737955     
          34          58  0.98180712953354599     
          35          59  0.98761340438727729     
          37          60  0.99860115648030323     
          38          61  0.99244016870156848     
          62          63   1.3737671306444212     
          63          64   1.2390204952092125     
          64          65   1.6009627818533896     
          65          66   1.2490319989783636     
          63          67   1.2294648124912952     
          66          67   1.2318236667915263     
          66          68   1.3412790044603315     
          68          69   1.0559100382429980     
          69          70   1.4105179671379375     
          70          71   1.4721148512812572     
          71          72   1.3899346436003903     
          72          73   1.0806523386174707     
          73          74   1.9443716207478485     
          72          75   1.3848344026366755     
          69          76   1.4150457944178900     
          75          76   1.4673437748945755     
          68          77   1.3646741290765767     
          77          78   1.1587900923640837     
          78          79   1.6970620865087016     
          77          80   1.3605169773466510     
          79          81   1.1630298968362685     
          80          81   1.4077364363887468     
          81          82   1.2974741432516737     
          82          83   1.2960751628394995     
          83          84   1.2626883999651923     
          84          85   1.5891584031861261     
          85          86   1.2548075585092082     
          83          87   1.2472730367965192     
          86          87   1.2246471444893607     
          86          88   1.3442879869218838     
          88          89   1.0579971133194654     
          89          90   1.4094491794544932     
          90          91   1.4723332745345705     
          91          92   1.3896610876551423     
          92          93   1.0810908171298264     
          93          94   1.9433861869611992     
          92          95   1.3841540823464351     
          89          96   1.4139384861147550     
          95          96   1.4683787114303424     
          88          97   1.3536855495581859     
          97          98   1.1517499606133463     
          98          99   1.7088568368446591     
          62         100   1.3868578035019534     
          99         100   1.1458468581166210     
          97         101   1.3844465192890723     
         100         101   1.3730416866793094     
          62         102  0.99525427676997325     
          64         103  0.99183866305713675     
          65         104  0.99811949006820411     
          67         105  0.96024867953079374     
          70         106  0.98787414366106086     
          71         107  0.98739261067944806     
          73         108  0.95351503188808473     
          75         109  0.98168367586260807     
          76         110  0.98729697348854106     
          78         111  0.99766858798345825     
          79         112  0.99837734369617381     
          84         113  0.99740978186348861     
          85         114  0.99722836236220458     
          87         115  0.95923348786482043     
          90         116  0.98778210928000365     
          91         117  0.98741392591272936     
          93         118  0.95357708099500904     
          95         119  0.98172660398688372     
          96         120  0.98750860811365593     
          98         121  0.99859773566308863     
          99         122  0.99238416079490088     
          21         124   1.2072659140963613     
         123         124   2.5113532608907150     
         123         125   1.3168971192674948     
         124         126  0.17973104176782745     
         125         126   2.5084211418776130     
         127         128   2.4902405517398862     
         127         129   1.3351125303406568     
         128         130  0.17974804159857552     
         129         130   2.4899303600327669     
         131         132   2.4895608535277178     
         131         133   1.3355514448864581     
         132         134  0.17987732753496610     
         133         134   2.4896489159943092     
         135         136   2.4896644431685444     
         135         137   1.3355751717626838     
         136         138  0.17989433999966736     
         137         138   2.4895326808688361     
         139         140   2.4903243446420968     
         139         141   1.3348594754566778     
         140         142  0.17991873768405373     
         141         142   2.4906968417057422     
         143         144   2.5121789552187810     
         143         145   1.3134188500421271     
          82         146   1.2032216797359994     
         144         146  0.17982914024502367     
         145         146   2.5154196759144867     
         126         147   1.2106210287526806     
         147         148   1.2868869194142594     
         148         149   1.2687272537644387     
         149         150   1.5796932216830757     
         150         151   1.2623335152142510     
         148         152   1.2497753626492798     
         151         152   1.2223391246040487     
         151         153   1.3362276040626513     
         153         154   1.0553648536301310     
         154         155   1.4107377706633666     
         155         156   1.4722631869593814     
         156         157   1.3897620149039585     
         157         158   1.0807627792801875     
         158         159   1.9436897354996208     
         157         160   1.3848213725160965     
         154         161   1.4156824182523557     
         160         161   1.4672250678803194     
         153         162   1.3704385652948980     
         162         163   1.1611239869824208     
         163         164   1.6920146915964052     
         162         165   1.3530915125861973     
         164         166   1.1668725821789201     
         165         166   1.4164527432004326     
         128         167   1.2282417703298132     
         166         167   1.2841720826924694     
         167         168   1.2805593523903531     
         168         169   1.2717344394974810     
         169         170   1.5770444152743139     
         170         171   1.2636851599337593     
         168         172   1.2517838032390962     
         171         172   1.2238048342879879     
         171         173   1.3336907913552978     
         173         174   1.0554402616571246     
         174         175   1.4155878421803594     
         175         176   1.4676097976184483     
         176         177   1.3846510787917101     
         177         178   1.0808261694633263     
         178         179   1.9433399238725999     
         177         180   1.3898064589638766     
         174         181   1.4106089693114345     
         180         181   1.4720341103114711     
         173         182   1.3718796859068125     
         182         183   1.1595756294591479     
         183         184   1.6948787144684179     
         147         185   1.2913908043444888     
         184         185   1.1648627620355529     
         182         186   1.3542932564853654     
         185         186   1.4117722014334191     
         149         187  0.99799274178428321     
         150         188  0.99822529078052169     
         152         189  0.96082481556506472     
         155         190  0.98805149414323679     
         156         191  0.98757613581445647     
         158         192  0.95375481705455833     
         160         193  0.98181707852884348     
         161         194  0.98744869007373981     
         163         195  0.99846159250781075     
         164         196  0.99925720921087602     
         169         197  0.99808912507758485     
         170         198  0.99801232103553894     
         172         199  0.96102061917515635     
         175         200  0.98756426609920878     
         176         201  0.98183964100970711     
         178         202  0.95378799170906059     
         180         203  0.98753785740781186     
         181         204  0.98789439346750219     
         183         205  0.99854097124331032     
         184         206  0.99895681192239816     
         130         207   1.2286087088102495     
         207         208   1.2793479881346834     
         208         209   1.2721371142260678     
         209         210   1.5762598086811601     
         210         211   1.2646200516360337     
         208         212   1.2524913034420315     
         211         212   1.2226857940515534     
         211         213   1.3338947330080979     
         213         214   1.0560132213444786     
         214         215   1.4106831310577774     
         215         216   1.4721496783254555     
         216         217   1.3899038705922320     
         217         218   1.0805697667757068     
         218         219   1.9437567317788109     
         217         220   1.3847214472389289     
         214         221   1.4152488258822780     
         220         221   1.4674286534624010     
         213         222   1.3722925196031173     
         222         223   1.1612385163460663     
         223         224   1.6921290442457946     
         222         225   1.3516085937303159     
         224         226   1.1668587769240486     
         225         226   1.4174728281547491     
         132         227   1.2289055160893561     
         226         227   1.2833678729596525     
         227         228   1.2797010579007082     
         228         229   1.2721328145841033     
         229         230   1.5765417485048532     
         230         231   1.2644536061009519     
         228         232   1.2522703775379209     
         231         232   1.2232017075849593     
         231         233   1.3333288901615037     
         233         234   1.0560795093334894     
         234         235   1.4155281000380193     
         235         236   1.4675799113571013     
         236         237   1.3847561480758770     
         237         238   1.0805985501466242     
         238         239   1.9435718679902754     
         237         240   1.3898551715373670     
         234         241   1.4103375211008344     
         240         241   1.4721118270129954     
         233         242   1.3727887809056210     
         242         243   1.1613236828517131     
         243         244   1.6919278395417976     
         207         245   1.2832795121806100     
         244         245   1.1669048200366146     
         242         246   1.3512870618349320     
         245         246   1.4175856267206397     
         209         247  0.99828360606316258     
         210         248  0.99816710505786810     
         212         249  0.96100577045366831     
         215         250  0.98812391996089111     
         216         251  0.98764267490650726     
         218         252  0.95374709348752196     
         220         253  0.98176541740153200     
         221         254  0.98742453538041108     
         223         255  0.99855143256905854     
         224         256  0.99932455448362789     
         229         257  0.99816278251877577     
         230         258  0.99810132444484323     
         232         259  0.96105896799596702     
         235         260  0.98760601244714885     
         236         261  0.98183965623560432     
         238         262  0.95377839696137912     
         240         263  0.98755659137529050     
         241         264  0.98793278218318248     
         243         265  0.99860007891114078     
         244         266  0.99936084636843991     
         134         267   1.2288028639668807     
         267         268   1.2798864158163936     
         268         269   1.2720286700705254     
         269         270   1.5766640886635490     
         270         271   1.2644186291766015     
         268         272   1.2522821595480926     
         271         272   1.2230469603591461     
         271         273   1.3339176566357758     
         273         274   1.0558669249423458     
         274         275   1.4107003920037269     
         275         276   1.4721318275845168     
         276         277   1.3899209091287523     
         277         278   1.0805222471861609     
         278         279   1.9438061885140485     
         277         280   1.3847933311571827     
         274         281   1.4153663920786230     
         280         281   1.4673528480334963     
         273         282   1.3724094159945228     
         282         283   1.1611976296939703     
         283         284   1.6922443828324358     
         282         285   1.3516782078102545     
         284         286   1.1668023874862727     
         285         286   1.4174275599090282     
         136         287   1.2287559031456214     
         286         287   1.2834474905097573     
         287         288   1.2799201028118010     
         288         289   1.2719724220052591     
         289         290   1.5768320528392059     
         290         291   1.2643166696288164     
         288         292   1.2522501166363147     
         291         292   1.2231588551123376     
         291         293   1.3337432216448364     
         293         294   1.0562550202387315     
         294         295   1.4153615817611094     
         295         296   1.4676749514402152     
         296         297   1.3847131190862929     
         297         298   1.0805725229893031     
         298         299   1.9436089195403861     
         297         300   1.3899123544960967     
         294         301   1.4103499616697928     
         300         301   1.4720491648371021     
         293         302   1.3722840299225174     
         302         303   1.1613622747801022     
         303         304   1.6919398806755608     
         267         305   1.2833191105747332     
         304         305   1.1669507522803519     
         302         306   1.3516926396034519     
         305         306   1.4174977178957930     
         269         307  0.99820379227757283     
         270         308  0.99812577816615555     
         272         309  0.96099194763047657     
         275         310  0.98812262474041845     
         276         311  0.98764751536574358     
         278         312  0.95372947142774378     
         280         313  0.98174496850572823     
         281         314  0.98739890428094002     
         283         315  0.99856714607501307     
         284         316  0.99935071800274744     
         289         317  0.99817946256057621     
         290         318  0.99810878462790154     
         292         319  0.96101551689207454     
         295         320  0.98760162892338299     
         296         321  0.98181360084965408     
         298         322  0.95375475165100898     
         300         323  0.98756554463593438     
         301         324  0.98793894216356826     
         303         325  0.99854286795787217     
         304         326  0.99932368302177643     
         138         327   1.2289462957676747     
         327         328   1.2798478612903048     
         328         329   1.2721414353040177     
         329         330   1.5763922546551388     
         330         331   1.2645657284251421     
         328         332   1.2522625085896968     
         331         332   1.2231655520848430     
         331         333   1.3334396000532744     
         333         334   1.0559458752487993     
         334         335   1.4106428049236079     
         335         336   1.4721468011293144     
         336         337   1.3899079051145062     
         337         338   1.0805408375266710     
         338         339   1.9437645204275902     
         337         340   1.3847826786308102     
         334         341   1.4153493563494495     
         340         341   1.4673806510740295     
         333         342   1.3727800785130018     
         342         343   1.1610803412677917     
         343         344   1.6923471021139005     
         342         345   1.3514345636884668     
         344         346   1.1666600610480662     
         345         346   1.4173583121757114     
         140         347   1.2282987154047118     
         346         347   1.2836452621140133     
         347         348   1.2794527671396092     
         348         349   1.2719596274869229     
         349         350   1.5765599776248203     
         350         351   1.2644633348244527     
         348         352   1.2525145802220417     
         351         352   1.2227654680000257     
         351         353   1.3338828557743962     
         353         354   1.0564821567246256     
         354         355   1.4151983850869030     
         355         356   1.4677808200347768     
         356         357   1.3846440242927995     
         357         358   1.0806206808554522     
         358         359   1.9435472149061517     
         357         360   1.3899143759588477     
         354         361   1.4103159014828182     
         360         361   1.4720453714054080     
         353         362   1.3720216158585223     
         362         363   1.1614240377077731     
         363         364   1.6918184864539416     
         327         365   1.2831114572073066     
         364         365   1.1669847794647152     
         362         366   1.3516768348162389     
         365         366   1.4175966215707425     
         329         367  0.99814201056520258     
         330         368  0.99810166723214744     
         332         369  0.96101259310571341     
         335         370  0.98814069823746820     
         336         371  0.98766160062622743     
         338         372  0.95371766583028594     
         340         373  0.98173260434504561     
         341         374  0.98739630152147351     
         343         375  0.99859832480974475     
         344         376  0.99935754299179225     
         349         377  0.99825529480371400     
         350         378  0.99813367817522791     
         352         379  0.96099284523279072     
         355         380  0.98760014720857103     
         356         381  0.98178963958482945     
         358         382  0.95373569470345265     
         360         383  0.98758793437250025     
         361         384  0.98795854334386735     
         363         385  0.99851020585874639     
         364         386  0.99932012077870136     
         142         387   1.2279348671406476     
         387         388   1.2811854771324811     
         388         389   1.2714755434634215     
         389         390   1.5773208325332404     
         390         391   1.2634892216663705     
         388         392   1.2515320936020093     
         391         392   1.2241310344862422     
         391         393   1.3338872414856842     
         393         394   1.0568392098853108     
         394         395   1.4099495249515221     
         395         396   1.4723937628684225     
         396         397   1.3897700371248831     
         397         398   1.0805470333148097     
         398         399   1.9437243827835085     
         397         400   1.3847802224965564     
         394         401   1.4150585456876039     
         400         401   1.4674731503455551     
         393         402   1.3703312173280144     
         402         403   1.1590636627149220     
         403         404   1.6956753383909304     
         402         405   1.3560893537527652     
         404         406   1.1643657025007688     
         405         406   1.4095449741913182     
         144         407   1.2070506021676228     
         406         407   1.2939814998596886     
         407         408   1.2883838738266586     
         408         409   1.2678175961910796     
         409         410   1.5809828421247742     
         410         411   1.2615645380415159     
         408         412   1.2492774115292529     
         411         412   1.2230773709726088     
         411         413   1.3361410270288610     
         413         414   1.0573040915539023     
         414         415   1.4149956102718468     
         415         416   1.4678565192935256     
         416         417   1.3846889075768338     
         417         418   1.0806505931275578     
         418         419   1.9435774144028177     
         417         420   1.3898164372177269     
         414         421   1.4097118539393365     
         420         421   1.4722650609683179     
         413         422   1.3692765833761826     
         422         423   1.1614398581485601     
         423         424   1.6915678332617101     
         387         425   1.2841509757962717     
         424         425   1.1670230914035145     
         422         426   1.3537130634056518     
         425         426   1.4162573360019095     
         389         427  0.99804046366807697     
         390         428  0.99791587762919698     
         392         429  0.96092982536471605     
         395         430  0.98820953680062884     
         396         431  0.98763212375709686     
         398         432  0.95365966162941029     
         400         433  0.98166539412207232     
         401         434  0.98738650444403997     
         403         435  0.99840579533635998     
         404         436  0.99881575379875565     
         409         437  0.99786185902613445     
         410         438  0.99803009703680778     
         412         439  0.96076551452499248     
         415         440  0.98759470327346333     
         416         441  0.98171189824129745     
         418         442  0.95365748337531364     
         420         443  0.98756540325100550     
         421         444  0.98799558715403846     
         423         445  0.99831770932352637     
         424         446  0.99919421173321177     
