    0.24933456
   -0.03643214
    0.05425637
   -0.04684108
   -0.04068189
    0.05292845
   -0.21615523
    0.00573109
   -0.00378652
   -0.02588792
   -0.04187011
    0.05976005
   -0.25229306
    0.00232529
   -0.03694537
   -0.02412765
    0.05256086
   -0.04074994
   -0.04228664
   -0.21154154
    0.05934532
    0.00598667
    0.05944681
   -0.04228716
   -0.04070969
    0.05250896
   -0.21142667
    0.00577075
   -0.00375511
   -0.02399962
   -0.03681321
    0.05970874
   -0.25237893
    0.00229589
   -0.04185476
   -0.02595804
    0.05294313
   -0.04065142
   -0.04682660
    0.05426778
   -0.21618243
    0.01015060
    0.01637799
    0.00913245
    0.01207525
    0.01857667
    0.16342062
    0.02572322
    0.02745907
    0.03035024
    0.02244494
    0.01389909
    0.00985388
    0.01570820
    0.01570463
    0.00978831
    0.01403817
    0.02258936
    0.16325288
    0.02750452
    0.03033200
    0.02566194
    0.01853520
    0.01201743
    0.00920038
    0.01638499
    0.24933644
   -0.03643219
    0.05426181
   -0.04683834
   -0.04067763
    0.05292425
   -0.21614961
    0.00574013
   -0.00378928
   -0.02588495
   -0.04187571
    0.05976722
   -0.25228580
    0.00233408
   -0.03695822
   -0.02413707
    0.05256478
   -0.04074886
   -0.04228378
   -0.21155238
    0.05935783
    0.00598703
    0.05943662
   -0.04229009
   -0.04070983
    0.05250382
   -0.21141475
    0.00576119
   -0.00375163
   -0.02398749
   -0.03679703
    0.05970115
   -0.25238806
    0.00228716
   -0.04184919
   -0.02596170
    0.05294685
   -0.04065591
   -0.04682915
    0.05426131
   -0.21618623
    0.01015107
    0.01637824
    0.00912761
    0.01208088
    0.01857387
    0.16343999
    0.02573201
    0.02746092
    0.03036253
    0.02243441
    0.01389587
    0.00985458
    0.01570264
    0.01570920
    0.00978431
    0.01404320
    0.02260176
    0.16322791
    0.02750258
    0.03031652
    0.02565509
    0.01853825
    0.01201223
    0.00920584
    0.01638466
   -0.03472944
   -0.03218190
   -0.03473734
   -0.03218274
