           2           3   1.3823271380433333     
           3           4   1.2068799382046480     
           4           5   1.6268517021482551     
           5           6   1.2166464652634736     
           1           7  0.71754783948435530     
           3           7   1.2546055739328847     
           6           7   1.2376603890855316     
           6           8   1.3675297361429237     
           8           9   1.0556741412009023     
           9          10   1.4068487580962281     
          10          11   1.4747457975957436     
          11          12   1.3715234093017805     
          12          13   1.1365661442125248     
          13          14  0.97244701163382707     
          12          15   1.3854543919834486     
           9          16   1.4162560679155602     
          15          16   1.4590671944642053     
           8          17   1.3578575259333421     
          17          18   1.2294987416455365     
          18          19   1.6023921386052897     
           1          20  0.71818686869733750     
          17          20   1.2316037672785751     
          19          21   1.2387208939638965     
          20          21   1.2804556122624215     
          21          22   1.2817423369451559     
          22          23   1.2803351337396343     
          23          24   1.2391387189659666     
          24          25   1.6019417178172928     
          25          26   1.2296169648650348     
           1          27  0.71843338635625797     
          23          27   1.2811889493645430     
          26          27   1.2308956493781085     
          26          28   1.3580588239993743     
          28          29   1.0558233687925025     
          29          30   1.4161204950061104     
          30          31   1.4590747106808883     
          31          32   1.3856714407189743     
          32          33   1.1362618026984501     
          33          34  0.97247834732990812     
          32          35   1.3717639731481301     
          29          36   1.4069245530712091     
          35          36   1.4746568633803698     
          28          37   1.3673239444168621     
          37          38   1.2168032935557513     
          38          39   1.6267655557790601     
           2          40   1.3824774170744161     
          39          40   1.2068563590221761     
           1          41  0.71728526467198106     
          37          41   1.2377614269756223     
          40          41   1.2544731130501294     
           2          42  0.99736479940390887     
           4          43  0.99525570864194057     
           5          44   1.0002393828670169     
          10          45  0.99111458474993308     
          11          46  0.99025119025324948     
          13          47  0.97304622279306241     
          14          48   1.0063060151361534     
          14          49  0.99662906191042644     
          14          50  0.99937621339348881     
          15          51  0.99183178319571252     
          16          52  0.99069546275970422     
          18          53  0.99922607375657257     
          19          54   1.0000476974476162     
          24          55   1.0000030125694832     
          25          56  0.99919433155991122     
          30          57  0.99067765788964068     
          31          58  0.99181855114641582     
          33          59  0.97332366082476962     
          34          60  0.99668264311658816     
          34          61  0.99938482582497112     
          34          62   1.0063008325609224     
          35          63  0.99027795514452654     
          36          64  0.99113506312784638     
          38          65   1.0002293417169639     
          39          66  0.99527134145582319     
          68          69   1.3822767697579872     
          69          70   1.2068730881008030     
          70          71   1.6268703781250784     
          71          72   1.2166228873213702     
          67          73  0.71760790486618009     
          69          73   1.2546500025527756     
          72          73   1.2375632831962500     
          72          74   1.3676408619510947     
          74          75   1.0554951008867508     
          75          76   1.4068855209197757     
          76          77   1.4747529329897666     
          77          78   1.3714754394499036     
          78          79   1.1366139736534102     
          79          80  0.97242343092782513     
          78          81   1.3854574630536958     
          75          82   1.4163693660584900     
          81          82   1.4589982144651741     
          74          83   1.3578857494230234     
          83          84   1.2294990044592957     
          84          85   1.6023648238438590     
          67          86  0.71797897795704579     
          83          86   1.2316407391193942     
          85          87   1.2387468436927285     
          86          87   1.2805144123650154     
          87          88   1.2816536948490931     
          88          89   1.2804259121965924     
          89          90   1.2391020058000932     
          90          91   1.6019762905795791     
          91          92   1.2296092835107402     
          67          93  0.71862566698790464     
          89          93   1.2811458534561042     
          92          93   1.2308558210431764     
          92          94   1.3580285161562797     
          94          95   1.0560159069918686     
          95          96   1.4159749737872835     
          96          97   1.4591739441679084     
          97          98   1.3856525659745411     
          98          99   1.1362075855684513     
          99         100  0.97250053776296663     
          98         101   1.3718361124402885     
          95         102   1.4069105140618774     
         101         102   1.4746232795901331     
          94         103   1.3672062352777266     
         103         104   1.2168297266729549     
         104         105   1.6267373961486356     
          68         106   1.3825245073862140     
         105         106   1.2068719445558729     
          67         107  0.71724607309726895     
         103         107   1.2378542785477591     
         106         107   1.2544150261269416     
          68         108  0.99736468831420022     
          70         109  0.99525573755259422     
          71         110   1.0002452804626627     
          76         111  0.99111263020385965     
          77         112  0.99024608071481313     
          79         113  0.97300949331157083     
          80         114   1.0062982394266768     
          80         115  0.99663120725726395     
          80         116  0.99937635820827297     
          81         117  0.99183621872456007     
          82         118  0.99068594248503683     
          84         119  0.99923810410672753     
          85         120   1.0000508811000812     
          90         121  0.99999993793579500     
          91         122  0.99918137431029386     
          96         123  0.99068803758731672     
          97         124  0.99181109412442847     
          99         125  0.97337042145400399     
         100         126  0.99667692093078353     
         100         127  0.99938433393315051     
         100         128   1.0063097756128982     
         101         129  0.99028429568586807     
         102         130  0.99113710340531580     
         104         131   1.0002226486551933     
         105         132  0.99527172254471619     
          22         134   1.2365996028861199     
         133         134   2.4754644069172937     
         133         135   1.3416066844918946     
          88         136   1.2366020639424140     
         134         136  0.17148990111942039     
         135         136   2.4754330368902657     
