    0.25110933
   -0.03600265
    0.05550904
   -0.04628921
   -0.04034856
    0.05627622
   -0.21404025
    0.01396411
    0.05577544
   -0.04077303
   -0.04215529
   -0.20940748
    0.06057734
    0.00616541
    0.06038862
   -0.04172026
   -0.03968139
    0.05557748
    0.01281873
   -0.00571481
    0.09594354
   -0.22888398
    0.03594488
   -0.04788692
   -0.03534708
   -0.04846722
    0.09532041
   -0.22963437
    0.03551001
    0.05625109
   -0.03906255
   -0.04564561
    0.05554638
   -0.21411708
   -0.20935907
   -0.00487878
    0.09586883
   -0.22908910
    0.03539300
   -0.04800413
   -0.03533548
   -0.04814841
    0.09573817
   -0.22926981
    0.03530864
    0.01110130
    0.01695748
    0.01417473
    0.01534155
    0.01665614
    0.01677029
    0.01485007
    0.02893195
    0.04224180
    0.03325121
    0.02780634
    0.02383237
    0.02701156
    0.04109922
    0.03054073
    0.03074721
    0.01391859
    0.01754333
    0.04239067
    0.02996592
    0.03273124
    0.02782943
    0.02386558
    0.02761739
    0.03208533
    0.04202588
    0.03016213
    0.25109010
   -0.03600419
    0.05551419
   -0.04628239
   -0.04033450
    0.05627517
   -0.21404508
    0.01395051
    0.05577482
   -0.04076701
   -0.04215726
   -0.20941195
    0.06058039
    0.00616364
    0.06038438
   -0.04172572
   -0.03968903
    0.05557624
    0.01282685
   -0.00570744
    0.09594284
   -0.22888591
    0.03594296
   -0.04788744
   -0.03534907
   -0.04846578
    0.09531805
   -0.22963535
    0.03550783
    0.05625581
   -0.03907360
   -0.04565635
    0.05554738
   -0.21412730
   -0.20935188
   -0.00488790
    0.09586827
   -0.22908518
    0.03539701
   -0.04800338
   -0.03533616
   -0.04815183
    0.09573714
   -0.22927348
    0.03531111
    0.01109152
    0.01696552
    0.01416791
    0.01533754
    0.01665594
    0.01676809
    0.01486054
    0.02893418
    0.04223870
    0.03324599
    0.02780312
    0.02383164
    0.02701412
    0.04110577
    0.03053907
    0.03075814
    0.01393231
    0.01753640
    0.04239495
    0.02995521
    0.03274447
    0.02783026
    0.02386366
    0.02760892
    0.03206379
    0.04200961
    0.03016569
   -0.03490499
   -0.03223213
   -0.03490848
   -0.03223105
