           1           2   1.3624770230032448     
           2           3   1.2451920658335585     
           3           4   1.5795797459458456     
           4           5   1.2615531474284609     
           2           6   1.2313825626646506     
           5           6   1.2153150161486819     
           5           7   1.3387562975329010     
           7           8   1.0466257077104402     
           8           9   1.8009648329829204     
           9          10   1.0084115994535914     
          10          11  0.96695783551480774     
          11          12   1.1761005814508225     
           8          13   1.1189210619936905     
          12          13   1.7121517330801763     
           7          14   1.3702515401040607     
          14          15   1.1698051127391715     
          15          16   1.6778653373940817     
          14          17   1.3399902253491871     
          16          18   1.1732353854859230     
          17          18   1.4223066023876481     
          18          19   1.2707610253879329     
          19          20   1.2625490113669458     
          20          21   1.2835259693757164     
          21          22   1.5537322633558184     
          22          23   1.2769185348009475     
          20          24   1.2531504477476996     
          23          24   1.2163121295335122     
          23          25   1.3228262344976696     
          25          26   1.0494759181246329     
          26          27   1.7992811740529961     
          27          28   1.0087703724975554     
          28          29  0.96658664413776119     
          29          30   1.1756864810202734     
          26          31   1.1169758436460577     
          30          31   1.7130955055571184     
          25          32   1.3737511806672977     
          32          33   1.1569369119001787     
          33          34   1.6988014260287838     
           1          35   1.3745387014189860     
          34          35   1.1495462384597801     
          32          36   1.3593670734352548     
          35          36   1.3816071586529979     
           1          37  0.99763512399000620     
           3          38  0.99536579242963841     
           4          39   1.0016020884966028     
           6          40  0.96263572240489825     
           9          41  0.98698236843435427     
          10          42  0.98103088882216249     
          10          43  0.98820002748430802     
          11          44  0.95812364318117593     
          12          45  0.98061352178103722     
          13          46  0.98770715662018560     
          15          47   1.0015762771738006     
          16          48   1.0016613495080882     
          21          49   1.0005944449569910     
          22          50   1.0011387856230192     
          24          51  0.96219631585051513     
          27          52  0.98726995834719322     
          28          53  0.98112029849679305     
          28          54  0.98842756862028780     
          29          55  0.95834539546164621     
          30          56  0.98055279430620457     
          31          57  0.98762731440945706     
          33          58   1.0019480237712961     
          34          59  0.99594749908240554     
          60          61   1.3624329656595218     
          61          62   1.2452715859072676     
          62          63   1.5794981584282111     
          63          64   1.2615967257765468     
          61          65   1.2313366668120358     
          64          65   1.2153280890501799     
          64          66   1.3387339373596969     
          66          67   1.0463435149607367     
          67          68   1.8012413519363037     
          68          69   1.0083904679933087     
          69          70  0.96700883684249539     
          70          71   1.1760283587829476     
          67          72   1.1189362481237874     
          71          72   1.7122348816577635     
          66          73   1.3704967444866498     
          73          74   1.1697120272526143     
          74          75   1.6779811406260698     
          73          76   1.3399007389110598     
          75          77   1.1731439414009348     
          76          77   1.4224262327479091     
          77          78   1.2707595826090219     
          78          79   1.2625970344423196     
          79          80   1.2835328311894043     
          80          81   1.5537585531296427     
          81          82   1.2768657613072429     
          79          83   1.2531032880510118     
          82          83   1.2162941515826293     
          82          84   1.3229174631718770     
          84          85   1.0492503221225360     
          85          86   1.7995083099926681     
          86          87   1.0087340358165766     
          87          88  0.96659629262926416     
          88          89   1.1756821656713925     
          85          90   1.1169903928708413     
          89          90   1.7131013154615520     
          84          91   1.3738216173182574     
          91          92   1.1569047865719919     
          92          93   1.6988414775005725     
          60          94   1.3745860800478107     
          93          94   1.1495298213631073     
          91          95   1.3593795835037739     
          94          95   1.3815804466449084     
          60          96  0.99763839924833508     
          62          97  0.99536727482649312     
          63          98   1.0016138281813225     
          65          99  0.96266328117073841     
          68         100  0.98697246502329739     
          69         101  0.98103088484829859     
          69         102  0.98823544766598070     
          70         103  0.95816136332627289     
          71         104  0.98061574802552898     
          72         105  0.98768992841747416     
          74         106   1.0016022620463236     
          75         107   1.0016441620420016     
          80         108   1.0006052894985764     
          81         109   1.0011540138839656     
          83         110  0.96222387951685873     
          86         111  0.98725552096584579     
          87         112  0.98112286217594946     
          87         113  0.98844237380407740     
          88         114  0.95835552558662129     
          89         115  0.98055683101416280     
          90         116  0.98762268702477385     
          92         117   1.0019629025752184     
          93         118  0.99594893111347482     
          19         120   1.2441511124055789     
         119         120   2.4663864141840981     
         119         121   1.3484225255528519     
          78         122   1.2441450953226769     
         120         122  0.17161001207989660     
         121         122   2.4663411353951079     
