           2           3   1.3917925483942561     
           3           4   1.2004241071489106     
           4           5   1.6352948573635195     
           5           6   1.2135067650150937     
           1           7  0.71293807984318291     
           3           7   1.2395931303761643     
           6           7   1.2688189918966888     
           6           8   1.3112588388326534     
           8           9   1.1834626291125376     
           9          10   2.6649756841382555     
          10          11   1.1541181788533588     
          11          12   1.3737407146227198     
          12          13   1.4642171859310491     
          13          14   1.4673998428738790     
          14          15   1.4672489301861047     
          11          16   1.3731414672826059     
          15          16   1.4647184267623505     
           8          17   1.3188522640991860     
          17          18   1.2193431172211266     
          18          19   1.6250539246056237     
           1          20  0.71385112777042692     
          17          20   1.2583465386789949     
          19          21   1.2219393322592493     
          20          21   1.2598943338560491     
          21          22   1.3118892875263939     
          22          23   1.3097455022527087     
          23          24   1.2227594341470822     
          24          25   1.6245535367844972     
          25          26   1.2194308331198964     
           1          27  0.71392374836579953     
          23          27   1.2611630472176296     
          26          27   1.2574901183766811     
          26          28   1.3182764386964223     
          28          29   1.1834796587256760     
          29          30   2.6649650674866536     
          30          31   1.1541513501270009     
          31          32   1.3735082706634221     
          32          33   1.4643449079437467     
          33          34   1.4672447979251093     
          34          35   1.4674145696336955     
          31          36   1.3733623403155863     
          35          36   1.4646019935325720     
          28          37   1.3118762881935366     
          37          38   1.2134377495961759     
          38          39   1.6359202925885796     
           2          40   1.3949319416014097     
          39          40   1.1994276233645980     
           1          41  0.71309726627884273     
          37          41   1.2700401498883509     
          40          41   1.2378935280028605     
           2          42  0.99801711542028038     
           4          43  0.99525505251544588     
           5          44   1.0014661410639480     
          12          45  0.98827443609670806     
          13          46  0.98293610663553199     
          15          47  0.98332552968778719     
          16          48  0.98913413180887277     
          18          49   1.0004086951640407     
          19          50  0.99741847977503928     
          24          51  0.99739393672637144     
          25          52   1.0005692922648777     
          32          53  0.98837637407092216     
          33          54  0.98289333815622226     
          35          55  0.98336490901542850     
          36          56  0.98904461497643881     
          38          57   1.0013089357987526     
          39          58  0.99530088099628455     
          60          61   1.3917206611218487     
          61          62   1.2004514389325680     
          62          63   1.6352453436949843     
          63          64   1.2135518023917997     
          59          65  0.71276214867898791     
          61          65   1.2396625430497878     
          64          65   1.2688502042956058     
          64          66   1.3112040376657323     
          66          67   1.1834712258065097     
          67          68   2.6649504580351691     
          68          69   1.1541265119220578     
          69          70   1.3738745388450315     
          70          71   1.4640674741935487     
          71          72   1.4675508640138311     
          72          73   1.4670950443219193     
          69          74   1.3730014298914075     
          73          74   1.4648662932943926     
          66          75   1.3189010246730846     
          75          76   1.2193088201246944     
          76          77   1.6251026606864021     
          59          78  0.71400268551587265     
          75          78   1.2583220666326753     
          77          79   1.2219008024179976     
          78          79   1.2598355820029374     
          79          80   1.3119878790528336     
          80          81   1.3096548029034654     
          81          82   1.2228089854922646     
          82          83   1.6245080860232008     
          83          84   1.2194473591794577     
          59          85  0.71386554644265987     
          81          85   1.2612034763166811     
          84          85   1.2574848950067070     
          84          86   1.3182279890844553     
          86          87   1.1834837772434013     
          87          88   2.6649626713219123     
          88          89   1.1541495194492457     
          89          90   1.3735122750509701     
          90          91   1.4643350450751809     
          91          92   1.4672529827513863     
          92          93   1.4674084311971345     
          89          94   1.3733590236479118     
          93          94   1.4646111659763175     
          86          95   1.3119117596398204     
          95          96   1.2134229547938813     
          96          97   1.6359523404410488     
          60          98   1.3949904756222289     
          97          98   1.1993951622722463     
          59          99  0.71315272072453129     
          95          99   1.2700363353108588     
          98          99   1.2378527138333335     
          60         100  0.99801745611576209     
          62         101  0.99525584027085490     
          63         102   1.0014731400728341     
          70         103  0.98826414354713110     
          71         104  0.98293808170380115     
          73         105  0.98332460814302325     
          74         106  0.98914445126181216     
          76         107   1.0004017925656490     
          77         108  0.99741886584119654     
          82         109  0.99739278604619841     
          83         110   1.0005729066439755     
          90         111  0.98837889456867722     
          91         112  0.98289089942235841     
          93         113  0.98336653016040521     
          94         114  0.98904170516867096     
          96         115   1.0013053998189771     
          97         116  0.99530136805606395     
          22         117   1.1966766460433562     
          80         118   1.1966752216779182     
         117         118   2.6436967464503125     
