           1           2   1.3707660643668744     
           2           3   1.2369958357283366     
           3           4   1.5994973641598333     
           4           5   1.2399596223356062     
           2           6   1.2277141354291270     
           5           6   1.2220662677485246     
           5           7   1.3689572605370079     
           7           8   1.3962238496289927     
           8           9   1.1520469279261043     
           9          10   1.6941286178308170     
           8          11   1.3464333371292596     
          10          12   1.1640094064525925     
          11          12   1.4199465809253178     
          12          13   1.2781422049455982     
          13          14   1.2808761817499517     
          14          15   1.2677820998771312     
          15          16   1.5800965407218011     
          16          17   1.2496212188383091     
          14          18   1.2485967132817570     
          17          18   1.2184540149804206     
          17          19   1.3658304914515260     
          19          20   1.3907080009252366     
          20          21   1.1421170229032191     
          21          22   1.7116676184446558     
           1          23   1.3776024156544666     
          22          23   1.1431579655624182     
          20          24   1.3688578517153871     
          23          24   1.3798396799695454     
           1          25  0.99606145168334115     
           3          26  0.99358315285931098     
           4          27  0.99373756854708384     
           6          28  0.96193373572356222     
           7          29  0.99626837449000161     
           9          30  0.99360016800247097     
          10          31   1.0003195854191116     
          15          32  0.99912902725388020     
          16          33  0.99319929576447652     
          18          34  0.96086366864546136     
          19          35  0.99634102583836748     
          21          36  0.99437702346478607     
          22          37  0.99427633491781608     
          38          39   1.3707723335782074     
          39          40   1.2369902795720957     
          40          41   1.5995063579673989     
          41          42   1.2399528017110493     
          39          43   1.2277139051820625     
          42          43   1.2220735439240353     
          42          44   1.3689617271343224     
          44          45   1.3962159766021880     
          45          46   1.1520306216711866     
          46          47   1.6941586758605367     
          45          48   1.3464601006322134     
          47          49   1.1639869202065347     
          48          49   1.4199020197889276     
          49          50   1.2782197148264614     
          50          51   1.2809460377694535     
          51          52   1.2677461114204800     
          52          53   1.5801396598338928     
          53          54   1.2495953042728161     
          51          55   1.2485786636266019     
          54          55   1.2184524913505812     
          54          56   1.3658536013434632     
          56          57   1.3906925849244713     
          57          58   1.1421174562944725     
          58          59   1.7116703190567284     
          38          60   1.3776083739498750     
          59          60   1.1431542061435189     
          57          61   1.3688692828564533     
          60          61   1.3798374249660892     
          38          62  0.99606028850862771     
          40          63  0.99358163382017817     
          41          64  0.99373586873566422     
          43          65  0.96193300702700046     
          44          66  0.99626669833651182     
          46          67  0.99359804331711554     
          47          68   1.0003126211022157     
          52          69  0.99912336642414823     
          53          70  0.99319751530629752     
          55          71  0.96086269632156696     
          56          72  0.99633941116297675     
          58          73  0.99437553174387350     
          59          74  0.99427489155582227     
          13          76   1.2304416527087507     
          75          76   2.4848550197487529     
          75          77   1.3368287044149556     
          76          78  0.17736315112532575     
          77          78   2.4817812907329193     
          79          80   2.4763910300343754     
          79          81   1.3416116781135043     
          80          82  0.17612531236980192     
          81          82   2.4764214517100220     
          83          84   2.4819538308272708     
          83          85   1.3366686995460966     
          50          86   1.2302875851022692     
          84          86  0.17735253342454987     
          85          86   2.4850105972672849     
          78          87   1.2346866870661350     
          87          88   1.2741896926698997     
          88          89   1.2716093462101890     
          89          90   1.5743162284041401     
          90          91   1.2552349081078835     
          88          92   1.2516476719134257     
          91          92   1.2160306539755890     
          91          93   1.3603873840484455     
          93          94   1.4045672794447439     
          94          95   1.1522513972444646     
          95          96   1.6931047578066030     
          94          97   1.3407067465582596     
          96          98   1.1658181669696448     
          97          98   1.4242018768260216     
          80          99   1.2384182536358654     
          98          99   1.2726862579076934     
          99         100   1.2733600745439051     
         100         101   1.2726033434500739     
         101         102   1.5736568843385526     
         102         103   1.2557489157613670     
         100         104   1.2512872683518004     
         103         104   1.2176676998450626     
         103         105   1.3578618294480189     
         105         106   1.4071602814817943     
         106         107   1.1512745347143780     
         107         108   1.6946295653823349     
          87         109   1.2738433965524065     
         108         109   1.1645968476732966     
         106         110   1.3397390291489732     
         109         110   1.4240484174792103     
          89         111  0.99951953433734109     
          90         112  0.99384550875522626     
          92         113  0.96093248971215917     
          93         114  0.99676356532641619     
          95         115  0.99417840634324472     
          96         116   1.0006935068101099     
         101         117  0.99925650296800406     
         102         118  0.99366117502232620     
         104         119  0.96103031062864586     
         105         120  0.99671350292669292     
         107         121  0.99421574566591453     
         108         122   1.0007172911663396     
          82         123   1.2383951828474700     
         123         124   1.2733862839479442     
         124         125   1.2725937553828477     
         125         126   1.5736666502115082     
         126         127   1.2557418473808575     
         124         128   1.2512810190939259     
         127         128   1.2176744572171836     
         127         129   1.3578651865288320     
         129         130   1.4071502400328746     
         130         131   1.1512630136704958     
         131         132   1.6946540775548125     
         130         133   1.3397592395352715     
         132         134   1.1645758139894073     
         133         134   1.4240079438184918     
          84         135   1.2345190944302580     
         134         135   1.2739088038621680     
         135         136   1.2742714521575143     
         136         137   1.2715757645013888     
         137         138   1.5743538012989284     
         138         139   1.2552107742066085     
         136         140   1.2516178924601171     
         139         140   1.2160295375653347     
         139         141   1.3604078230959356     
         141         142   1.4045479462485835     
         142         143   1.1522525172789206     
         143         144   1.6931043057946771     
         123         145   1.2726877346390528     
         144         145   1.1658187170020238     
         142         146   1.3407209444048167     
         145         146   1.4241943566617874     
         125         147  0.99925301907546382     
         126         148  0.99366054686074656     
         128         149  0.96103098474979542     
         129         150  0.99671239944843792     
         131         151  0.99421423362835470     
         132         152   1.0007135783277854     
         137         153  0.99951314858988671     
         138         154  0.99384501773804956     
         140         155  0.96093272626145620     
         141         156  0.99676240450551434     
         143         157  0.99417707545861456     
         144         158   1.0006963044325954     
