           1           2   1.3659586376099149     
           2           3   1.2469948893298868     
           3           4   1.5884678315969265     
           4           5   1.2620371100456405     
           2           6   1.2239005471267046     
           5           6   1.2489104253594920     
           5           7   1.2923265869710447     
           7           8   1.1845861920445413     
           8           9   2.6618846909311022     
           9          10   1.1529022471036863     
          10          11   1.3744010881500774     
          11          12   1.4619080432802434     
          12          13   1.4706946789213464     
          13          14   1.4703748065861433     
          10          15   1.3746997676958002     
          14          15   1.4617930151676259     
           7          16   1.3172710128598375     
          16          17   1.1632771400955939     
          17          18   1.6943330689328235     
          16          19   1.3809812972186064     
          18          20   1.1630345396621520     
          19          20   1.3936390305249271     
          20          21   1.3010436655993018     
          21          22   1.2841386464677043     
          22          23   1.2707800435358734     
          23          24   1.5762392677096568     
          24          25   1.2682488552657156     
          22          26   1.2425121429439514     
          25          26   1.2382471372583153     
          25          27   1.2974128672214351     
          27          28   1.1882857116347867     
          28          29   2.6576539103395067     
          29          30   1.1542339653150060     
          30          31   1.3735346332577949     
          31          32   1.4622681940747855     
          32          33   1.4701812569444277     
          33          34   1.4700553873748459     
          30          35   1.3736455213707559     
          34          35   1.4623354038471035     
          27          36   1.3022057883232856     
          36          37   1.1558718579265843     
          37          38   1.7067698264447304     
           1          39   1.3999759744535607     
          38          39   1.1458344836197261     
          36          40   1.4118116692086131     
          39          40   1.3546568303402018     
           1          41  0.99528006996407858     
           3          42  0.99183641988316817     
           4          43  0.99909804101615862     
           6          44  0.96093070848285445     
          11          45  0.98789707611482303     
          12          46  0.98155217922974114     
          14          47  0.98135577630831183     
          15          48  0.98774025076716176     
          17          49  0.99949774514758360     
          18          50  0.99847732601416572     
          23          51  0.99747347461559954     
          24          52  0.99851969817551278     
          26          53  0.95980473457376614     
          31          54  0.98771426462334388     
          32          55  0.98144168257783304     
          34          56  0.98156361510770296     
          35          57  0.98798830549312822     
          37          58   1.0001618383558544     
          38          59  0.99234443667219530     
          60          61   1.3656859680573346     
          61          62   1.2470272716382813     
          62          63   1.5883295290084707     
          63          64   1.2622151586588894     
          61          65   1.2242062259310287     
          64          65   1.2485712169402849     
          64          66   1.2923826674419794     
          66          67   1.1843919111509003     
          67          68   2.6622250691644163     
          68          69   1.1527833566502723     
          69          70   1.3745459023859921     
          70          71   1.4618327102952990     
          71          72   1.4707767138324312     
          72          73   1.4704259585880071     
          69          74   1.3748003481959803     
          73          74   1.4617409037711195     
          66          75   1.3179251540628445     
          75          76   1.1633920998482372     
          76          77   1.6941784927539991     
          75          78   1.3800268660798023     
          77          79   1.1631462669858490     
          78          79   1.3947768317213736     
          79          80   1.2996669417010660     
          80          81   1.2834296639598612     
          81          82   1.2712464484128070     
          82          83   1.5755843795609783     
          83          84   1.2686720732952581     
          81          85   1.2428056360964495     
          84          85   1.2380807222195596     
          84          86   1.2969865086586838     
          86          87   1.1882650706900015     
          87          88   2.6577415233306869     
          88          89   1.1542059217062455     
          89          90   1.3735908985931959     
          90          91   1.4622510533899928     
          91          92   1.4701999589705042     
          92          93   1.4700556316883397     
          89          94   1.3736621531985123     
          93          94   1.4623323532426578     
          86          95   1.3027710552286482     
          95          96   1.1557401334702686     
          96          97   1.7069802813058463     
          60          98   1.3999046213222044     
          97          98   1.1457278528445400     
          95          99   1.4113465564057546     
          98          99   1.3549350331829699     
          60         100  0.99527531310283157     
          62         101  0.99184955571847211     
          63         102  0.99909573342604718     
          65         103  0.96091949214563854     
          70         104  0.98788199407782951     
          71         105  0.98155108502283628     
          73         106  0.98134306741195942     
          74         107  0.98774300204904375     
          76         108  0.99950421464426331     
          77         109  0.99853185267498379     
          82         110  0.99745911922167030     
          83         111  0.99853144726897880     
          85         112  0.95983800746157144     
          90         113  0.98770422834249305     
          91         114  0.98144983709923983     
          93         115  0.98156677178322316     
          94         116  0.98800403947738791     
          96         117   1.0001899121572371     
          97         118  0.99235471842442524     
          21         119   1.2146697866357259     
         119         120   2.4715646660794430     
         120         121   1.3578212979837347     
         119         122  0.16924158201812148     
         121         122   2.3518286021403871     
         122         123   1.3860545392016976     
         121         124  0.16343702049464498     
         123         124   2.3502159721094804     
         124         125   1.3600992653713819     
         123         126  0.16851429695163814     
         125         126   2.4662639387299152     
         127         128   2.4568088728919446     
         128         129   1.3680250652977723     
         127         130  0.16722264627695971     
         129         130   2.3388478135801805     
         130         131   1.3953724008067152     
         129         132  0.16169928375474282     
         131         132   2.3387401840377486     
         132         133   1.3683049626611621     
         131         134  0.16721850891984377     
         133         134   2.4563839492773289     
         135         136   2.4566602420892716     
         136         137   1.3681204888305953     
         135         138  0.16733169781003912     
         137         138   2.3389842720857148     
         138         139   1.3952573205628418     
         137         140  0.16183354626207505     
         139         140   2.3390657386416263     
         140         141   1.3680350130682271     
         139         142  0.16738126918834539     
         141         142   2.4568885836046990     
         143         144   2.4569560223894151     
         144         145   1.3679889868269879     
         143         146  0.16739672848485995     
         145         146   2.3391381463800620     
         146         147   1.3952107721412743     
         145         148  0.16185720074884086     
         147         148   2.3390515673163335     
         148         149   1.3680776346871348     
         147         150  0.16736597379176876     
         149         150   2.4567327326199413     
         151         152   2.4563976404115628     
         152         153   1.3683235515318930     
         151         154  0.16722861934495586     
         153         154   2.3386947309999648     
         154         155   1.3954113535611712     
         153         156  0.16168690301250516     
         155         156   2.3387714196105720     
         156         157   1.3681141961691443     
         155         158  0.16720011354995831     
         157         158   2.4566379066181709     
         159         160   2.4644007559185246     
         160         161   1.3616148124687337     
         159         162  0.16827677206913449     
         161         162   2.3482024650823243     
         162         163   1.3876479067273180     
         161         164  0.16314904577616607     
         163         164   2.3497388959584264     
         164         165   1.3594181632536302     
          80         166   1.2163322722365189     
         163         166  0.16896222002795683     
         165         166   2.4694507898135605     
         126         167   1.2193094716507986     
         167         168   1.2773241752532751     
         168         169   1.2755060525294486     
         169         170   1.5696042350252244     
         170         171   1.2741473891767692     
         168         172   1.2449746140644602     
         171         172   1.2374577089193608     
         171         173   1.2902742408009360     
         173         174   1.1840965516210855     
         174         175   2.6634364987693409     
         175         176   1.1525099018688389     
         176         177   1.3752024578281989     
         177         178   1.4614645811884339     
         178         179   1.4707567257675638     
         179         180   1.4709789696234881     
         176         181   1.3749432480126327     
         180         181   1.4615485776927470     
         173         182   1.3217299325236271     
         182         183   1.1637804907322764     
         183         184   1.6925523606039354     
         182         185   1.3763622847742434     
         184         186   1.1650238770949970     
         185         186   1.3986179804550081     
         127         187   1.2270124270557232     
         186         187   1.2939942840916265     
         187         188   1.2748636606466890     
         188         189   1.2772549898341778     
         189         190   1.5678283822551089     
         190         191   1.2751351842190319     
         188         192   1.2453022238061306     
         191         192   1.2381579556801501     
         191         193   1.2883889496871679     
         193         194   1.1846302752730153     
         194         195   2.6626365473497891     
         195         196   1.1528055642162132     
         196         197   1.3748747054957020     
         197         198   1.4616642403406219     
         198         199   1.4706354844631659     
         199         200   1.4708027001461861     
         196         201   1.3747547392651909     
         200         201   1.4616397800915708     
         193         202   1.3219983251202536     
         202         203   1.1629066916316031     
         203         204   1.6939891069331541     
         167         205   1.2981784279937307     
         204         205   1.1640091248599960     
         202         206   1.3777564436969387     
         205         206   1.3957385798155368     
         169         207  0.99762720633661395     
         170         208  0.99898010715712959     
         172         209  0.96059821723898398     
         177         210  0.98777320609915920     
         178         211  0.98138211308847922     
         180         212  0.98149322133163797     
         181         213  0.98780198134291020     
         183         214  0.99979347883410152     
         184         215  0.99860507420096145     
         189         216  0.99756218283306430     
         190         217  0.99893145385118032     
         192         218  0.96074250822025764     
         197         219  0.98788022017248112     
         198         220  0.98149286686331405     
         200         221  0.98143203266330215     
         201         222  0.98774470236190637     
         203         223  0.99987519923453172     
         204         224  0.99861586592721785     
         134         225   1.2272650901032485     
         225         226   1.2746785719656517     
         226         227   1.2770473733077667     
         227         228   1.5681318721254554     
         228         229   1.2751319769647325     
         226         230   1.2458676164917346     
         229         230   1.2372353945116907     
         229         231   1.2893603240449298     
         231         232   1.1842415751344957     
         232         233   2.6633180408147679     
         233         234   1.1525511141099980     
         234         235   1.3751327951673196     
         235         236   1.4615191369864007     
         236         237   1.4707154224964958     
         237         238   1.4709460679320250     
         234         239   1.3749612630775807     
         238         239   1.4615405291089434     
         231         240   1.3224409350400714     
         240         241   1.1639063088251449     
         241         242   1.6922969663333844     
         240         243   1.3755508527798170     
         242         244   1.1652031361474575     
         243         244   1.3991543210847708     
         135         245   1.2271273937168568     
         244         245   1.2931582002048203     
         245         246   1.2748798841415014     
         246         247   1.2769765499124104     
         247         248   1.5682830893894117     
         248         249   1.2750639055710504     
         246         250   1.2458291507213017     
         249         250   1.2373636056164823     
         249         251   1.2893038864510402     
         251         252   1.1842162184778782     
         252         253   2.6633719276330465     
         253         254   1.1525464994692933     
         254         255   1.3751132333685774     
         255         256   1.4615337854963875     
         256         257   1.4707314394656901     
         257         258   1.4709541754731759     
         254         259   1.3750080598352643     
         258         259   1.4615056704628744     
         251         260   1.3226162025107686     
         260         261   1.1639073985097470     
         261         262   1.6922795372752255     
         225         263   1.2929696429444246     
         262         263   1.1651982003478900     
         260         264   1.3754040337533087     
         263         264   1.3992790493835385     
         227         265  0.99763700123859478     
         228         266  0.99899382852185958     
         230         267  0.96069304275034506     
         235         268  0.98782096884347226     
         236         269  0.98142934169537888     
         238         270  0.98148694099089695     
         239         271  0.98777807375123250     
         241         272  0.99984608747535486     
         242         273  0.99865852840283498     
         247         274  0.99760156535264710     
         248         275  0.99896157307788991     
         250         276  0.96070090839083477     
         255         277  0.98785574943941812     
         256         278  0.98145449966845377     
         258         279  0.98145674757285650     
         259         280  0.98774714931428997     
         261         281  0.99987414323526647     
         262         282  0.99869607292507478     
         142         283   1.2269362158716244     
         283         284   1.2753518738203886     
         284         285   1.2766924207041368     
         285         286   1.5688051656577076     
         286         287   1.2747341192606494     
         284         288   1.2457329664937311     
         287         288   1.2374161576703977     
         287         289   1.2897742073175169     
         289         290   1.1841834063806629     
         290         291   2.6634101715383487     
         291         292   1.1525142782731337     
         292         293   1.3751390293544441     
         293         294   1.4615050554785602     
         294         295   1.4707472895317615     
         295         296   1.4709999789367372     
         292         297   1.3750276071575542     
         296         297   1.4614762226012374     
         289         298   1.3221975883589052     
         298         299   1.1639625396093860     
         299         300   1.6922383946962529     
         298         301   1.3757900030799390     
         300         302   1.1652627940181652     
         301         302   1.3990634602414256     
         143         303   1.2268909501622842     
         302         303   1.2931698287331574     
         303         304   1.2753959691153878     
         304         305   1.2766616479584685     
         305         306   1.5688349441438918     
         306         307   1.2747123777679692     
         304         308   1.2457381251548567     
         307         308   1.2374094264223410     
         307         309   1.2898100145726374     
         309         310   1.1841857771280919     
         310         311   2.6634156391809309     
         311         312   1.1525184947321698     
         312         313   1.3751437744449295     
         313         314   1.4614983934378005     
         314         315   1.4707528785441890     
         315         316   1.4710024534261492     
         312         317   1.3750262899966903     
         316         317   1.4614742712953803     
         309         318   1.3221823475696495     
         318         319   1.1639684243312014     
         319         320   1.6922334665347072     
         283         321   1.2931693655195755     
         320         321   1.1652572547063869     
         318         322   1.3757879338151502     
         321         322   1.3990793556936396     
         285         323  0.99759621131837906     
         286         324  0.99895412561556562     
         288         325  0.96067009058526764     
         293         326  0.98782812832577216     
         294         327  0.98142672201843473     
         296         328  0.98145720820282623     
         297         329  0.98774903327846297     
         299         330  0.99984203258659277     
         300         331  0.99866095469032090     
         305         332  0.99758777468644155     
         306         333  0.99895224955907613     
         308         334  0.96066672808681541     
         313         335  0.98783129647582080     
         314         336  0.98142735287681249     
         316         337  0.98145621690202134     
         317         338  0.98774978336955099     
         319         339  0.99984315363550935     
         320         340  0.99865439792257815     
         150         341   1.2270613413893074     
         341         342   1.2749802247517692     
         342         343   1.2769132248023900     
         343         344   1.5683973394175834     
         344         345   1.2749909521008733     
         342         346   1.2458065199550497     
         345         346   1.2373566066375097     
         345         347   1.2894093517645489     
         347         348   1.1842010562033609     
         348         349   2.6633864632635302     
         349         350   1.1525321841220735     
         350         351   1.3751207623560582     
         351         352   1.4615362771272160     
         352         353   1.4707230679989172     
         353         354   1.4709689771235692     
         350         355   1.3750159049690465     
         354         355   1.4614957425906059     
         347         356   1.3225228610240156     
         356         357   1.1639284637278255     
         357         358   1.6922428359524702     
         356         359   1.3754874120364036     
         358         360   1.1652309136835159     
         359         360   1.3992210317920097     
         151         361   1.2272573905306625     
         360         361   1.2930414243486565     
         361         362   1.2746998553326641     
         362         363   1.2770312779023067     
         363         364   1.5681872459480302     
         364         365   1.2751084662068748     
         362         366   1.2458531088026492     
         365         366   1.2372711108402816     
         365         367   1.2893785766365682     
         367         368   1.1842495603876484     
         368         369   2.6633197422606933     
         369         370   1.1525616292683831     
         370         371   1.3751171377317120     
         371         372   1.4615268028055681     
         372         373   1.4707114965555073     
         373         374   1.4709585472548321     
         370         375   1.3749716812322150     
         374         375   1.4615249030757997     
         367         376   1.3224377330556691     
         376         377   1.1639076861400697     
         377         378   1.6923145254151764     
         341         379   1.2931737335865099     
         378         379   1.1651795146608379     
         376         380   1.3755540930465777     
         379         380   1.3991687609586918     
         343         381  0.99760228354274405     
         344         382  0.99896489023507751     
         346         383  0.96069743437671462     
         351         384  0.98784608979345268     
         352         385  0.98145431030279684     
         354         386  0.98145395248961043     
         355         387  0.98774920434850888     
         357         388  0.99986739152594606     
         358         389  0.99868442993035167     
         363         390  0.99764015058755851     
         364         391  0.99898481318877386     
         366         392  0.96068889416240233     
         371         393  0.98782819587650650     
         372         394  0.98142741355470653     
         374         395  0.98148448053863513     
         375         396  0.98777417384240707     
         377         397  0.99984722835612938     
         378         398  0.99865435029676108     
         158         399   1.2271435076839794     
         399         400   1.2747296688740573     
         400         401   1.2772936027599118     
         401         402   1.5677486864959900     
         402         403   1.2752223389330111     
         400         404   1.2454474552719792     
         403         404   1.2379789461156885     
         403         405   1.2884751348215948     
         405         406   1.1845511415550212     
         406         407   2.6627590964711656     
         407         408   1.1527558579784927     
         408         409   1.3748742094734190     
         409         410   1.4616791546311181     
         410         411   1.4706105317295048     
         411         412   1.4708479763833404     
         408         413   1.3748415895618962     
         412         413   1.4615960666682200     
         405         414   1.3221957418233339     
         414         415   1.1631041263900173     
         415         416   1.6936705207336682     
         414         417   1.3771853042748203     
         416         418   1.1642148696673402     
         417         418   1.3964902827216465     
         159         419   1.2208550262994953     
         418         419   1.2970116396360569     
         419         420   1.2768124078931387     
         420         421   1.2758813278803258     
         421         422   1.5691617426191435     
         422         423   1.2744121776976067     
         420         424   1.2451399601210476     
         423         424   1.2373789713509413     
         423         425   1.2900497500524737     
         425         426   1.1841630671085939     
         426         427   2.6633822956304676     
         427         428   1.1525469749763002     
         428         429   1.3751412661564664     
         429         430   1.4615049443716548     
         430         431   1.4707157216583724     
         431         432   1.4709763027305736     
         428         433   1.3749577530227628     
         432         433   1.4615491237569891     
         425         434   1.3218506011035065     
         434         435   1.1638054887630747     
         435         436   1.6925005310817614     
         399         437   1.2937800077192274     
         436         437   1.1650586795171363     
         434         438   1.3761573708888701     
         437         438   1.3987529315441922     
         401         439  0.99757266492592478     
         402         440  0.99892790319780678     
         404         441  0.96073389566942491     
         409         442  0.98788979696663803     
         410         443  0.98148834991526313     
         412         444  0.98144485058450992     
         413         445  0.98773065951963213     
         415         446  0.99988277227834810     
         416         447  0.99866410339781764     
         421         448  0.99762090772311807     
         422         449  0.99898527190131892     
         424         450  0.96062184293632835     
         429         451  0.98780433358661157     
         430         452  0.98138565737554317     
         432         453  0.98150719949338650     
         433         454  0.98779220923241651     
         435         455  0.99982391114098812     
         436         456  0.99862112225473787     
