           1           2   1.3759716912220308     
           2           3   1.2385950945408974     
           3           4   1.6024685490282109     
           4           5   1.2496324905224636     
           2           6   1.2295112796008760     
           5           6   1.2283078277489630     
           5           7   1.3547178943286646     
           7           8   1.0271321742757040     
           8           9   1.4203017723630313     
           9          10   1.0177139230635013     
           9          11   1.4358731087614054     
          11          12   1.4325230986326385     
          12          13   1.0096775823940223     
          12          14   1.4318982169962731     
           8          15   1.4199269836729997     
          14          15   1.4364579904396928     
          15          16   1.0177097246450166     
           7          17   1.3812953356308655     
          17          18   1.1614259703391068     
          18          19   1.6953198019061473     
          17          20   1.3520942425000739     
          19          21   1.1645106391709619     
          20          21   1.4129938346004567     
          21          22   1.2884523224052631     
          22          23   1.2919422789043700     
          23          24   1.2631434751144488     
          24          25   1.5898387463172341     
          25          26   1.2552205048764293     
          23          27   1.2493507382295024     
          26          27   1.2193877558143027     
          26          28   1.3603336978249856     
          28          29   1.0275746008708693     
          29          30   1.4198585146456673     
          30          31   1.0176845490457538     
          30          32   1.4363008018639205     
          32          33   1.4320425377000239     
          33          34   1.0096955528181273     
          33          35   1.4323184496478598     
          29          36   1.4200094732943565     
          35          36   1.4360503511491103     
          36          37   1.0177070083097917     
          28          38   1.3685093370950947     
          38          39   1.1539764263752386     
          39          40   1.7083149688192756     
           1          41   1.3845392645163457     
          40          41   1.1467347771134142     
          38          42   1.3782020044643577     
          41          42   1.3751244418063069     
           1          43  0.99634846571794666     
           3          44  0.99283027201156482     
           4          45   1.0006972243049028     
           6          46  0.96105461051223950     
          10          47  0.99217764092101524     
          10          48  0.99620174377857584     
          10          49  0.99251288115907954     
          11          50  0.99364566595538806     
          13          51  0.98719709944900125     
          13          52  0.99791741282041346     
          13          53  0.99747273133182190     
          14          54  0.99373066050783143     
          16          55  0.99226004779905375     
          16          56  0.99622786155731946     
          16          57  0.99247336189302904     
          18          58   1.0005278667400523     
          19          59  0.99929194326213178     
          24          60  0.99811839466317687     
          25          61  0.99984864490868530     
          27          62  0.95966516762597165     
          31          63  0.99621774043795253     
          31          64  0.99174193361011420     
          31          65  0.99293801521732938     
          32          66  0.99369359343465713     
          34          67  0.99788420929576849     
          34          68  0.98705090908812509     
          34          69  0.99764631018986283     
          35          70  0.99365905114819852     
          37          71  0.99623572089858292     
          37          72  0.99280025831531271     
          37          73  0.99187507628745042     
          39          74   1.0013865050281459     
          40          75  0.99332387141527723     
          76          77   1.3758132348032406     
          77          78   1.2387009889145968     
          78          79   1.6021948196169555     
          79          80   1.2498068578662842     
          77          81   1.2295132660850907     
          80          81   1.2281163481538915     
          80          82   1.3545350855156486     
          82          83   1.0271480022458801     
          83          84   1.4204813929841749     
          84          85   1.0176934969591853     
          84          86   1.4357999562762360     
          86          87   1.4325508256777419     
          87          88   1.0096552942930705     
          87          89   1.4318806568542135     
          83          90   1.4197845785039596     
          89          90   1.4365113294393486     
          90          91   1.0177467978204460     
          82          92   1.3814422920776877     
          92          93   1.1617036901058819     
          93          94   1.6947690052251907     
          92          95   1.3515251187802013     
          94          96   1.1648639237889697     
          95          96   1.4136696102316644     
          96          97   1.2873899915548179     
          97          98   1.2905440694421131     
          98          99   1.2637646857798643     
          99         100   1.5890340422619103     
         100         101   1.2557030480524289     
          98         102   1.2497235719629756     
         101         102   1.2192348059493909     
         101         103   1.3598179315858685     
         103         104   1.0275886870653383     
         104         105   1.4197338480624371     
         105         106   1.0176751745890951     
         105         107   1.4363932864123468     
         107         108   1.4319731969936058     
         108         109   1.0096748620306937     
         108         110   1.4323970641080634     
         104         111   1.4201689700756981     
         110         111   1.4359418870664331     
         111         112   1.0177256192442796     
         103         113   1.3688608701040748     
         113         114   1.1540277897777829     
         114         115   1.7082042275084264     
          76         116   1.3843425555093767     
         115         116   1.1467785423981269     
         113         117   1.3777982146862278     
         116         117   1.3752643744250703     
          76         118  0.99636955403872574     
          78         119  0.99286058314682935     
          79         120   1.0007386800065976     
          81         121  0.96109640006081243     
          85         122  0.99213591612658958     
          85         123  0.99623395924299774     
          85         124  0.99261115882665973     
          86         125  0.99368137531685297     
          88         126  0.98720953373913167     
          88         127  0.99792818976218067     
          88         128  0.99750741166140666     
          89         129  0.99372378867079159     
          91         130  0.99229940178548082     
          91         131  0.99622061111328386     
          91         132  0.99239933505096833     
          93         133   1.0005530535118705     
          94         134  0.99931408163271063     
          99         135  0.99819051514268387     
         100         136  0.99987573711948197     
         102         137  0.95969923653602818     
         106         138  0.99623092468401286     
         106         139  0.99172078605120584     
         106         140  0.99297518970499543     
         107         141  0.99370019433482493     
         109         142  0.99791181431147102     
         109         143  0.98708305444370203     
         109         144  0.99764041671962533     
         110         145  0.99367898555968903     
         112         146  0.99624943332914506     
         112         147  0.99279026866071252     
         112         148  0.99189198989581273     
         114         149   1.0014024157950965     
         115         150  0.99336073142496450     
         151         152   2.3806522273461383     
         152         153   1.3511621237667666     
          22         154   1.2173619956793642     
         151         154  0.17139629892233363     
         153         154   2.4787319222977224     
         151         155   1.3529548991942943     
         152         156  0.17096784741863633     
         155         156   2.4737955953255883     
         157         158   2.3681990305253660     
         158         159   1.3618705003247435     
         157         160  0.17000619949391169     
         159         160   2.4638277950710479     
         157         161   1.3620780904593888     
         158         162  0.17003479892785936     
         161         162   2.4635169437170736     
         163         164   2.3688322148590126     
         164         165   1.3616255856536716     
         163         166  0.17023001402801496     
         165         166   2.4640881101388086     
         163         167   1.3615532959008019     
         164         168  0.17028352027864432     
         167         168   2.4643757972774050     
         169         170   2.3695738497704744     
         170         171   1.3611002356792767     
         169         172  0.17047056720298404     
         171         172   2.4649667106050965     
         169         173   1.3611027207997171     
         170         174  0.17047645553937629     
         173         174   2.4649819075996562     
         175         176   2.3689244857892748     
         176         177   1.3614836026197092     
         175         178  0.17029610650591470     
         177         178   2.4644565395064211     
         175         179   1.3615886033090407     
         176         180  0.17026464327744725     
         179         180   2.4641621977461035     
         181         182   2.3680398351988794     
         182         183   1.3621591105764932     
         181         184  0.17001760679081707     
         183         184   2.4634173257759415     
         181         185   1.3620242758237004     
         182         186  0.16997811665823787     
         185         186   2.4635719261093620     
         187         188   2.3781179004133559     
         188         189   1.3551223377635948     
         187         190  0.17090352428116773     
         189         190   2.4714111942768744     
         187         191   1.3533790182801324     
          97         192   1.2196031656625044     
         188         192  0.17132568141047211     
         191         192   2.4762291104446184     
         156         193   1.2223256676906520     
         193         194   1.2841043930021265     
         194         195   1.2685768747927288     
         195         196   1.5815485649310581     
         196         197   1.2621253005469750     
         194         198   1.2510060007440320     
         197         198   1.2190157491346481     
         197         199   1.3503803370522134     
         199         200   1.0272013108196443     
         200         201   1.4189303150681525     
         201         202   1.0178019924191430     
         201         203   1.4378984797662204     
         203         204   1.4305653827304616     
         204         205   1.0095882120809123     
         204         206   1.4339763470593367     
         200         207   1.4217070925866351     
         206         207   1.4345348370392681     
         207         208   1.0178706677930422     
         199         209   1.3853707373420594     
         209         210   1.1626944880127119     
         210         211   1.6923809861717685     
         209         212   1.3475567706051161     
         211         213   1.1672542497110545     
         212         213   1.4171081721857623     
         160         214   1.2307285334518483     
         213         214   1.2812632618223383     
         214         215   1.2813018554372941     
         215         216   1.2704241462815908     
         216         217   1.5798450199160958     
         217         218   1.2630558035093087     
         215         219   1.2515989245541632     
         218         219   1.2200104001500103     
         218         220   1.3484449918865258     
         220         221   1.0271832077388872     
         221         222   1.4212428197728586     
         222         223   1.0178293899702930     
         222         224   1.4350132716103288     
         224         225   1.4335108746632532     
         225         226   1.0095797703789582     
         225         227   1.4310436728121150     
         221         228   1.4194011556883019     
         227         228   1.4374327130468967     
         228         229   1.0178369759215742     
         220         230   1.3866576527260859     
         230         231   1.1615848636655273     
         231         232   1.6941415946368972     
         193         233   1.2851113471659306     
         232         233   1.1660235513894375     
         230         234   1.3481220226567860     
         233         234   1.4147308212524985     
         195         235  0.99843867251478924     
         196         236   1.0007062219172684     
         198         237  0.96052352876880587     
         202         238  0.99197623412106717     
         202         239  0.99277044413987514     
         202         240  0.99626498762133020     
         203         241  0.99392058351333390     
         205         242  0.99898866494970007     
         205         243  0.99668640060508651     
         205         244  0.98725096506401833     
         206         245  0.99360989422875734     
         208         246  0.99203371536705176     
         208         247  0.99627825362761901     
         208         248  0.99262837790095970     
         210         249   1.0011230932048019     
         211         250  0.99948327928368863     
         216         251  0.99835292523004593     
         217         252   1.0005436770997922     
         219         253  0.96062228542098915     
         223         254  0.99627178413581630     
         223         255  0.99275663962530369     
         223         256  0.99192868215984131     
         224         257  0.99363532528443332     
         226         258  0.99868421506330107     
         226         259  0.98725439685109950     
         226         260  0.99699688344520243     
         227         261  0.99390065741896283     
         229         262  0.99210007220203689     
         229         263  0.99628604644162710     
         229         264  0.99265378165258999     
         231         265   1.0012766868618590     
         232         266  0.99953523326317051     
         162         267   1.2309846268706168     
         267         268   1.2806843785791380     
         268         269   1.2706656405700187     
         269         270   1.5796251035271092     
         270         271   1.2633284210273530     
         268         272   1.2518866027730358     
         271         272   1.2194952335112730     
         271         273   1.3486618321958936     
         273         274   1.0271783783522608     
         274         275   1.4188528063986268     
         275         276   1.0178128788329655     
         275         277   1.4379976400546390     
         277         278   1.4304777681978165     
         278         279   1.0095649667731950     
         278         280   1.4340677405734217     
         274         281   1.4218156313854762     
         280         281   1.4344268757905487     
         281         282   1.0178757671134755     
         273         283   1.3868111000604462     
         283         284   1.1624153227819813     
         284         285   1.6927549042304020     
         283         286   1.3468776031363985     
         285         287   1.1671830961654603     
         286         287   1.4173349962044492     
         166         288   1.2306363932952704     
         287         288   1.2810995771563403     
         288         289   1.2810369214266908     
         289         290   1.2705079000246027     
         290         291   1.5798701888011506     
         291         292   1.2631901874254676     
         289         293   1.2518165230958511     
         292         293   1.2195581081173525     
         292         294   1.3487673378507914     
         294         295   1.0271820925388164     
         295         296   1.4212964249225373     
         296         297   1.0178422835829646     
         296         298   1.4350282099448695     
         298         299   1.4334718290894961     
         299         300   1.0095588672386666     
         299         301   1.4310869720774360     
         295         302   1.4193671063303686     
         301         302   1.4373954151733923     
         302         303   1.0178458493787710     
         294         304   1.3867354701658758     
         304         305   1.1624455783303589     
         305         306   1.6926310803945799     
         267         307   1.2809492027061546     
         306         307   1.1672629384916300     
         304         308   1.3469132714021894     
         307         308   1.4172826831014527     
         269         309  0.99842649874517975     
         270         310   1.0006992267519970     
         272         311  0.96055799650194684     
         276         312  0.99193610700372559     
         276         313  0.99281021978344497     
         276         314  0.99626945375007536     
         277         315  0.99393678327477863     
         279         316  0.99903646442558713     
         279         317  0.99662776255769947     
         279         318  0.98732506369503614     
         280         319  0.99361443541014938     
         282         320  0.99203385413500855     
         282         321  0.99629032516686789     
         282         322  0.99262550705975694     
         284         323   1.0011993561260011     
         285         324  0.99952908235696669     
         290         325  0.99837517504992135     
         291         326   1.0006420038474328     
         293         327  0.96058737470814759     
         297         328  0.99628103439037963     
         297         329  0.99274916282618275     
         297         330  0.99193641531188492     
         298         331  0.99366288966370142     
         300         332  0.99865260912118392     
         300         333  0.98728613184222480     
         300         334  0.99705529892936118     
         301         335  0.99389018214271418     
         303         336  0.99210460571589698     
         303         337  0.99628379913645349     
         303         338  0.99261499986160728     
         305         339   1.0012584775645610     
         306         340  0.99956831928238976     
         168         341   1.2303784500841062     
         341         342   1.2813853484929256     
         342         343   1.2704075393544323     
         343         344   1.5802513702385235     
         344         345   1.2629640309193908     
         342         346   1.2515836165786165     
         345         346   1.2198798211933981     
         345         347   1.3488946424285626     
         347         348   1.0271400398964095     
         348         349   1.4188818721028813     
         349         350   1.0178084993310905     
         349         351   1.4379528404267869     
         351         352   1.4305275762839436     
         352         353   1.0095875039185942     
         352         354   1.4340036302110493     
         348         355   1.4217550062636650     
         354         355   1.4344945692237605     
         355         356   1.0178664528814148     
         347         357   1.3865889359752193     
         357         358   1.1622484157878727     
         358         359   1.6930527500814188     
         357         360   1.3474243247833022     
         359         361   1.1670593489654972     
         360         361   1.4168853219979916     
         172         362   1.2299831270565991     
         361         362   1.2816926089903151     
         362         363   1.2816175852000840     
         363         364   1.2702139259233023     
         364         365   1.5804849204147200     
         365         366   1.2628115578151831     
         363         367   1.2516202451328167     
         366         367   1.2197600248401703     
         366         368   1.3492193247074824     
         368         369   1.0271448491869710     
         369         370   1.4212612470807224     
         370         371   1.0178361172135202     
         370         372   1.4350573771649717     
         372         373   1.4334474715887104     
         373         374   1.0095794128916495     
         373         375   1.4310990070355054     
         369         376   1.4193691893674407     
         375         376   1.4373859384406820     
         376         377   1.0178387231475710     
         368         378   1.3862945775688431     
         378         379   1.1623457972830631     
         379         380   1.6928719599930708     
         341         381   1.2815924467812940     
         380         381   1.1671835089232290     
         378         382   1.3475500363218595     
         381         382   1.4168181246956246     
         343         383  0.99836834034004518     
         344         384   1.0006415893772049     
         346         385  0.96052375810507851     
         350         386  0.99194017870100704     
         350         387  0.99278825913253221     
         350         388  0.99625499649035265     
         351         389  0.99391772219519148     
         353         390  0.99898387519768006     
         353         391  0.99665497067168751     
         353         392  0.98729566862882745     
         354         393  0.99360654558476458     
         356         394  0.99203187579480612     
         356         395  0.99627378465045879     
         356         396  0.99261433118625086     
         358         397   1.0012049732546928     
         359         398  0.99949905641172476     
         364         399  0.99835791787190753     
         365         400   1.0006416270143561     
         367         401  0.96053065174845764     
         371         402  0.99626251293544799     
         371         403  0.99275138279927344     
         371         404  0.99191845908055998     
         372         405  0.99365035852789074     
         374         406  0.99862502542816667     
         374         407  0.98727080585697780     
         374         408  0.99704445698424982     
         375         409  0.99387499773001819     
         377         410  0.99209312576891173     
         377         411  0.99626667059958685     
         377         412  0.99260682034104308     
         379         413   1.0012092130493773     
         380         414  0.99950225865110620     
         174         415   1.2299621529446287     
         415         416   1.2816391549500090     
         416         417   1.2701877125379271     
         417         418   1.5805243495069006     
         418         419   1.2627910581872361     
         416         420   1.2515941660121919     
         419         420   1.2197257029372850     
         419         421   1.3492796914834499     
         421         422   1.0271458082202254     
         422         423   1.4189382046331385     
         423         424   1.0178088166628085     
         423         425   1.4378825725419941     
         425         426   1.4305969855783578     
         426         427   1.0095906549344784     
         426         428   1.4339311766695695     
         422         429   1.4216913621529239     
         428         429   1.4345667374948685     
         429         430   1.0178658160359635     
         421         431   1.3862252542964406     
         431         432   1.1623464091589173     
         432         433   1.6928685151477605     
         431         434   1.3476253401787148     
         433         435   1.1671962768470840     
         434         435   1.4167933629508864     
         178         436   1.2303329932089397     
         435         436   1.2816339958580887     
         436         437   1.2814253202381660     
         437         438   1.2703937775952507     
         438         439   1.5802817374531652     
         439         440   1.2629454511817553     
         437         441   1.2516021132396193     
         440         441   1.2199253522784086     
         440         442   1.3488808320122030     
         442         443   1.0271382828511049     
         443         444   1.4212444562560853     
         444         445   1.0178352101537349     
         444         446   1.4350765726175156     
         446         447   1.4334285350276170     
         447         448   1.0095804626013352     
         447         449   1.4311174151958177     
         443         450   1.4193901347345961     
         449         450   1.4373657641390050     
         450         451   1.0178385130825007     
         442         452   1.3866120098459089     
         452         453   1.1622444319804657     
         453         454   1.6930654025495253     
         415         455   1.2817081014057718     
         454         455   1.1670461128944360     
         452         456   1.3474110763985210     
         455         456   1.4168541687405529     
         417         457  0.99835488531989258     
         418         458   1.0006232052765169     
         420         459  0.96052762186132301     
         424         460  0.99195289115401863     
         424         461  0.99277252789129100     
         424         462  0.99625531196951078     
         425         463  0.99391073316015588     
         427         464  0.99894471709081234     
         427         465  0.99670862699470641     
         427         466  0.98727640378023773     
         428         467  0.99361173016137438     
         430         468  0.99205374331491059     
         430         469  0.99627273534223182     
         430         470  0.99259291726795063     
         432         471   1.0012216723732905     
         433         472  0.99950311919799051     
         438         473  0.99836873134933823     
         439         474   1.0006572891925869     
         441         475  0.96052731622605081     
         445         476  0.99626075064869124     
         445         477  0.99276721386583189     
         445         478  0.99190370735576927     
         446         479  0.99365170340009668     
         448         480  0.99861482353132369     
         448         481  0.98726631489816763     
         448         482  0.99705676621398553     
         449         483  0.99387388497848750     
         451         484  0.99207320833390011     
         451         485  0.99626626149016961     
         451         486  0.99262527016752578     
         453         487   1.0011908934061713     
         454         488  0.99949718227931805     
         180         489   1.2305661529887655     
         489         490   1.2810594265499633     
         490         491   1.2704466336336888     
         491         492   1.5799561723383277     
         492         493   1.2631480895982545     
         490         494   1.2518133714754318     
         493         494   1.2194810040725153     
         493         495   1.3489075378313977     
         495         496   1.0271821665123204     
         496         497   1.4190225615016794     
         497         498   1.0178178227005270     
         497         499   1.4377949159914774     
         499         500   1.4306801042535888     
         500         501   1.0095684500714093     
         500         502   1.4338610820120814     
         496         503   1.4216399757856855     
         502         503   1.4346326434500534     
         503         504   1.0178709203802545     
         495         505   1.3866048480554445     
         505         506   1.1624725080018774     
         506         507   1.6925956568242038     
         505         508   1.3470099664025323     
         507         509   1.1672978923151356     
         508         509   1.4172724978104352     
         184         510   1.2310507896218308     
         509         510   1.2809564691871789     
         510         511   1.2807044623135673     
         511         512   1.2707026544348692     
         512         513   1.5796149995673892     
         513         514   1.2633354039221076     
         511         515   1.2518756649294578     
         514         515   1.2195911939241193     
         514         516   1.3485739786569637     
         516         517   1.0271775560389982     
         517         518   1.4212377676633063     
         518         519   1.0178420563645358     
         518         520   1.4350947155919012     
         520         521   1.4334066497557487     
         521         522   1.0095571463275868     
         521         523   1.4311534236316910     
         517         524   1.4194307384690394     
         523         524   1.4373233787361002     
         524         525   1.0178452671366418     
         516         526   1.3868871673889229     
         526         527   1.1623839637519375     
         527         528   1.6928016872984286     
         489         529   1.2811622981301971     
         528         529   1.1671552766196307     
         526         530   1.3468630479746073     
         529         530   1.4172874092212100     
         491         531  0.99837867732773899     
         492         532   1.0006223235918312     
         494         533  0.96058255718511631     
         498         534  0.99196876139064549     
         498         535  0.99277262481889816     
         498         536  0.99627314802782918     
         499         537  0.99391940541167734     
         501         538  0.99891313216407396     
         501         539  0.99678204704420093     
         501         540  0.98729156548117014     
         502         541  0.99363272523867185     
         504         542  0.99207085707060105     
         504         543  0.99629091440815165     
         504         544  0.99259360142884001     
         506         545   1.0012694925352315     
         507         546  0.99956606915656487     
         512         547  0.99842533216652385     
         513         548   1.0007126640082538     
         515         549  0.96056421847358819     
         519         550  0.99627442916952191     
         519         551  0.99278639229701804     
         519         552  0.99190353672012477     
         520         553  0.99366894176677079     
         522         554  0.99861007985344463     
         522         555  0.98729598193172219     
         522         556  0.99708982805336532     
         523         557  0.99388560156212180     
         525         558  0.99207484721072492     
         525         559  0.99628457635192358     
         525         560  0.99263600076065794     
         527         561   1.0011902539542492     
         528         562  0.99952449119286912     
         186         563   1.2309339084917472     
         563         564   1.2811256966754685     
         564         565   1.2705142352774499     
         565         566   1.5796810101791716     
         566         567   1.2632063198207633     
         564         568   1.2516540797782714     
         567         568   1.2198627747810424     
         567         569   1.3483369643275853     
         569         570   1.0272075719677538     
         570         571   1.4193077361322777     
         571         572   1.0177876917276294     
         571         573   1.4375127952122528     
         573         574   1.4309490497625008     
         574         575   1.0095771248936161     
         574         576   1.4335924957070723     
         570         577   1.4213368143484830     
         576         577   1.4349292910759155     
         577         578   1.0178856662049300     
         569         579   1.3868318101516655     
         579         580   1.1618088801138680     
         580         581   1.6937376544811260     
         579         582   1.3476566625120581     
         581         583   1.1663227122185489     
         582         583   1.4154758185857066     
         190         584   1.2245439154164188     
         583         584   1.2840608022924969     
         584         585   1.2829944182913648     
         585         586   1.2691325534341504     
         586         587   1.5809370719476032     
         587         588   1.2625224712010981     
         585         589   1.2513814771396612     
         588         589   1.2190119492845017     
         588         590   1.3499274880532401     
         590         591   1.0272223786860242     
         591         592   1.4210210529337299     
         592         593   1.0178198890144015     
         592         594   1.4353042386210833     
         594         595   1.4332078496589526     
         595         596   1.0095660277924225     
         595         597   1.4313563656582957     
         591         598   1.4196194484071709     
         597         598   1.4371131033402351     
         598         599   1.0178555171900250     
         590         600   1.3857705213915681     
         600         601   1.1627108329099847     
         601         602   1.6923584900207680     
         563         603   1.2810006034949510     
         602         603   1.1672677659421344     
         600         604   1.3472004324961648     
         603         604   1.4173280527918519     
         565         605  0.99835591846348470     
         566         606   1.0005489397251925     
         568         607  0.96063396214408547     
         572         608  0.99189790461331107     
         572         609  0.99287184757356084     
         572         610  0.99628048360804478     
         573         611  0.99390432863866363     
         575         612  0.99875850545951561     
         575         613  0.99693318954946353     
         575         614  0.98726554323245175     
         576         615  0.99364483167314177     
         578         616  0.99211919141007066     
         578         617  0.99627913189774875     
         578         618  0.99255602166646795     
         580         619   1.0012972720765156     
         581         620  0.99955651148858038     
         586         621  0.99847648369585584     
         587         622   1.0007344083799925     
         589         623  0.96054541650824987     
         593         624  0.99627311968322063     
         593         625  0.99278540816587524     
         593         626  0.99191355033361694     
         594         627  0.99367603489677980     
         596         628  0.99847976135974004     
         596         629  0.98728607102686949     
         596         630  0.99719711357507301     
         597         631  0.99387005692844987     
         599         632  0.99209477561343451     
         599         633  0.99627742805819519     
         599         634  0.99261249779851535     
         601         635   1.0011175137074131     
         602         636  0.99950059858850615     
