           2           3   1.3805308959782938     
           3           4   1.1982719266565298     
           4           5   1.6377102361821951     
           5           6   1.2083412680130496     
           1           7  0.59689471145735107     
           3           7   1.2769671288681830     
           6           7   1.2565846147675073     
           6           8   1.3787671507356751     
           8           9   1.0287776711914733     
           9          10   1.4212362881472802     
          10          11   1.0188937567527994     
          10          12   1.4356284288324921     
          12          13   1.4320618291701785     
          13          14   1.0080440785600360     
          13          15   1.4327484414035068     
           9          16   1.4220090569588861     
          15          16   1.4348495378323356     
          16          17   1.0189458992801903     
           8          18   1.3681413617321079     
          18          19   1.2223395965725763     
          19          20   1.6113918959014939     
           1          21  0.59287897150339242     
          18          21   1.2498315993210061     
          20          22   1.2306447642259732     
          21          22   1.3056444173147452     
          22          23   1.2770840524999867     
          23          24   1.2769935699897854     
          24          25   1.2306266535921724     
          25          26   1.6113508101953165     
          26          27   1.2223868183331146     
           1          28  0.59297000486943241     
          24          28   1.3057390764252024     
          27          28   1.2497303862381974     
          27          29   1.3682230740670593     
          29          30   1.0288618343526958     
          30          31   1.4179485022122154     
          31          32   1.0189084175661889     
          31          33   1.4398064040405805     
          33          34   1.4277802888343778     
          34          35   1.0079094734823351     
          34          36   1.4371829134444254     
          30          37   1.4252469409721698     
          36          37   1.4306597282611531     
          37          38   1.0189397318457682     
          29          39   1.3786002505184842     
          39          40   1.2083481331325543     
          40          41   1.6376861249580452     
           2          42   1.3804312565595447     
          41          42   1.1982690860013674     
           1          43  0.59670437190105963     
          39          43   1.2566635764857730     
          42          43   1.2770885291046754     
           2          44  0.99937285125117714     
           4          45  0.99614323053050047     
           5          46   1.0030095576512050     
          11          47  0.99350754745200454     
          11          48  0.99483634408237975     
          11          49  0.99742868546738928     
          12          50  0.99476575413033252     
          14          51  0.99938953781533013     
          14          52  0.98859791310906941     
          14          53  0.99902823745138347     
          15          54  0.99472640378501298     
          17          55  0.99292085612548842     
          17          56  0.99750331534252656     
          17          57  0.99516348088917894     
          19          58   1.0018234531027863     
          20          59   1.0011612216018861     
          25          60   1.0011213830214483     
          26          61   1.0018152397658726     
          32          62  0.99547020820731991     
          32          63  0.99742611644404899     
          32          64  0.99266375314490030     
          33          65  0.99519081259835107     
          35          66  0.99417071717933891     
          35          67   1.0016207357139935     
          35          68  0.99135886345821511     
          36          69  0.99431551443363531     
          38          70  0.99342617244742171     
          38          71  0.99490288377539360     
          38          72  0.99743386871923989     
          40          73   1.0030239817486624     
          41          74  0.99614405527863259     
          76          77   1.3805136917811225     
          77          78   1.1982616810141269     
          78          79   1.6377193547483930     
          79          80   1.2083358500852610     
          75          81  0.59686472860188933     
          77          81   1.2769941092620827     
          80          81   1.2565823189880794     
          80          82   1.3787658644162266     
          82          83   1.0287707080486233     
          83          84   1.4212191338514972     
          84          85   1.0188988186643220     
          84          86   1.4356442380402565     
          86          87   1.4320525444926409     
          87          88   1.0080423432207566     
          87          89   1.4327630463064009     
          83          90   1.4220339642020581     
          89          90   1.4348266760624266     
          90          91   1.0189408648747438     
          82          92   1.3681527869417878     
          92          93   1.2223372213861765     
          93          94   1.6114008332830354     
          75          95  0.59290249180965260     
          92          95   1.2498068752887668     
          94          96   1.2306176470191557     
          95          96   1.3056955782561686     
          96          97   1.2770991738927493     
          97          98   1.2769685720656929     
          98          99   1.2306870999868693     
          99         100   1.6113293895630851     
         100         101   1.2223786355641821     
          75         102  0.59292101314913048     
          98         102   1.3056458256388641     
         101         102   1.2498160699306706     
         101         103   1.3681796263610706     
         103         104   1.0288495376404827     
         104         105   1.4179297550306518     
         105         106   1.0189150814259544     
         105         107   1.4398169596904116     
         107         108   1.4277726596955216     
         108         109   1.0079097753640427     
         108         110   1.4371901549016501     
         104         111   1.4252738871810362     
         110         111   1.4306438332171350     
         111         112   1.0189391993730181     
         103         113   1.3786365945874881     
         113         114   1.2083351721645466     
         114         115   1.6377134304742531     
          76         116   1.3804497882386304     
         115         116   1.1982520360827058     
          75         117  0.59670423686899998     
         113         117   1.2566516030211221     
         116         117   1.2770933891884664     
          76         118  0.99937296521157648     
          78         119  0.99614300937126632     
          79         120   1.0030098613703171     
          85         121  0.99350941313503216     
          85         122  0.99483551887573396     
          85         123  0.99742759662120206     
          86         124  0.99476532894737613     
          88         125  0.99939184760903232     
          88         126  0.98859919458905587     
          88         127  0.99902518423979059     
          89         128  0.99472532434839545     
          91         129  0.99291488029278230     
          91         130  0.99750729219446832     
          91         131  0.99516419800100397     
          93         132   1.0018216528389905     
          94         133   1.0011347942164077     
          99         134   1.0011529335981517     
         100         135   1.0018145460738184     
         106         136  0.99546858890935930     
         106         137  0.99742515538253351     
         106         138  0.99266408294272168     
         107         139  0.99519192476583551     
         109         140  0.99416819810403723     
         109         141   1.0016220659316104     
         109         142  0.99136005775386216     
         110         143  0.99431704660038034     
         112         144  0.99342262211379939     
         112         145  0.99490118164424901     
         112         146  0.99743947061196958     
         114         147   1.0030270638924539     
         115         148  0.99614357309868329     
          23         150   1.2418856760467745     
         149         150   2.4737760359510808     
         149         151   1.3447088528404254     
          97         152   1.2418577933495527     
         150         152  0.17166057706029825     
         151         152   2.4739736849993585     
