           1           2   1.3737722862195203     
           2           3   1.2392218601200093     
           3           4   1.6007168889233609     
           4           5   1.2493065903940559     
           2           6   1.2295235088717587     
           5           6   1.2319147032915501     
           5           7   1.3407841188377116     
           7           8   1.3675712434023997     
           8           9   1.1595117687113912     
           9          10   1.6956662000337488     
           8          11   1.3566112652504989     
          10          12   1.1638579934090394     
          11          12   1.4120610978047692     
          12          13   1.2891584291063141     
          13          14   1.2892552498376779     
          14          15   1.2641295553114371     
          15          16   1.5875968105068456     
          16          17   1.2555841455341625     
          17          18   1.3454071528693179     
          18          19   1.0558539290869671     
          19          20   1.4158962714112415     
          20          21   1.4651930138358429     
          21          22   1.4009220818050518     
          22          23   1.0397024776509509     
          23          24   1.2103804750367444     
          23          25   1.8177663028161835     
          24          25  0.18405038991527761     
          22          26   1.4005099984410088     
          19          27   1.4169775708203780     
          26          27   1.4635205951309045     
          18          28   1.3543807854438075     
          28          29   1.1517916027090713     
          29          30   1.7087252509083322     
           1          31   1.3863832033016450     
          30          31   1.1460507525001991     
          28          32   1.3840246999611161     
          31          32   1.3735044012161093     
          14          33   1.2492478895282568     
          17          33   1.2228267955890397     
           7          34   1.0537982956085916     
          34          35   1.4178913719438972     
          35          36   1.4626770341252180     
          36          37   1.4010453449486642     
          37          38   1.0394826934708417     
          38          39   1.2101049391252181     
          38          40   1.8184361962186633     
          39          40  0.18409713208524189     
          37          41   1.4011606177870659     
          34          42   1.4170703124429893     
          41          42   1.4650280212394589     
           1          43  0.99521245537518976     
           3          44  0.99174540129036948     
           4          45  0.99819666049243216     
           6          46  0.96040199201519727     
           9          47  0.99781569242215407     
          10          48  0.99832884606558381     
          15          49  0.99726386074732543     
          16          50  0.99733673613469098     
          20          51  0.98739829027856407     
          21          52  0.98487915281161842     
          24          53  0.94247140217569902     
          26          54  0.98542274491266046     
          27          55  0.98772430565731573     
          29          56  0.99867215237650209     
          30          57  0.99228660400385726     
          33          58  0.95925586011761521     
          35          59  0.98750082647570570     
          36          60  0.98536789684059467     
          39          61  0.94244974338633059     
          41          62  0.98489168372219782     
          42          63  0.98751631754495339     
          64          65   1.3736274177337389     
          65          66   1.2392692780860504     
          66          67   1.6005930939502448     
          67          68   1.2493537377979287     
          65          69   1.2295819224423237     
          68          69   1.2318503226295319     
          68          70   1.3407512472387311     
          70          71   1.3672585058688242     
          71          72   1.1595311146022229     
          72          73   1.6955554946967755     
          71          74   1.3568276662397416     
          73          75   1.1639407723813264     
          74          75   1.4117665673659328     
          75          76   1.2892339954478726     
          76          77   1.2892230238831370     
          77          78   1.2643191796832154     
          78          79   1.5872895451728191     
          79          80   1.2557520089084466     
          80          81   1.3451024767652373     
          81          82   1.0560008795218228     
          82          83   1.4158267263250266     
          83          84   1.4652243086066208     
          84          85   1.4008898653435538     
          85          86   1.0396908761803536     
          86          87   1.2104311226819380     
          86          88   1.8177093768641917     
          87          88  0.18405606434306818     
          85          89   1.4004849094023299     
          82          90   1.4168934234873216     
          89          90   1.4635619494677403     
          81          91   1.3544536358007444     
          91          92   1.1517245607740905     
          92          93   1.7087789054817646     
          64          94   1.3864300488311172     
          93          94   1.1460170921672694     
          91          95   1.3839903206066626     
          94          95   1.3734708855076445     
          77          96   1.2491535807242180     
          80          96   1.2229009881836681     
          70          97   1.0541518576570457     
          97          98   1.4179299991836118     
          98          99   1.4626307739594844     
          99         100   1.4011083061223246     
         100         101   1.0394890410270654     
         101         102   1.2102451368673677     
         101         103   1.8182904768374617     
         102         103  0.18411049256998227     
         100         104   1.4010074828015513     
          97         105   1.4167125959218170     
         104         105   1.4652271078753603     
          64         106  0.99519940828789333     
          66         107  0.99174342610719735     
          67         108  0.99818492167328554     
          69         109  0.96041081268200157     
          72         110  0.99781686842667416     
          73         111  0.99835270053967695     
          78         112  0.99727274714712622     
          79         113  0.99735464789252626     
          83         114  0.98739807752430409     
          84         115  0.98488458672840862     
          87         116  0.94245902142236593     
          89         117  0.98542293428707717     
          90         118  0.98773866670221611     
          92         119  0.99866759827693330     
          93         120  0.99228177327991751     
          96         121  0.95927120331871574     
          98         122  0.98751448831745592     
          99         123  0.98537580291079552     
         102         124  0.94242733780394816     
         104         125  0.98489684041388348     
         105         126  0.98754656560856280     
          13         127   1.2171143465933132     
         127         128   2.4677291093774869     
         128         129   1.3603267890725517     
         127         130  0.16826864984166526     
         129         130   2.3478740152962732     
         130         131   1.3887263387244444     
         129         132  0.16238862413161903     
         131         132   2.3460355795936492     
         132         133   1.3631165073112972     
         131         134  0.16752056007435875     
         133         134   2.4615863618604039     
         135         136   2.4542328610504085     
         136         137   1.3693377507610627     
         135         138  0.16649920778853516     
         137         138   2.3369088238703037     
         138         139   1.3964134594323956     
         137         140  0.16100079508809670     
         139         140   2.3368891646763292     
         140         141   1.3694879311713621     
         139         142  0.16655210833391229     
         141         142   2.4541294120777293     
         143         144   2.4548206165224808     
         144         145   1.3689095235324997     
         143         146  0.16675708233162642     
         145         146   2.3377444283003985     
         146         147   1.3958371944723365     
         145         148  0.16128496593264241     
         147         148   2.3378168750311525     
         148         149   1.3688143511017108     
         147         150  0.16682198412467811     
         149         150   2.4551115014823246     
         151         152   2.4550483360160977     
         152         153   1.3688237375196362     
         151         154  0.16679713098550228     
         153         154   2.3377924281141831     
         154         155   1.3958598954512031     
         153         156  0.16126462437425690     
         155         156   2.3376854864764756     
         156         157   1.3689584416399365     
         155         158  0.16674556723739425     
         157         158   2.4547690168185916     
         159         160   2.4538962210806754     
         160         161   1.3696062179908097     
         159         162  0.16649580151317625     
         161         162   2.3367197799722694     
         162         163   1.3964887872816074     
         161         164  0.16091366577517857     
         163         164   2.3367533049980067     
         164         165   1.3694478252395925     
         163         166  0.16641799252531089     
         165         166   2.4540167422475081     
         167         168   2.4615890481791332     
         168         169   1.3629331164420564     
         167         170  0.16744590615186877     
         169         170   2.3461933980250960     
         170         171   1.3885142340658083     
         169         172  0.16235621590018348     
         171         172   2.3481104556944770     
         172         173   1.3600849221113389     
          76         174   1.2169597391934288     
         171         174  0.16821850545480568     
         173         174   2.4678981697278677     
         134         175   1.2226680189957866     
         175         176   1.2816629310739520     
         176         177   1.2695511736584482     
         177         178   1.5795892261354485     
         178         179   1.2619723588776155     
         176         180   1.2509338262202352     
         179         180   1.2217563442020012     
         179         181   1.3370719423279942     
         181         182   1.3718574705823339     
         182         183   1.1604574173790612     
         183         184   1.6927685211600549     
         182         185   1.3522672867196215     
         184         186   1.1665676127587270     
         185         186   1.4157890088710037     
         135         187   1.2287607553536453     
         186         187   1.2824508289177912     
         187         188   1.2796381274575801     
         188         189   1.2711167313852947     
         189         190   1.5780004683517148     
         190         191   1.2628904957558080     
         191         192   1.3352182164855104     
         192         193   1.0521019490017096     
         193         194   1.4176474412449644     
         194         195   1.4648870736102537     
         195         196   1.4012016489362684     
         196         197   1.0392582419135836     
         197         198   1.2105406398753122     
         197         199   1.8179580398965631     
         198         199  0.18402646476971535     
         196         200   1.4012248963241385     
         193         201   1.4190556631469013     
         200         201   1.4622547558927903     
         192         202   1.3735091260750760     
         202         203   1.1594188699562147     
         203         204   1.6945168620658300     
         175         205   1.2852629437718421     
         204         205   1.1653679113494446     
         202         206   1.3523850991772588     
         205         206   1.4143114463557198     
         188         207   1.2512012619995767     
         191         207   1.2226073526268251     
         181         208   1.0525098543856539     
         208         209   1.4174595679064985     
         209         210   1.4646519772161422     
         210         211   1.4013194304548320     
         211         212   1.0392977778299635     
         212         213   1.2109036477644393     
         212         214   1.8175712939054043     
         213         214  0.18404593146146864     
         211         215   1.4010487972726378     
         208         216   1.4189376496588928     
         215         216   1.4626689489567655     
         177         217  0.99755150044413698     
         178         218  0.99809291840308190     
         180         219  0.96069151010120613     
         183         220  0.99847639912406783     
         184         221  0.99859144452870874     
         189         222  0.99748718683146642     
         190         223  0.99807788214902016     
         194         224  0.98763151024266327     
         195         225  0.98504481248866427     
         198         226  0.94259446284024162     
         200         227  0.98536053318282912     
         201         228  0.98747123603535669     
         203         229  0.99850475122331317     
         204         230  0.99857960953788538     
         207         231  0.96075035944866582     
         209         232  0.98749071657319221     
         210         233  0.98502354753552956     
         213         234  0.94255782200409044     
         215         235  0.98537859560205421     
         216         236  0.98764515524061358     
         142         237   1.2288302780027689     
         237         238   1.2792913359536509     
         238         239   1.2711731974291927     
         239         240   1.5782203700497623     
         240         241   1.2628338254685731     
         238         242   1.2513692339647398     
         241         242   1.2222871746482267     
         241         243   1.3356476929056262     
         243         244   1.3729611747457169     
         244         245   1.1601868853067836     
         245         246   1.6931144020927347     
         244         247   1.3518327394769600     
         246         248   1.1664745513020838     
         247         248   1.4158765078315318     
         143         249   1.2283920703040789     
         248         249   1.2825206068692585     
         249         250   1.2796577416709451     
         250         251   1.2710107652660005     
         251         252   1.5783578168122692     
         252         253   1.2627271822055983     
         253         254   1.3360199493286538     
         254         255   1.0520158284837249     
         255         256   1.4177191744639954     
         256         257   1.4648833738618672     
         257         258   1.4011875698303109     
         258         259   1.0392498304486810     
         259         260   1.2105554437033808     
         259         261   1.8179260413423670     
         260         261  0.18403053359582849     
         258         262   1.4012366071413735     
         255         263   1.4190990267901342     
         262         263   1.4622247853099517     
         254         264   1.3730220143772176     
         264         265   1.1601306087515413     
         265         266   1.6932067167523641     
         237         267   1.2824832180061236     
         266         267   1.1664802238403142     
         264         268   1.3519031083477615     
         267         268   1.4158318126554705     
         250         269   1.2512952394133414     
         253         269   1.2221072784748777     
         243         270   1.0525951129257221     
         270         271   1.4173749150787471     
         271         272   1.4647120992990146     
         272         273   1.4012522028264156     
         273         274   1.0392746071841876     
         274         275   1.2108679985209447     
         274         276   1.8175866169231933     
         275         276  0.18404691618699917     
         273         277   1.4010464389513604     
         270         278   1.4189085243873432     
         277         278   1.4626614072206827     
         239         279  0.99753221647624524     
         240         280  0.99806634851214704     
         242         281  0.96077473474488850     
         245         282  0.99851769252481593     
         246         283  0.99859758692155631     
         251         284  0.99752992208226965     
         252         285  0.99812805360399037     
         256         286  0.98762535523910566     
         257         287  0.98504779985072544     
         260         288  0.94262105760037262     
         262         289  0.98537421566597327     
         263         290  0.98747300192865783     
         265         291  0.99851878200213640     
         266         292  0.99860961697079664     
         269         293  0.96077047889074108     
         271         294  0.98748172913787924     
         272         295  0.98500391470254567     
         275         296  0.94259867878896375     
         277         297  0.98541155701249772     
         278         298  0.98767049385969075     
         150         299   1.2281731161795673     
         299         300   1.2799457823434357     
         300         301   1.2708900506824998     
         301         302   1.5787981963654167     
         302         303   1.2624867696395730     
         300         304   1.2511491515357103     
         303         304   1.2224655015247727     
         303         305   1.3360257047453299     
         305         306   1.3725210916229420     
         306         307   1.1601596171587583     
         307         308   1.6931059576665122     
         306         309   1.3523418683658799     
         308         310   1.1665570300199435     
         309         310   1.4155293925459413     
         151         311   1.2282156284704924     
         310         311   1.2827297114975893     
         311         312   1.2800505639286037     
         312         313   1.2708792314351989     
         313         314   1.5787024043500029     
         314         315   1.2624882012698937     
         315         316   1.3361907711498899     
         316         317   1.0518520125779973     
         317         318   1.4178483408605422     
         318         319   1.4647986139412283     
         319         320   1.4012598190118208     
         320         321   1.0392139415605492     
         321         322   1.2105547562953776     
         321         323   1.8179994791860630     
         322         323  0.18405034355827310     
         320         324   1.4012460050890325     
         317         325   1.4191019399512257     
         324         325   1.4622252884521441     
         316         326   1.3729455456000645     
         326         327   1.1600225652206120     
         327         328   1.6934657940227549     
         299         329   1.2829592023418377     
         328         329   1.1663585548171209     
         326         330   1.3522310125301074     
         329         330   1.4155495857093026     
         312         331   1.2511210009558036     
         315         331   1.2223641495942152     
         305         332   1.0526755702905006     
         332         333   1.4173810601297223     
         333         334   1.4646784324322932     
         334         335   1.4012967470752833     
         335         336   1.0392361885464692     
         336         337   1.2108877364780046     
         336         338   1.8176505225309814     
         337         338  0.18407101938509343     
         335         339   1.4010510035935928     
         332         340   1.4188174160999150     
         339         340   1.4626885131698601     
         301         341  0.99748030182666914     
         302         342  0.99802530814519219     
         304         343  0.96077550509283804     
         307         344  0.99851089219819877     
         308         345  0.99859057015279751     
         313         346  0.99750971537852973     
         314         347  0.99812846188861504     
         318         348  0.98760480067644840     
         319         349  0.98502671342715442     
         322         350  0.94260275599384069     
         324         351  0.98536719789078453     
         325         352  0.98746110266767551     
         327         353  0.99849333226011139     
         328         354  0.99857511107906605     
         331         355  0.96074363140821517     
         333         356  0.98747505379121248     
         334         357  0.98498094283086390     
         337         358  0.94257788571939649     
         339         359  0.98540407670769958     
         340         360  0.98766959755685124     
         158         361   1.2284301424473458     
         361         362   1.2795428513246510     
         362         363   1.2710463404678942     
         363         364   1.5784037968112652     
         364         365   1.2627402330548800     
         362         366   1.2513467186784453     
         365         366   1.2222041596426640     
         365         367   1.3358197733404327     
         367         368   1.3725754860973256     
         368         369   1.1602851077339469     
         369         370   1.6928084468811717     
         368         371   1.3519896323054754     
         370         372   1.1666826769434251     
         371         372   1.4158029222004622     
         159         373   1.2289799467206908     
         372         373   1.2822412284207796     
         373         374   1.2792051007960614     
         374         375   1.2712710868566270     
         375         376   1.5779741128009916     
         376         377   1.2629257015851618     
         377         378   1.3357395011982649     
         378         379   1.0520317315265821     
         379         380   1.4177698220846435     
         380         381   1.4648514891624838     
         381         382   1.4012010906550707     
         382         383   1.0392535287035427     
         383         384   1.2104987395908153     
         383         385   1.8179566485120096     
         384         385  0.18403233344725270     
         382         386   1.4011912046532948     
         379         387   1.4190311936517865     
         386         387   1.4622802801317287     
         378         388   1.3732187210914126     
         388         389   1.1600821712006992     
         389         390   1.6933643576387971     
         361         391   1.2826279334386472     
         390         391   1.1663594862236091     
         388         392   1.3517890987504386     
         391         392   1.4158387870677587     
         374         393   1.2513908882476870     
         377         393   1.2221293875143471     
         367         394   1.0529076327454454     
         394         395   1.4173891739950617     
         395         396   1.4646777194419305     
         396         397   1.4012883492544863     
         397         398   1.0392780977849512     
         398         399   1.2108083481399641     
         398         400   1.8176291276011978     
         399         400  0.18405021270805313     
         397         401   1.4009424393448695     
         394         402   1.4186197908980349     
         401         402   1.4628145047465499     
         363         403  0.99748752725472467     
         364         404  0.99802584048459153     
         366         405  0.96080056589867624     
         369         406  0.99854361720781382     
         370         407  0.99863876427364795     
         375         408  0.99756644660011540     
         376         409  0.99816339325641323     
         380         410  0.98761627744696412     
         381         411  0.98503340210552615     
         384         412  0.94264105506325024     
         386         413  0.98539592616187743     
         387         414  0.98748898275574637     
         389         415  0.99849693358516833     
         390         416  0.99860205056023221     
         393         417  0.96075424860812975     
         395         418  0.98749650671949596     
         396         419  0.98499723795478022     
         399         420  0.94261615728258696     
         401         421  0.98542255126662714     
         402         422  0.98769208069602821     
         166         423   1.2289424435405658     
         423         424   1.2793714642156035     
         424         425   1.2712367032899663     
         425         426   1.5778827613021025     
         426         427   1.2629724625408969     
         424         428   1.2512237830326416     
         427         428   1.2226841722205153     
         427         429   1.3349034166722036     
         429         430   1.3728436061036180     
         430         431   1.1595893506863497     
         431         432   1.6940057413816003     
         430         433   1.3526455279752034     
         432         434   1.1656557238597538     
         433         434   1.4139594011648817     
         167         435   1.2225883152209236     
         434         435   1.2852231073388196     
         435         436   1.2814255733024784     
         436         437   1.2698339633193316     
         437         438   1.5790237156825728     
         438         439   1.2622514519051247     
         439         440   1.3367152637991151     
         440         441   1.0524776908642348     
         441         442   1.4177404033914556     
         442         443   1.4648659409974092     
         443         444   1.4012102433647713     
         444         445   1.0393600995944152     
         445         446   1.2103322693241716     
         445         447   1.8180085510377353     
         446         447  0.18402003104485368     
         444         448   1.4010495382557744     
         441         449   1.4186830542079616     
         448         449   1.4624631090154749     
         440         450   1.3721368550890651     
         450         451   1.1603743257688506     
         451         452   1.6929333157671898     
         423         453   1.2824353344346930     
         452         453   1.1664952904318333     
         450         454   1.3520738934444718     
         453         454   1.4158817095606178     
         436         455   1.2508543724361683     
         439         455   1.2217206931690754     
         429         456   1.0532423940797677     
         456         457   1.4172728523440792     
         457         458   1.4647625858844600     
         458         459   1.4012220152057071     
         459         460   1.0393628142213358     
         460         461   1.2106749396484522     
         460         462   1.8176521436176762     
         461         462  0.18403843022250024     
         459         463   1.4008617816190205     
         456         464   1.4183920002205606     
         463         464   1.4629183369501044     
         425         465  0.99747014401646628     
         426         466  0.99797109036003429     
         428         467  0.96080983082787885     
         431         468  0.99855130722940089     
         432         469  0.99862547618850839     
         437         470  0.99761135267112744     
         438         471  0.99820018529934285     
         442         472  0.98762571509075470     
         443         473  0.98502121042993918     
         446         474  0.94265876938027349     
         448         475  0.98540062117628624     
         449         476  0.98749962421961701     
         451         477  0.99842751128492346     
         452         478  0.99856466112805142     
         455         479  0.96067386623594830     
         457         480  0.98749600431029905     
         458         481  0.98497729025961056     
         461         482  0.94263521150740470     
         463         483  0.98543853231849687     
         464         484  0.98771872352352907     
