           2           3   1.3803890623325017     
           3           4   1.1989585903473226     
           4           5   1.6372575102075297     
           5           6   1.2062519734668684     
           1           7  0.60030414836028534     
           3           7   1.2751966267389394     
           6           7   1.2600454900310427     
           6           8   1.3668865915118400     
           8           9   1.3542187092509770     
           9          10   1.2226232025580417     
          10          11   1.6092539752580701     
           1          12  0.59802075071709804     
           9          12   1.2537739883402019     
          11          13   1.2342139552283440     
          12          13   1.3030688308252045     
          13          14   1.2796113996010106     
          14          15   1.2780368282137406     
          15          16   1.2353957103036040     
          16          17   1.6069829137856342     
          17          18   1.2237618875457223     
          18          19   1.3508847152823915     
          19          20   1.0570715674323017     
          20          21   1.4163957715532904     
          21          22   1.4670170215461344     
          22          23   1.3971375083579003     
          23          24   1.0430647232187005     
          24          25   1.2071061763226028     
          24          26   1.8120948800991028     
          25          26  0.18179920256379584     
          23          27   1.3958012127088348     
          20          28   1.4170787646137910     
          27          28   1.4658037361754062     
          19          29   1.3663490618247953     
          29          30   1.2064656291949671     
          30          31   1.6372505143531713     
           2          32   1.3803051704184566     
          31          32   1.1989045719179221     
           1          33  0.60050058114933391     
          29          33   1.2601019935641191     
          32          33   1.2751479366321274     
           1          34  0.59949061077584553     
          15          34   1.3018355241889352     
          18          34   1.2549483195548148     
           8          35   1.0505266402467599     
          35          36   1.4184252698482716     
          36          37   1.4663681755461104     
          37          38   1.3972797468646607     
          38          39   1.0428209449276014     
          39          40   1.2071715638240268     
          39          41   1.8123203052810783     
          40          41  0.18189177301872705     
          38          42   1.3969619513219746     
          35          43   1.4207193577000949     
          42          43   1.4641466666289986     
           2          44  0.99835383948504908     
           4          45  0.99509678245431499     
           5          46   1.0006524500385983     
          10          47  0.99985752483499579     
          11          48  0.99790146151664616     
          16          49  0.99779069430135525     
          17          50  0.99951233255317284     
          21          51  0.98950171195456549     
          22          52  0.98687969487332727     
          25          53  0.94575742460338041     
          27          54  0.98659699871667517     
          28          55  0.98922847963002081     
          30          56   1.0003894801804487     
          31          57  0.99505344257976680     
          36          58  0.98917637629093558     
          37          59  0.98675695487871373     
          40          60  0.94578046603635568     
          42          61  0.98681367237459339     
          43          62  0.98936120113203041     
          64          65   1.3803863690389844     
          65          66   1.1989616803856911     
          66          67   1.6372523806442922     
          67          68   1.2062555357664670     
          63          69  0.60031653914942085     
          65          69   1.2751944545060385     
          68          69   1.2600404661775280     
          68          70   1.3668855106391395     
          70          71   1.3542166714802293     
          71          72   1.2226243224451228     
          72          73   1.6092530581301205     
          63          74  0.59803352347863914     
          71          74   1.2537721377206372     
          73          75   1.2342156891599436     
          74          75   1.3030629698668346     
          75          76   1.2796145737319866     
          76          77   1.2780344700167452     
          77          78   1.2354012333456921     
          78          79   1.6069758704860033     
          79          80   1.2237669046993562     
          80          81   1.3508820016700105     
          81          82   1.0570710651257691     
          82          83   1.4163963248179572     
          83          84   1.4670165108616477     
          84          85   1.3971380316231805     
          85          86   1.0430640866077905     
          86          87   1.2071063497946521     
          86          88   1.8120957025585156     
          87          88  0.18179937163104545     
          85          89   1.3958015258176883     
          82          90   1.4170789544007647     
          89          90   1.4658035306338963     
          81          91   1.3663531126092867     
          91          92   1.2064676799807026     
          92          93   1.6372485413306808     
          64          94   1.3803060829562803     
          93          94   1.1989056072999926     
          63          95  0.60051307692434641     
          91          95   1.2600949839171760     
          94          95   1.2751452539936226     
          63          96  0.59950182012756270     
          77          96   1.3018311981481596     
          80          96   1.2549440568108607     
          70          97   1.0505319566077360     
          97          98   1.4184277118609407     
          98          99   1.4663643111933329     
          99         100   1.3972856696003202     
         100         101   1.0428225359640593     
         101         102   1.2071660925232310     
         101         103   1.8123991663333392     
         102         103  0.18189351010414576     
         100         104   1.3969712709903002     
          97         105   1.4207225603333569     
         104         105   1.4641441144887826     
          64         106  0.99835355523017444     
          66         107  0.99509654855122753     
          67         108   1.0006517397867956     
          72         109  0.99985710670122296     
          73         110  0.99790101323721692     
          78         111  0.99779092763740929     
          79         112  0.99951233868966916     
          83         113  0.98950163801219648     
          84         114  0.98687964896563030     
          87         115  0.94575719511292067     
          89         116  0.98659698659252337     
          90         117  0.98922840923049993     
          92         118   1.0003894035724861     
          93         119  0.99505338940761290     
          98         120  0.98917752949777027     
          99         121  0.98675767387627922     
         102         122  0.94578080101858197     
         104         123  0.98681070092097734     
         105         124  0.98936180646603566     
          14         125   1.2320180843640456     
          76         126   1.2320176392493012     
         125         126   2.5915391550480882     
