           1           2   1.3682144460567585     
           2           3   1.2382724033953589     
           3           4   1.5951303835773469     
           4           5   1.2423310176996263     
           2           6   1.2281223383596820     
           5           6   1.2190004076484737     
           5           7   1.3678834832478188     
           7           8   1.3965323020285825     
           8           9   1.1538208197709015     
           9          10   1.6905435170208476     
           8          11   1.3431945874129623     
          10          12   1.1659543281119296     
          11          12   1.4223093705447127     
          12          13   1.2734008732462785     
          13          14   1.2756503877158933     
          14          15   1.2716045259697686     
          15          16   1.5732974438739258     
          16          17   1.2534117819407451     
          14          18   1.2491031732086852     
          17          18   1.2173351396689900     
          17          19   1.3608974704139367     
          19          20   1.3940511788484886     
          20          21   1.1427985088706467     
          21          22   1.7099503178468805     
           1          23   1.3756703298093704     
          22          23   1.1436675911249716     
          20          24   1.3645449508511109     
          23          24   1.3810477117309106     
           1          25  0.99642400995245706     
           3          26  0.99419658141500655     
           4          27  0.99438737995664828     
           6          28  0.96240344173853731     
           7          29  0.99685216407714006     
           9          30  0.99415218841189601     
          10          31   1.0008779363632494     
          15          32  0.99954881580963995     
          16          33  0.99380970339092234     
          18          34  0.96144920883848173     
          19          35  0.99689785042811951     
          21          36  0.99500985441939804     
          22          37  0.99490244896128732     
          38          39   1.3682503472579093     
          39          40   1.2382362358353669     
          40          41   1.5951681183068687     
          41          42   1.2423159801859684     
          39          43   1.2281279356970307     
          42          43   1.2189834323452615     
          42          44   1.3679310004755492     
          44          45   1.3964520250751695     
          45          46   1.1537849659128054     
          46          47   1.6906162153501030     
          45          48   1.3433067326780397     
          47          49   1.1659068359368250     
          48          49   1.4221084917961839     
          49          50   1.2737491971277537     
          50          51   1.2757887211239674     
          51          52   1.2714517530255227     
          52          53   1.5734532932075671     
          53          54   1.2533476791606701     
          51          55   1.2491368000485503     
          54          55   1.2172862487557061     
          54          56   1.3610016056691643     
          56          57   1.3940021447559223     
          57          58   1.1428352588897068     
          58          59   1.7099390074282235     
          38          60   1.3756634952287567     
          59          60   1.1436483664992947     
          57          61   1.3645354681950934     
          60          61   1.3810878616135900     
          38          62  0.99641808057964021     
          40          63  0.99419259053698106     
          41          64  0.99438268234919691     
          43          65  0.96242280372564559     
          44          66  0.99684987702552852     
          46          67  0.99415211684927951     
          47          68   1.0008471018222420     
          52          69  0.99954817746203906     
          53          70  0.99379829762936067     
          55          71  0.96146543815313856     
          56          72  0.99689431634997694     
          58          73  0.99500474423834195     
          59          74  0.99489951729884674     
          13          76   1.2365283943306691     
          75          76   2.4762625062231640     
          75          77   1.3421326602246493     
          76          78  0.17496072065917653     
          77          78   2.4734083730526266     
          79          80   2.4738048091768210     
          79          81   1.3417093471563237     
          50          82   1.2360118427570141     
          80          82  0.17496135429629159     
          81          82   2.4767387444343347     
          78          83   1.2405867413104152     
          83          84   1.2690034636262304     
          84          85   1.2750658737285288     
          85          86   1.5680911950103411     
          86          87   1.2591242918522558     
          84          88   1.2526275840482557     
          87          88   1.2144570672218429     
          87          89   1.3560051036369660     
          89          90   1.4083196282970802     
          90          91   1.1530623041943604     
          91          92   1.6914031176815973     
          90          93   1.3359579878751611     
          92          94   1.1662221375149961     
          93          94   1.4268665095834554     
          80          95   1.2401484800472087     
          94          95   1.2695120413073377     
          95          96   1.2693016467303462     
          96          97   1.2749317454380875     
          97          98   1.5682072324290282     
          98          99   1.2590498841282090     
          96         100   1.2525501839905815     
          99         100   1.2144367228998918     
          99         101   1.3560720817560152     
         101         102   1.4082583936497719     
         102         103   1.1530945737260840     
         103         104   1.6913256487153234     
          83         105   1.2694395224365733     
         104         105   1.1662590980055960     
         102         106   1.3359709976930167     
         105         106   1.4269381880809617     
          85         107   1.0000405639167238     
          86         108  0.99442187683611361     
          88         109  0.96178094802087433     
          89         110  0.99736812606348579     
          91         111  0.99477638401947199     
          92         112   1.0011969105828029     
          97         113  0.99999261702199138     
          98         114  0.99442287235065430     
         100         115  0.96178401545341774     
         101         116  0.99736924902984014     
         103         117  0.99477853576909059     
         104         118   1.0011733147914903     
