           1           2   1.3754852650916363     
           2           3   1.2388595469104309     
           3           4   1.6017245011267127     
           4           5   1.2499656618350419     
           2           6   1.2295576152362655     
           5           6   1.2277721016077940     
           5           7   1.3545494586188780     
           7           8   1.0271350012094995     
           8           9   1.4202522021162614     
           9          10   1.0177304844520358     
           9          11   1.4359323264844472     
          11          12   1.4324711506811185     
          12          13   1.0096064399248152     
          12          14   1.4319797414813493     
           8          15   1.4201214715033601     
          14          15   1.4363452750190226     
          15          16   1.0177360118612684     
           7          17   1.3812851857621851     
          17          18   1.1616777354029313     
          18          19   1.6946950017727149     
          17          20   1.3515854156695910     
          19          21   1.1648759458101954     
          20          21   1.4132753725220177     
          21          22   1.2876537455151980     
          22          23   1.2911682249681107     
          23          24   1.2637922190965851     
          24          25   1.5886605034319878     
          25          26   1.2557938132818338     
          23          27   1.2493355467241154     
          26          27   1.2192496295113300     
          26          28   1.3593840588658765     
          28          29   1.0275686096703798     
          29          30   1.4200118082376330     
          30          31   1.0176951095018980     
          30          32   1.4361843495602478     
          32          33   1.4321379376435028     
          33          34   1.0096216796667592     
          33          35   1.4322537216163032     
          29          36   1.4200129386356033     
          35          36   1.4361096715375841     
          36          37   1.0177480218488089     
          28          38   1.3691409585438461     
          38          39   1.1539948521007741     
          39          40   1.7080540054800901     
           1          41   1.3842362744590813     
          40          41   1.1468540269546510     
          38          42   1.3774839676812467     
          41          42   1.3752470008359732     
           1          43  0.99642616065789358     
           3          44  0.99294750829213685     
           4          45   1.0008067123295026     
           6          46  0.96113627464026452     
          10          47  0.99220148365485417     
          10          48  0.99623324348617193     
          10          49  0.99255304578067827     
          11          50  0.99368373307584279     
          13          51  0.98728186579295774     
          13          52  0.99796095733988499     
          13          53  0.99753246684450869     
          14          54  0.99378201859241977     
          16          55  0.99225693581140051     
          16          56  0.99628688853719538     
          16          57  0.99249343900978537     
          18          58   1.0005787564955329     
          19          59  0.99939515382305977     
          24          60  0.99818013222769442     
          25          61  0.99991303720500668     
          27          62  0.95978097395829665     
          31          63  0.99627152216422388     
          31          64  0.99192719891524739     
          31          65  0.99278460939930768     
          32          66  0.99373113310466377     
          34          67  0.99789067074499027     
          34          68  0.98713116642474519     
          34          69  0.99775605798782763     
          35          70  0.99371513435851000     
          37          71  0.99628391667150251     
          37          72  0.99268446299553981     
          37          73  0.99204219516045766     
          39          74   1.0014902838124442     
          40          75  0.99344019503804459     
          76          77   1.3753788874666988     
          77          78   1.2389399936539538     
          78          79   1.6015014447541704     
          79          80   1.2501034931386745     
          77          81   1.2295387210228241     
          80          81   1.2275649998528899     
          80          82   1.3544110950225430     
          82          83   1.0271497104731604     
          83          84   1.4204029266951739     
          84          85   1.0177146264588632     
          84          86   1.4358981219782205     
          86          87   1.4324596485824101     
          87          88   1.0095827091139320     
          87          89   1.4320030841208073     
          83          90   1.4200121844121845     
          89          90   1.4363551935567531     
          90          91   1.0177709888409201     
          82          92   1.3813601610665391     
          92          93   1.1619582101548809     
          93          94   1.6941060216916755     
          92          95   1.3510942088685995     
          94          96   1.1652615288612074     
          95          96   1.4138518065389714     
          96          97   1.2867660617967975     
          97          98   1.2896075907844300     
          98          99   1.2644267672310365     
          99         100   1.5878542147753958     
         100         101   1.2562971704665964     
          98         102   1.2497583550951150     
         101         102   1.2190867332999518     
         101         103   1.3588536942260823     
         103         104   1.0275881237897213     
         104         105   1.4199002940623355     
         105         106   1.0176863763333581     
         105         107   1.4362700630556864     
         107         108   1.4320750152943171     
         108         109   1.0096030589622724     
         108         110   1.4323229039553895     
         104         111   1.4201569322700747     
         110         111   1.4360119980956954     
         111         112   1.0177627766380262     
         103         113   1.3695328813572816     
         113         114   1.1540652215647575     
         114         115   1.7079292950221756     
          76         116   1.3839926053528175     
         115         116   1.1468994503426144     
         113         117   1.3770285205745827     
         116         117   1.3754302910283502     
          76         118  0.99644617033390359     
          78         119  0.99297579212086473     
          79         120   1.0008568376367175     
          81         121  0.96118690007911511     
          85         122  0.99213848114468439     
          85         123  0.99626623498566924     
          85         124  0.99267319632165241     
          86         125  0.99372548275633055     
          88         126  0.98728632651204951     
          88         127  0.99794777097474519     
          88         128  0.99760126238134206     
          89         129  0.99377045832265132     
          91         130  0.99228561014014349     
          91         131  0.99627839323972567     
          91         132  0.99242938294153271     
          93         133   1.0006028377283549     
          94         134  0.99939254944853961     
          99         135  0.99827816189113527     
         100         136  0.99993731216676396     
         102         137  0.95981272242883808     
         106         138  0.99628675119299326     
         106         139  0.99191897171704346     
         106         140  0.99280804678952139     
         107         141  0.99373937687366987     
         109         142  0.99791266896270270     
         109         143  0.98716487782429529     
         109         144  0.99775171653875405     
         110         145  0.99373326719808019     
         112         146  0.99629556239303552     
         112         147  0.99269503331007902     
         112         148  0.99203883438942786     
         114         149   1.0015009727792761     
         115         150  0.99348041855072988     
         151         152   2.3794168973539667     
         152         153   1.3518450348870341     
          22         154   1.2181682202849351     
         151         154  0.17097976272144350     
         153         154   2.4774076995225247     
         151         155   1.3536257236822413     
         152         156  0.17053312141087870     
         155         156   2.4725311618645951     
         157         158   2.3667887225850190     
         158         159   1.3628435979577957     
         157         160  0.16967097570256340     
         159         160   2.4623481793104194     
         157         161   1.3629864044140281     
         158         162  0.16970618995645720     
         161         162   2.4622393526021793     
         163         164   2.3672972918576338     
         164         165   1.3626872180385867     
         163         166  0.16998369527874796     
         165         166   2.4627255373347339     
         163         167   1.3626436332424359     
         164         168  0.17003990795326510     
         167         168   2.4629311680798072     
         169         170   2.3673788939285201     
         170         171   1.3625844626039783     
         169         172  0.17003949355015369     
         171         172   2.4629958466319066     
         169         173   1.3626515414603946     
         170         174  0.17000557792327495     
         173         174   2.4627676028191812     
         175         176   2.3666188945919364     
         176         177   1.3630932605459369     
         175         178  0.16970592154651826     
         177         178   2.4621215768412643     
         175         179   1.3629867801837887     
         176         180  0.16964154854790181     
         179         180   2.4621134294783209     
         181         182   2.3768517799982751     
         182         183   1.3558484582713932     
         181         184  0.17047529764138397     
         183         184   2.4700824768278369     
         181         185   1.3540408335199821     
          97         186   1.2204178658862266     
         182         186  0.17086877731355077     
         185         186   2.4749425505569858     
         156         187   1.2231143692993622     
         187         188   1.2832782784997145     
         188         189   1.2690430929926189     
         189         190   1.5805638172148446     
         190         191   1.2626535196380222     
         188         192   1.2511738522323632     
         191         192   1.2183990763691566     
         191         193   1.3501694393330439     
         193         194   1.0272597134465609     
         194         195   1.4190363579906293     
         195         196   1.0178020504274785     
         195         197   1.4378488063451784     
         197         198   1.4305725219028638     
         198         199   1.0095209457905918     
         198         200   1.4339859824454866     
         194         201   1.4217119207705893     
         200         201   1.4345386062236838     
         201         202   1.0179190867386851     
         193         203   1.3853556378125755     
         203         204   1.1628923108337503     
         204         205   1.6918244707347272     
         203         206   1.3470807426512592     
         205         207   1.1676154613657435     
         206         207   1.4173808057602892     
         160         208   1.2317133497345922     
         207         208   1.2805455412078843     
         208         209   1.2803938851674757     
         209         210   1.2710358966664979     
         210         211   1.5787738920773775     
         211         212   1.2636675862163886     
         209         213   1.2517837979531614     
         212         213   1.2197914233196205     
         212         214   1.3475110842599474     
         214         215   1.0272255348411192     
         215         216   1.4211706665125534     
         216         217   1.0178467435758050     
         216         218   1.4350716460437689     
         218         219   1.4334531889897619     
         219         220   1.0095144146607655     
         219         221   1.4311167840279679     
         215         222   1.4196140715697614     
         221         222   1.4373129694397959     
         222         223   1.0178630164016169     
         214         224   1.3874686914306278     
         224         225   1.1618547215711226     
         225         226   1.6936219356636495     
         187         227   1.2841360697295552     
         226         227   1.1662181788553125     
         224         228   1.3470025629483793     
         227         228   1.4154785112722421     
         189         229  0.99856459965316369     
         190         230   1.0007108623562120     
         192         231  0.96065552273004673     
         196         232  0.99227167160678764     
         196         233  0.99250348476079819     
         196         234  0.99633547309892234     
         197         235  0.99397120356326307     
         199         236  0.99908503147815386     
         199         237  0.99678345775008415     
         199         238  0.98725535171915280     
         200         239  0.99365654937381853     
         202         240  0.99226035788124933     
         202         241  0.99632534768175551     
         202         242  0.99245647058085906     
         204         243   1.0012769488058892     
         205         244  0.99956993037856490     
         210         245  0.99843513274515583     
         211         246   1.0007002569826255     
         213         247  0.96069770495437756     
         217         248  0.99631036338642942     
         217         249  0.99273387971517169     
         217         250  0.99200127062184573     
         218         251  0.99367238521474188     
         220         252  0.99878120000796444     
         220         253  0.98726218305118185     
         220         254  0.99708541790393290     
         221         255  0.99396473235525407     
         223         256  0.99180482251196489     
         223         257  0.99635116689621117     
         223         258  0.99297964334808719     
         225         259   1.0012757528268608     
         226         260  0.99966834813640248     
         162         261   1.2317969118354872     
         261         262   1.2798611956571722     
         262         263   1.2710177115280177     
         263         264   1.5787749788569772     
         264         265   1.2639170808179030     
         262         266   1.2521670056781047     
         265         266   1.2189363942110780     
         265         267   1.3483227582073856     
         267         268   1.0273068981403233     
         268         269   1.4189190942660468     
         269         270   1.0178114742358084     
         269         271   1.4379391532370791     
         271         272   1.4305059424097601     
         272         273   1.0094956827946682     
         272         274   1.4340663566831213     
         268         275   1.4218092158284477     
         274         275   1.4344267956080903     
         275         276   1.0179073777908287     
         267         277   1.3870053571399050     
         277         278   1.1627128657297965     
         278         279   1.6922970264766419     
         277         280   1.3461702892263210     
         279         281   1.1673226031141588     
         280         281   1.4178817983341789     
         166         282   1.2314704717548219     
         281         282   1.2805153116137598     
         282         283   1.2802749544873979     
         283         284   1.2708983674168606     
         284         285   1.5790241281496564     
         285         286   1.2637666728432577     
         283         287   1.2520727549488140     
         286         287   1.2191973935530891     
         286         288   1.3481564244654949     
         288         289   1.0272848951423783     
         289         290   1.4212277638214330     
         290         291   1.0178544325735572     
         290         292   1.4350636105426628     
         292         293   1.4334298658909579     
         293         294   1.0094896292391105     
         293         295   1.4311602522761353     
         289         296   1.4195244921438293     
         295         296   1.4372847294750397     
         296         297   1.0178628430976580     
         288         298   1.3872530595677153     
         298         299   1.1628054090709625     
         299         300   1.6921535537301269     
         261         301   1.2802592483655348     
         300         301   1.1673617829130498     
         298         302   1.3459097097916448     
         301         302   1.4180317634043700     
         263         303  0.99856478427867279     
         264         304   1.0006958427341064     
         266         305  0.96070904524958334     
         270         306  0.99219998863470349     
         270         307  0.99256693296979948     
         270         308  0.99632868510986017     
         271         309  0.99397960909906979     
         273         310  0.99909436941878538     
         273         311  0.99672228897103277     
         273         312  0.98736401239186811     
         274         313  0.99366360038338097     
         276         314  0.99211518752359773     
         276         315  0.99634076897233403     
         276         316  0.99258474368356342     
         278         317   1.0012878487413326     
         279         318  0.99961821380436833     
         284         319  0.99849409380849363     
         285         320   1.0007342413044416     
         287         321  0.96070336476947238     
         291         322  0.99632628282195990     
         291         323  0.99261387930562528     
         291         324  0.99210208078867668     
         292         325  0.99370041661033182     
         294         326  0.99872406081267229     
         294         327  0.98732791226479988     
         294         328  0.99713084159419696     
         295         329  0.99394603770150991     
         297         330  0.99183845047425900     
         297         331  0.99633999670628670     
         297         332  0.99290928854700489     
         299         333   1.0012583823288068     
         300         334  0.99967605329405895     
         168         335   1.2312578056019505     
         335         336   1.2805407507392137     
         336         337   1.2707223096838802     
         337         338   1.5793928785807856     
         338         339   1.2635716792428395     
         336         340   1.2519539562461770     
         339         340   1.2192672163383842     
         339         341   1.3485148242903855     
         341         342   1.0272907975089671     
         342         343   1.4188983667669006     
         343         344   1.0178133431414775     
         343         345   1.4379260795506887     
         345         346   1.4305280898634953     
         346         347   1.0095071427488556     
         346         348   1.4340400656109664     
         342         349   1.4218143892238346     
         348         349   1.4344429445352072     
         349         350   1.0178912294416760     
         341         351   1.3868789076988695     
         351         352   1.1627155408030090     
         352         353   1.6924039583598083     
         351         354   1.3464229674054975     
         353         355   1.1672475150417105     
         354         355   1.4177149192951655     
         172         356   1.2312304446344031     
         355         356   1.2807950562382657     
         356         357   1.2806074527445881     
         357         358   1.2707239049558809     
         358         359   1.5793962512441879     
         359         360   1.2635583970362776     
         357         361   1.2519483112246250     
         360         361   1.2193151044660040     
         360         362   1.3485043787544859     
         362         363   1.0272900638835754     
         363         364   1.4212557330145084     
         364         365   1.0178390858620061     
         364         366   1.4350569083132458     
         366         367   1.4334259072143454     
         367         368   1.0094974029083921     
         367         369   1.4311597759718999     
         363         370   1.4194571412313250     
         369         370   1.4373069642346281     
         370         371   1.0178632375223584     
         362         372   1.3868898613420784     
         372         373   1.1627038386313464     
         373         374   1.6924106527603060     
         335         375   1.2808262271951620     
         374         375   1.1672449647702385     
         372         376   1.3464153791208846     
         375         376   1.4176673263809552     
         337         377  0.99850918544349143     
         338         378   1.0006827193261283     
         340         379  0.96067389263730629     
         344         380  0.99218997426230049     
         344         381  0.99256411125213173     
         344         382  0.99631744919410625     
         345         383  0.99396381980493775     
         347         384  0.99903976344119116     
         347         385  0.99672591306385316     
         347         386  0.98738181715537676     
         348         387  0.99366121044302058     
         350         388  0.99197861455314396     
         350         389  0.99632960249083791     
         350         390  0.99270749197495500     
         352         391   1.0012533302189988     
         353         392  0.99961836297337869     
         358         393  0.99850599165010168     
         359         394   1.0007030968200266     
         361         395  0.96067776330878152     
         365         396  0.99632233780393942     
         365         397  0.99255187226034680     
         365         398  0.99214790924714302     
         366         399  0.99369886371784522     
         368         400  0.99867956147781678     
         368         401  0.98735452337256235     
         368         402  0.99712211873342704     
         369         403  0.99392912947006651     
         371         404  0.99190369240389353     
         371         405  0.99632240617760282     
         371         406  0.99283659277972336     
         373         407   1.0012414194445325     
         374         408  0.99961426503376705     
         174         409   1.2314245544675395     
         409         410   1.2803164674089487     
         410         411   1.2708545023397542     
         411         412   1.5790870433722120     
         412         413   1.2637380761498587     
         410         414   1.2520492091266642     
         413         414   1.2191296924521462     
         413         415   1.3482586370674459     
         415         416   1.0272854992932030     
         416         417   1.4189148925916093     
         417         418   1.0178326153945618     
         417         419   1.4378861390279503     
         419         420   1.4305836721304053     
         420         421   1.0094872926208676     
         420         422   1.4339985902310997     
         416         423   1.4218335206312427     
         422         423   1.4344679764250101     
         423         424   1.0178885932628390     
         415         425   1.3871484048278262     
         425         426   1.1628322132228248     
         426         427   1.6921167799125008     
         425         428   1.3460005018627013     
         427         429   1.1673973083274456     
         428         429   1.4180399738195464     
         178         430   1.2318682395984997     
         429         430   1.2802178878577077     
         430         431   1.2799259847082094     
         431         432   1.2710444282328603     
         432         433   1.5787743331510824     
         433         434   1.2639141801715250     
         431         435   1.2521578419029868     
         434         435   1.2190203064151670     
         434         436   1.3482725248857412     
         436         437   1.0273060817551616     
         437         438   1.4212739685934734     
         438         439   1.0178432700571944     
         438         440   1.4350791178442095     
         440         441   1.4333973699370168     
         441         442   1.0094795888437276     
         441         443   1.4311973842033179     
         437         444   1.4194560153934528     
         443         444   1.4372820270080637     
         444         445   1.0178719027070426     
         436         446   1.3870573609596994     
         446         447   1.1626846270577711     
         447         448   1.6923476019855177     
         409         449   1.2805385375374037     
         448         449   1.1672872035484458     
         446         450   1.3461536046961384     
         449         450   1.4178507886620282     
         411         451  0.99849303845584125     
         412         452   1.0007124493172468     
         414         453  0.96069823661121145     
         418         454  0.99217263181762405     
         418         455  0.99259524077249472     
         418         456  0.99631967479943229     
         419         457  0.99396236825156026     
         421         458  0.99898953811498048     
         421         459  0.99677547734464056     
         421         460  0.98742572047370536     
         422         461  0.99368118192634203     
         424         462  0.99187423598925062     
         424         463  0.99634842442525973     
         424         464  0.99281746215543920     
         426         465   1.0012712116443285     
         427         466  0.99967767075391456     
         432         467  0.99856045801649163     
         433         468   1.0007123043652923     
         435         469  0.96071044277047357     
         439         470  0.99633257747023918     
         439         471  0.99258811302360828     
         439         472  0.99212724998125090     
         440         473  0.99371577206496231     
         442         474  0.99864088146961572     
         442         475  0.98740907817070522     
         442         476  0.99714824503538502     
         443         477  0.99393013441809075     
         445         478  0.99205181206420989     
         445         479  0.99633463989083304     
         445         480  0.99270080509771474     
         447         481   1.0012740709289274     
         448         482  0.99961704470611745     
         180         483   1.2318986987401179     
         483         484   1.2801388279536146     
         484         485   1.2711380399188958     
         485         486   1.5786153418081246     
         486         487   1.2638166036201064     
         484         488   1.2518447530387260     
         487         488   1.2196182807300591     
         487         489   1.3474162369373699     
         489         490   1.0272562918851957     
         490         491   1.4192119417728037     
         491         492   1.0178137324069341     
         491         493   1.4376099648885661     
         493         494   1.4308650502647049     
         494         495   1.0094872958855989     
         494         496   1.4337119062500192     
         490         497   1.4215672213595312     
         496         497   1.4347742831960000     
         497         498   1.0179074675944388     
         489         499   1.3876145974754452     
         499         500   1.1620742152649663     
         500         501   1.6932002329039066     
         499         502   1.3465862355032026     
         501         503   1.1665395979028776     
         502         503   1.4161700731807689     
         184         504   1.2253601123282936     
         503         504   1.2831881745180911     
         504         505   1.2820627098040311     
         505         506   1.2696037816270460     
         506         507   1.5799486584640723     
         507         508   1.2630609116922313     
         505         509   1.2515862866090357     
         508         509   1.2183880760792269     
         508         510   1.3497203651786975     
         510         511   1.0272885363627355     
         511         512   1.4211960204462075     
         512         513   1.0178255043660500     
         512         514   1.4351952220232018     
         514         515   1.4332853409248811     
         515         516   1.0094754850387646     
         515         517   1.4313151082579765     
         511         518   1.4195511741845241     
         517         518   1.4371836141974645     
         518         519   1.0178953364603205     
         510         520   1.3857644644419858     
         520         521   1.1629090758810763     
         521         522   1.6918156979159857     
         483         523   1.2803714843175444     
         522         523   1.1676038176408028     
         520         524   1.3467053431718672     
         523         524   1.4175979129268990     
         485         525  0.99845168393273676     
         486         526   1.0006970611762820     
         488         527  0.96071858824163281     
         492         528  0.99199274413838201     
         492         529  0.99282643767675161     
         492         530  0.99631903939481004     
         493         531  0.99394735756905550     
         495         532  0.99880993214385183     
         495         533  0.99693898216673094     
         495         534  0.98743343014614449     
         496         535  0.99370106264132418     
         498         536  0.99195186591168549     
         498         537  0.99634612458455685     
         498         538  0.99274885677178581     
         500         539   1.0013055352708045     
         501         540  0.99967237911889406     
         506         541  0.99861786122977236     
         507         542   1.0007394861175112     
         509         543  0.96067585617907558     
         513         544  0.99634435125701626     
         513         545  0.99253503663111742     
         513         546  0.99219124682224080     
         514         547  0.99372613262482712     
         516         548  0.99852764012763728     
         516         549  0.98745953476167569     
         516         550  0.99720503237831526     
         517         551  0.99391604143433476     
         519         552  0.99219351058644467     
         519         553  0.99632116958209460     
         519         554  0.99257285513739624     
         521         555   1.0012654294546595     
         522         556  0.99957562508256748     
