           1           2   1.3721654812757220     
           2           3   1.2416545538915660     
           3           4   1.5964352016195724     
           4           5   1.2539916617814788     
           2           6   1.2295692678999375     
           5           6   1.2299664830900718     
           5           7   1.3394515261656041     
           7           8   1.0569313583136024     
           8           9   1.4090860822531499     
           9          10   1.4722978421669997     
          10          11   1.3755427858345985     
          11          12   1.1403333981907389     
          12          13  0.96588828274782512     
          12          14  0.96562302791351806     
          11          15   1.3753543643326669     
           8          16   1.4099049908968386     
          15          16   1.4715991362649012     
           7          17   1.3657133376948019     
          17          18   1.1643178876928533     
          18          19   1.6899569053257710     
          17          20   1.3560182089326278     
          19          21   1.1677925269381420     
          20          21   1.4142055816688877     
          21          22   1.2867201872110359     
          22          23   1.2870068435509874     
          23          24   1.2680115599890300     
          24          25   1.5826115426752025     
          25          26   1.2606127778726672     
          23          27   1.2504782574469691     
          26          27   1.2224440138820833     
          26          28   1.3431420071420153     
          28          29   1.0589379154007863     
          29          30   1.4080962197953772     
          30          31   1.4727779036840236     
          31          32   1.3749101318402566     
          32          33   1.1411872338636819     
          33          34  0.96538401730326528     
          33          35  0.96569124221055525     
          32          36   1.3747120948674028     
          29          37   1.4086843800342421     
          36          37   1.4723614912752518     
          28          38   1.3534415107667364     
          38          39   1.1558209688945029     
          39          40   1.7045182369230811     
           1          41   1.3846924676921539     
          40          41   1.1486019223000132     
          38          42   1.3828675444101231     
          41          42   1.3741057017925002     
           1          43  0.99621275678877208     
           3          44  0.99297340837023873     
           4          45  0.99904702932188705     
           6          46  0.96128437088571250     
           9          47  0.98903387096033202     
          10          48  0.99189892949966341     
          13          49  0.99947980697853112     
          13          50   1.0021821158271695     
          13          51   1.0026457400002433     
          14          52  0.99892125266805654     
          14          53   1.0029190187181936     
          14          54   1.0022449648255303     
          15          55  0.99181043881854147     
          16          56  0.98914178615848047     
          18          57  0.99874429900985462     
          19          58  0.99988912213003056     
          24          59  0.99872179493054702     
          25          60  0.99811931504635099     
          27          61  0.96035694751951850     
          30          62  0.98925346805821712     
          31          63  0.99204668612930380     
          34          64   1.0022243675726383     
          34          65  0.99860922012838582     
          34          66   1.0029274169069036     
          35          67   1.0028465618148741     
          35          68   1.0022225854187921     
          35          69  0.99930884700124478     
          36          70  0.99166739228586120     
          37          71  0.98895587578392108     
          39          72  0.99956897507646547     
          40          73  0.99343008491684315     
          74          75   1.3721519476059278     
          75          76   1.2416604492329180     
          76          77   1.5964123230389653     
          77          78   1.2540106570068508     
          75          79   1.2295774023306227     
          78          79   1.2299593220522005     
          78          80   1.3394253253719330     
          80          81   1.0571582133447690     
          81          82   1.4088938965635400     
          82          83   1.4724249629285207     
          83          84   1.3754955407981815     
          84          85   1.1403460842023334     
          85          86  0.96587615120622361     
          85          87  0.96564348088307383     
          84          88   1.3753697133481944     
          81          89   1.4098866513562229     
          88          89   1.4715971568432467     
          80          90   1.3655485041135578     
          90          91   1.1643293932341552     
          91          92   1.6898834895495989     
          90          93   1.3561193199418990     
          92          94   1.1678336006966115     
          93          94   1.4141305466448484     
          94          95   1.2867305035991896     
          95          96   1.2869297357158083     
          96          97   1.2680962718291793     
          97          98   1.5825082190340394     
          98          99   1.2606622126522624     
          96         100   1.2504742773462416     
          99         100   1.2225118588772199     
          99         101   1.3429930411483388     
         101         102   1.0590832677798729     
         102         103   1.4081015374012837     
         103         104   1.4727762088172025     
         104         105   1.3748959780372836     
         105         106   1.1412340453713203     
         106         107  0.96536729763834928     
         106         108  0.96568637055646034     
         105         109   1.3746384257108268     
         102         110   1.4085332868963023     
         109         110   1.4724547302834134     
         101         111   1.3534505935227779     
         111         112   1.1558289109215623     
         112         113   1.7045048585845446     
          74         114   1.3846584601864396     
         113         114   1.1486043996728550     
         111         115   1.3828319373167601     
         114         115   1.3741388165371498     
          74         116  0.99620416414425605     
          76         117  0.99297194269890132     
          77         118  0.99903297684899461     
          79         119  0.96128474731674762     
          82         120  0.98903232618292969     
          83         121  0.99187699313982103     
          86         122  0.99947534324465870     
          86         123   1.0021783367962671     
          86         124   1.0026360809540726     
          87         125  0.99891824917073213     
          87         126   1.0029287042573640     
          87         127   1.0022500425035790     
          88         128  0.99181580719029527     
          89         129  0.98915156711163532     
          91         130  0.99875502433028196     
          92         131  0.99990031020102066     
          97         132  0.99872268848239365     
          98         133  0.99812895153486902     
         100         134  0.96036645763728945     
         103         135  0.98925636666005212     
         104         136  0.99204996341201390     
         107         137   1.0022228537912659     
         107         138  0.99861828532584862     
         107         139   1.0029165706515859     
         108         140   1.0028427901755996     
         108         141   1.0022260426004539     
         108         142  0.99931246203495994     
         109         143  0.99165408017045253     
         110         144  0.98895639985474604     
         112         145  0.99955812508552855     
         113         146  0.99342854579112794     
          22         148   1.2218425491956573     
         147         148   2.4974603487668006     
         147         149   1.3310622110360306     
         148         150  0.18136425471372020     
         149         150   2.4946006812510020     
         151         152   2.4888595827794484     
         151         153   1.3358303449344260     
         152         154  0.18019432336691432     
         153         154   2.4889295869119010     
         155         156   2.4896916985417485     
         155         157   1.3352968206070135     
         156         158  0.18047966296002102     
         157         158   2.4898695031508349     
         159         160   2.4906898231347783     
         159         161   1.3346973843768604     
         160         162  0.18076939825799956     
         161         162   2.4907740599391750     
         163         164   2.4907741926271747     
         163         165   1.3346914156557634     
         164         166  0.18076610445492086     
         165         166   2.4907028848983033     
         167         168   2.4898768277462930     
         167         169   1.3352917736482151     
         168         170  0.18048312218315662     
         169         170   2.4897037034014025     
         171         172   2.4889887655651108     
         171         173   1.3357697319303192     
         172         174  0.18019975746244932     
         173         174   2.4890059305437782     
         175         176   2.4946393350685381     
         175         177   1.3310767331115967     
          95         178   1.2219240310596562     
         176         178  0.18137307552034837     
         177         178   2.4974291680674479     
         150         179   1.2258345743356334     
         179         180   1.2803711019185393     
         180         181   1.2729199602261143     
         181         182   1.5752421375718810     
         182         183   1.2670007915109487     
         180         184   1.2521564605681086     
         183         184   1.2220758266662788     
         183         185   1.3348197915521558     
         185         186   1.0580155627410617     
         186         187   1.4091246767127417     
         187         188   1.4723628451179027     
         188         189   1.3748428058474902     
         189         190   1.1406077330212834     
         190         191  0.96535219248064585     
         190         192  0.96608947721385952     
         189         193   1.3755216836968576     
         186         194   1.4090388186065754     
         193         194   1.4723112428259375     
         185         195   1.3693679125493774     
         195         196   1.1649909521410895     
         196         197   1.6881538172558483     
         195         198   1.3531105119972768     
         197         199   1.1698181665873264     
         198         199   1.4168024267566679     
         152         200   1.2295265361031962     
         199         200   1.2824478832769548     
         200         201   1.2795329607750361     
         201         202   1.2740608598109457     
         202         203   1.5742436109562266     
         203         204   1.2676740186935032     
         201         205   1.2518698178084438     
         204         205   1.2233767219000886     
         204         206   1.3325716764649740     
         206         207   1.0581238553288865     
         207         208   1.4091006139809998     
         208         209   1.4725328423609425     
         209         210   1.3748220981493686     
         210         211   1.1406120021632811     
         211         212  0.96621352200082045     
         211         213  0.96519779929302851     
         210         214   1.3755502527181058     
         207         215   1.4089280864048577     
         214         215   1.4722189919062503     
         206         216   1.3712548646165121     
         216         217   1.1642520165462811     
         217         218   1.6892296976485013     
         179         219   1.2838713787675473     
         218         219   1.1690073388311419     
         216         220   1.3525576135644859     
         219         220   1.4163162124957467     
         181         221  0.99901914402791636     
         182         222  0.99882457725788931     
         184         223  0.96182338895495245     
         187         224  0.98910529878480313     
         188         225  0.99173098144511884     
         191         226   1.0023405813736566     
         191         227   1.0029698324537433     
         191         228  0.99887121738395646     
         192         229   1.0027531852562850     
         192         230  0.99941396168182628     
         192         231   1.0022805781648119     
         193         232  0.99194207407983759     
         194         233  0.98919228888095245     
         196         234  0.99924629934332598     
         197         235  0.99993580077098354     
         202         236  0.99883258404135511     
         203         237  0.99868940696275366     
         205         238  0.96188494303944339     
         208         239  0.98907722292204658     
         209         240  0.99170669643489218     
         212         241  0.99934198247401951     
         212         242   1.0028734981065990     
         212         243   1.0023040913761618     
         213         244  0.99872879358846689     
         213         245   1.0023226991957710     
         213         246   1.0029834675640297     
         214         247  0.99197515206898412     
         215         248  0.98923911612874571     
         217         249  0.99937007511030918     
         218         250   1.0000832034962106     
         154         251   1.2294010064168579     
         251         252   1.2791816697058984     
         252         253   1.2738881810640796     
         253         254   1.5745210021896985     
         254         255   1.2675208999813607     
         252         256   1.2522800929391338     
         255         256   1.2226027325364284     
         255         257   1.3337631576492623     
         257         258   1.0579155696073483     
         258         259   1.4092098071666512     
         259         260   1.4723928698352555     
         260         261   1.3748208230748471     
         261         262   1.1406100882732251     
         262         263  0.96525001223829132     
         262         264  0.96614852242447402     
         261         265   1.3755151029896233     
         258         266   1.4090152279384420     
         265         266   1.4722544455189421     
         257         267   1.3703548531433898     
         267         268   1.1646781521958325     
         268         269   1.6886694531425919     
         267         270   1.3527993562563199     
         269         271   1.1695339272780101     
         270         271   1.4168018630237416     
         156         272   1.2289268653265844     
         271         272   1.2827915251137074     
         272         273   1.2795633563987643     
         273         274   1.2737707610795710     
         274         275   1.5747300762357506     
         275         276   1.2674232065830655     
         273         277   1.2521449694858171     
         276         277   1.2228124070322517     
         276         278   1.3336006571706271     
         278         279   1.0579522174750475     
         279         280   1.4091564016675382     
         280         281   1.4724671678196466     
         281         282   1.3748047913125265     
         282         283   1.1406271487989106     
         283         284  0.96618458069946056     
         283         285  0.96520288282380340     
         282         286   1.3755306423431644     
         279         287   1.4090326945671607     
         286         287   1.4722049321981339     
         278         288   1.3705811829248684     
         288         289   1.1647356784989478     
         289         290   1.6885385967763920     
         251         291   1.2824214159551981     
         290         291   1.1695798134672908     
         288         292   1.3525557491169038     
         291         292   1.4170527011610234     
         253         293  0.99892895398607273     
         254         294  0.99877515174393472     
         256         295  0.96184349951393422     
         259         296  0.98908150043688026     
         260         297  0.99172221494814106     
         263         298   1.0023446568605416     
         263         299   1.0029671517690486     
         263         300  0.99882313098787234     
         264         301   1.0027903570620267     
         264         302  0.99940387639174000     
         264         303   1.0023003971886815     
         265         304  0.99195256319424718     
         266         305  0.98919778950377513     
         268         306  0.99929254227494091     
         269         307  0.99997395211569073     
         274         308  0.99886313577796615     
         275         309  0.99872934784650758     
         277         310  0.96185482747692275     
         280         311  0.98906793881017308     
         281         312  0.99170615917496174     
         284         313  0.99937405185391404     
         284         314   1.0028403076660921     
         284         315   1.0023115989397360     
         285         316  0.99876586723016714     
         285         317   1.0023353818159420     
         285         318   1.0029715023132957     
         286         319  0.99197264558718001     
         287         320  0.98921253270264309     
         289         321  0.99933044810575766     
         290         322   1.0000192925785902     
         158         323   1.2287377609077159     
         323         324   1.2799251493805104     
         324         325   1.2736274629944115     
         325         326   1.5750849683064752     
         326         327   1.2672211502709534     
         324         328   1.2519770020675907     
         327         328   1.2230548664443166     
         327         329   1.3337871608327831     
         329         330   1.0579737784711560     
         330         331   1.4091029176644723     
         331         332   1.4724896572602886     
         332         333   1.3747534769384191     
         333         334   1.1407478837572826     
         334         335  0.96519619529742062     
         334         336  0.96615507160657410     
         333         337   1.3754832306479059     
         330         338   1.4089715456897729     
         337         338   1.4722649591833810     
         329         339   1.3703060259494568     
         339         340   1.1645232567383503     
         340         341   1.6890093072022174     
         339         342   1.3531532470489223     
         341         343   1.1693114716052775     
         342         343   1.4164977294648384     
         160         344   1.2281586688462531     
         343         344   1.2833763643100857     
         344         345   1.2801509747320383     
         345         346   1.2734004389249485     
         346         347   1.5753692273838102     
         347         348   1.2670355905140307     
         345         349   1.2519958210805813     
         348         349   1.2228864217577011     
         348         350   1.3341601485046646     
         350         351   1.0580832699347074     
         351         352   1.4090208811904568     
         352         353   1.4725537865930198     
         353         354   1.3747099709721717     
         354         355   1.1407959194172537     
         355         356  0.96616608741604371     
         355         357  0.96516186268102921     
         354         358   1.3754642111132909     
         351         359   1.4089435301499718     
         358         359   1.4722730739886216     
         350         360   1.3698915922147392     
         360         361   1.1647059800454436     
         361         362   1.6886997855522767     
         323         363   1.2830953186760896     
         362         363   1.1695269260555059     
         360         364   1.3533045419066299     
         363         364   1.4165049317527030     
         325         365  0.99887145351363771     
         326         366  0.99872315888511065     
         328         367  0.96181345348709379     
         331         368  0.98905934188921707     
         332         369  0.99170228541566741     
         335         370   1.0023318810204755     
         335         371   1.0029564196530378     
         335         372  0.99879355233788325     
         336         373   1.0027988569604855     
         336         374  0.99938664051701531     
         336         375   1.0022950969319100     
         337         376  0.99195070986186773     
         338         377  0.98919329888709340     
         340         378  0.99927623054637460     
         341         379  0.99994988176352317     
         346         380  0.99885725216329568     
         347         381  0.99871021021591078     
         349         382  0.96181488536642912     
         352         383  0.98905775388436112     
         353         384  0.99169627397883986     
         356         385  0.99937552923501172     
         356         386   1.0028113999822279     
         356         387   1.0022973121274383     
         357         388  0.99877588750106949     
         357         389   1.0023275850659386     
         357         390   1.0029555251298539     
         358         391  0.99195462127634826     
         359         392  0.98919956779021534     
         361         393  0.99928012432229185     
         362         394  0.99997069746718004     
         162         395   1.2280861562219452     
         395         396   1.2803366672872705     
         396         397   1.2733614308998986     
         397         398   1.5754823246631042     
         398         399   1.2669843681987409     
         396         400   1.2518911679177978     
         399         400   1.2230845180840848     
         399         401   1.3340899298989688     
         401         402   1.0581014096029289     
         402         403   1.4089908069203396     
         403         404   1.4725801173932000     
         404         405   1.3746824432689519     
         405         406   1.1408533209983833     
         406         407  0.96514259263081781     
         406         408  0.96617001934054181     
         405         409   1.3754504939407619     
         402         410   1.4089117232738990     
         409         410   1.4722902495013517     
         401         411   1.3699333985218383     
         411         412   1.1645726391316336     
         412         413   1.6889731243747002     
         411         414   1.3534555327660336     
         413         415   1.1693423758930526     
         414         415   1.4163267200087752     
         164         416   1.2280880631866582     
         415         416   1.2835055359674141     
         416         417   1.2803507494845761     
         417         418   1.2733636958372923     
         418         419   1.5754803247625626     
         419         420   1.2669831327088479     
         417         421   1.2518815572592910     
         420         421   1.2230853520070730     
         420         422   1.3340917114223254     
         422         423   1.0580901780738818     
         423         424   1.4090039300985855     
         424         425   1.4725651280340772     
         425         426   1.3746948937062897     
         426         427   1.1408465187855263     
         427         428  0.96616037104039643     
         427         429  0.96515666804842271     
         426         430   1.3754482226220368     
         423         431   1.4089095179727567     
         430         431   1.4722969113725100     
         422         432   1.3699287146001984     
         432         433   1.1645691892694523     
         433         434   1.6889717030257909     
         395         435   1.2835236957114748     
         434         435   1.1693453392636679     
         432         436   1.3534651491703096     
         435         436   1.4163149544902525     
         397         437  0.99885101351218097     
         398         438  0.99869881057611387     
         400         439  0.96179208514480063     
         403         440  0.98905178280433892     
         404         441  0.99169253797953705     
         407         442   1.0023243599378768     
         407         443   1.0029493647608085     
         407         444  0.99878021416408447     
         408         445   1.0027980895291149     
         408         446  0.99937420706765856     
         408         447   1.0022894765742913     
         409         448  0.99194473463868837     
         410         449  0.98919233279059327     
         412         450  0.99926005485128711     
         413         451  0.99994632209854217     
         418         452  0.99884632174286925     
         419         453  0.99869987637377333     
         421         454  0.96179444877553055     
         424         455  0.98905195501649645     
         425         456  0.99169257618445095     
         428         457  0.99937532567584342     
         428         458   1.0027988502089009     
         428         459   1.0022900321108694     
         429         460  0.99878050985314515     
         429         461   1.0023242712023197     
         429         462   1.0029495220458478     
         430         463  0.99194551655423246     
         431         464  0.98919211267013918     
         433         465  0.99926126074759380     
         434         466  0.99994178427775005     
         166         467   1.2281551766055323     
         467         468   1.2801735733654580     
         468         469   1.2733995813730550     
         469         470   1.5753690625034602     
         470         471   1.2670336691771860     
         468         472   1.2519854011762381     
         471         472   1.2228910793056116     
         471         473   1.3341635155323106     
         473         474   1.0580458417408916     
         474         475   1.4090438154496232     
         475         476   1.4725351775186477     
         476         477   1.3747301046022176     
         477         478   1.1407741191074998     
         478         479  0.96517523309072895     
         478         480  0.96616755164410650     
         477         481   1.3754770499935329     
         474         482   1.4089596019578547     
         481         482   1.4722649194670285     
         473         483   1.3699184726828404     
         483         484   1.1646942922167802     
         484         485   1.6887214702272886     
         483         486   1.3532927877092396     
         485         487   1.1695099479944264     
         486         487   1.4165167082866372     
         168         488   1.2287308410784510     
         487         488   1.2831088284211640     
         488         489   1.2799177454771393     
         489         490   1.2736416444944958     
         490         491   1.5750695412207145     
         491         492   1.2672305117228593     
         489         493   1.2519665457615097     
         492         493   1.2230646313767761     
         492         494   1.3337678263930335     
         494         495   1.0579905762339186     
         495         496   1.4090897617075664     
         496         497   1.4724988874663609     
         497         498   1.3747486562641740     
         498         499   1.1407477391529040     
         499         500  0.96615881485022015     
         499         501  0.96519662716470722     
         498         502   1.3754875884010487     
         495         503   1.4089683668618804     
         502         503   1.4722649581586209     
         494         504   1.3703101187577322     
         504         505   1.1645224307903763     
         505         506   1.6890128477632271     
         467         507   1.2833552875878211     
         506         507   1.1693095240715758     
         504         508   1.3531474424496084     
         507         508   1.4165104506521855     
         469         509  0.99885337776723937     
         470         510  0.99871215920975931     
         472         511  0.96181318896084889     
         475         512  0.98905649322709988     
         476         513  0.99169535472657278     
         479         514   1.0023277711769920     
         479         515   1.0029555445750435     
         479         516  0.99877596801977275     
         480         517   1.0028125386860740     
         480         518  0.99937681199419293     
         480         519   1.0022981948233198     
         481         520  0.99195558060959788     
         482         521  0.98919815363417418     
         484         522  0.99928051355522063     
         485         523  0.99996652772587080     
         490         524  0.99887334181347076     
         491         525  0.99872295808507228     
         493         526  0.96181248837665556     
         496         527  0.98906005315863565     
         497         528  0.99170116888720661     
         500         529  0.99938528223287248     
         500         530   1.0027988542861499     
         500         531   1.0022952723920280     
         501         532  0.99879388805090241     
         501         533   1.0023319755656015     
         501         534   1.0029563442567808     
         502         535  0.99195041268424555     
         503         536  0.98919338812482549     
         505         537  0.99927457289298993     
         506         538  0.99995350040169140     
         170         539   1.2289161483078994     
         539         540   1.2795542810225098     
         540         541   1.2737768770343780     
         541         542   1.5747327490794412     
         542         543   1.2674197650439003     
         540         544   1.2521319559549329     
         543         544   1.2228140076610947     
         543         545   1.3336082740113697     
         545         546   1.0579067591099838     
         546         547   1.4091766849169323     
         547         548   1.4724524175188500     
         548         549   1.3748157326341408     
         549         550   1.1406160146641013     
         550         551  0.96521024540888589     
         550         552  0.96618315345750205     
         549         553   1.3755382439978687     
         546         554   1.4090558133447852     
         553         554   1.4721927841532481     
         545         555   1.3705994132346391     
         555         556   1.1647235737832236     
         556         557   1.6885578353829269     
         555         558   1.3525640281199134     
         557         559   1.1695733252726337     
         558         559   1.4170396590701180     
         172         560   1.2293566179920099     
         559         560   1.2824362727735112     
         560         561   1.2792120540700000     
         561         562   1.2738797445467160     
         562         563   1.5745303540237696     
         563         564   1.2675148343430871     
         561         565   1.2522729868544011     
         564         565   1.2226102384051396     
         564         566   1.3337571188317725     
         566         567   1.0579315328620329     
         567         568   1.4091987572986644     
         568         569   1.4724024646687992     
         569         570   1.3748216857721753     
         570         571   1.1406019668224450     
         571         572  0.96615748511536403     
         571         573  0.96525035697333272     
         570         574   1.3755260311057198     
         567         575   1.4090154912497515     
         574         575   1.4722486810053039     
         566         576   1.3703563951305537     
         576         577   1.1646717204660755     
         577         578   1.6886768581355980     
         539         579   1.2828194807101070     
         578         579   1.1695246881326158     
         576         580   1.3528041715579822     
         579         580   1.4168009397466799     
         541         581  0.99887037991858785     
         542         582  0.99873106909039677     
         544         583  0.96185707915480856     
         547         584  0.98906558780540754     
         548         585  0.99170628770775771     
         551         586   1.0023348819923230     
         551         587   1.0029712842352199     
         551         588  0.99876615766041055     
         552         589   1.0028420649264878     
         552         590  0.99937339391039703     
         552         591   1.0023121690481649     
         553         592  0.99197396808995131     
         554         593  0.98921242281629029     
         556         594  0.99933120260201480     
         557         595   1.0000238764107248     
         562         596  0.99892243402781744     
         563         597  0.99877364068093966     
         565         598  0.96184377436104385     
         568         599  0.98908147434389238     
         569         600  0.99172140525813834     
         572         601  0.99940380736037460     
         572         602   1.0027911739438267     
         572         603   1.0023002824166289     
         573         604  0.99882218413886648     
         573         605   1.0023449148960102     
         573         606   1.0029679469703052     
         574         607  0.99195241399475897     
         575         608  0.98919825861057553     
         577         609  0.99929138737490975     
         578         610  0.99996450596048181     
         174         611   1.2294165817930434     
         611         612   1.2795807710838953     
         612         613   1.2740244611980867     
         613         614   1.5743051047548464     
         614         615   1.2676317520664224     
         612         616   1.2518696484212792     
         615         616   1.2233753338482130     
         615         617   1.3326408148055648     
         617         618   1.0577749033966208     
         618         619   1.4092069618264902     
         619         620   1.4724618181068128     
         620         621   1.3748612324022758     
         621         622   1.1405647880106622     
         622         623  0.96521018543408632     
         622         624  0.96620689399981374     
         621         625   1.3756053736779978     
         618         626   1.4091569589068840     
         625         626   1.4720852691517174     
         617         627   1.3714954124300207     
         627         628   1.1642176601978107     
         628         629   1.6893516632935306     
         627         630   1.3524214748722618     
         629         631   1.1689240078943832     
         630         631   1.4164455967650391     
         176         632   1.2257880844549176     
         631         632   1.2839017248524054     
         632         633   1.2803817915811861     
         633         634   1.2728711393839682     
         634         635   1.5753224303225113     
         635         636   1.2669656077005902     
         633         637   1.2521731421429230     
         636         637   1.2219891836855705     
         636         638   1.3349917425521927     
         638         639   1.0578134084330544     
         639         640   1.4093477940997066     
         640         641   1.4722074622154790     
         641         642   1.3749765756753500     
         642         643   1.1404871740187257     
         643         644  0.96610953217277573     
         643         645  0.96538013798470301     
         642         646   1.3755635340787680     
         639         647   1.4090451203060614     
         646         647   1.4723060672501684     
         638         648   1.3693629444930597     
         648         649   1.1649485938241060     
         649         650   1.6882139649264432     
         611         651   1.2825438490173082     
         650         651   1.1697959963632902     
         648         652   1.3531746941531790     
         651         652   1.4167459256100350     
         613         653  0.99883811324737548     
         614         654  0.99870761610027481     
         616         655  0.96188219920961560     
         619         656  0.98906473399233907     
         620         657  0.99170368053044011     
         623         658   1.0023185373265038     
         623         659   1.0029761293499309     
         623         660  0.99873177500397037     
         624         661   1.0028835121569941     
         624         662  0.99935172717032694     
         624         663   1.0023085661070974     
         625         664  0.99199883730058613     
         626         665  0.98923411309955511     
         628         666  0.99936728429059618     
         629         667   1.0000628292597735     
         634         668  0.99902993044085420     
         635         669  0.99881729803887609     
         637         670  0.96182309055533344     
         640         671  0.98910299274134861     
         641         672  0.99174583487478352     
         644         673  0.99941891097019531     
         644         674   1.0027600481534915     
         644         675   1.0022784231941859     
         645         676  0.99887052253898745     
         645         677   1.0023428050208583     
         645         678   1.0029837671494148     
         646         679  0.99194108688460747     
         647         680  0.98918924368246997     
         649         681  0.99926072604677418     
         650         682  0.99993653341111954     
