    0.25306897
   -0.02404928
    0.05250533
   -0.04343523
   -0.04217231
    0.05504892
   -0.21714300
    0.00396718
    0.01754985
   -0.01704553
   -0.01382575
    0.01271358
    0.11066533
   -0.27575690
   -0.01274751
   -0.01602157
    0.05506569
   -0.04003446
   -0.03767253
   -0.21539552
    0.05861385
    0.01667820
    0.05862922
   -0.03775072
   -0.04009003
    0.05489453
   -0.21530113
    0.00395588
    0.01754999
   -0.01718030
   -0.01385898
    0.01270539
    0.11066409
   -0.27576725
   -0.01271212
   -0.01590638
    0.05522931
   -0.04211187
   -0.04330637
    0.05253257
   -0.21716772
    0.01925085
    0.02159337
    0.01443908
    0.02552488
    0.03564108
    0.03785534
    0.02781034
    0.01598571
    0.01600381
    0.01627409
    0.01597761
    0.02554828
    0.03557543
    0.03794569
    0.02784471
    0.01454433
    0.02155215
    0.25307598
   -0.02405179
    0.05250604
   -0.04343632
   -0.04217166
    0.05504580
   -0.21714161
    0.00396667
    0.01754791
   -0.01704633
   -0.01383002
    0.01271460
    0.11066402
   -0.27575620
   -0.01274444
   -0.01602061
    0.05506540
   -0.04003243
   -0.03767104
   -0.21539332
    0.05861276
    0.01667937
    0.05862701
   -0.03775248
   -0.04009070
    0.05489413
   -0.21529524
    0.00395344
    0.01755102
   -0.01718481
   -0.01385764
    0.01270642
    0.11066367
   -0.27576834
   -0.01271203
   -0.01590278
    0.05522621
   -0.04211609
   -0.04330745
    0.05253132
   -0.21717466
    0.01924849
    0.02159355
    0.01443827
    0.02552378
    0.03564007
    0.03785734
    0.02780950
    0.01598142
    0.01599866
    0.01627458
    0.01597414
    0.02555168
    0.03557805
    0.03794322
    0.02784050
    0.01454691
    0.02155023
   -0.02493788
   -0.02493900
