           2           3   1.3874883734834966     
           3           4   1.1983878874969820     
           4           5   1.6451379968513140     
           5           6   1.2041859796924987     
           1           7  0.56666721454229563     
           3           7   1.2823757297538649     
           6           7   1.2803305578555988     
           6           8   1.3640912462594270     
           8           9   1.0588615037419555     
           9          10   1.4132703673186628     
          10          11   1.4671008121392479     
          11          12   1.4028048274169087     
          12          13   1.0075019544822787     
          13          14   1.5638763646437892     
          13          15   1.5653085861281937     
          14          15  0.37930329168674798     
          12          16   1.4032172378018564     
           9          17   1.4130980066635592     
          16          17   1.4669748397861317     
           8          18   1.3561592788807444     
          18          19   1.2181516210323700     
          19          20   1.6205786080618960     
           1          21  0.55950237341970932     
          18          21   1.2726916010680709     
          20          22   1.2295773654791955     
          21          22   1.3099140895598724     
          22          23   1.2926479985051618     
          23          24   1.2929795190290003     
          24          25   1.2295642647594891     
          25          26   1.6207183186147107     
          26          27   1.2180214434329215     
           1          28  0.55984105506324955     
          24          28   1.3095450553007071     
          27          28   1.2729206082173850     
          27          29   1.3560886739103928     
          29          30   1.0586925948249779     
          30          31   1.4132396692385800     
          31          32   1.4668991955986388     
          32          33   1.4032520155317472     
          33          34   1.0074812549048386     
          34          35   1.5639234907592434     
          34          36   1.5653257746420755     
          35          36  0.37933059533948715     
          33          37   1.4028329083367730     
          30          38   1.4133037059481488     
          37          38   1.4670972636874127     
          29          39   1.3642196459443747     
          39          40   1.2041083311593330     
          40          41   1.6452565592347896     
           2          42   1.3876220080422395     
          41          42   1.1982795047542292     
           1          43  0.56650463964606579     
          39          43   1.2803921910992919     
          42          43   1.2823803754841450     
           2          44  0.99749301700314486     
           4          45  0.99328627898833033     
           5          46  0.99889699364841122     
          10          47  0.98778546629382402     
          11          48  0.98536788795695773     
          16          49  0.98586508248821869     
          17          50  0.98812829970492033     
          19          51  0.99789687715067854     
          20          52  0.99839430937144269     
          25          53  0.99825458724409155     
          26          54  0.99792008032624047     
          31          55  0.98812734233801636     
          32          56  0.98586063367619081     
          37          57  0.98537006494252743     
          38          58  0.98777053453495212     
          40          59  0.99890767136053771     
          41          60  0.99329519699776214     
          62          63   1.3874595560890548     
          63          64   1.1980040322463548     
          64          65   1.6456996787635678     
          65          66   1.2037500788504867     
          61          67  0.56632938095546448     
          63          67   1.2829112499698245     
          66          67   1.2798283183163739     
          66          68   1.3656281032864088     
          68          69   1.0545154495743432     
          69          70   1.4156205645235391     
          70          71   1.4661564595229384     
          71          72   1.4036127254120863     
          72          73   1.0069380126177006     
          73          74   1.5650238989783720     
          73          75   1.5655366095501460     
          74          75  0.37980652345945093     
          72          76   1.4038226213816654     
          69          77   1.4149039957799896     
          76          77   1.4661106328162690     
          68          78   1.3586632670474947     
          78          79   1.2176112745260477     
          79          80   1.6220813136086099     
          61          81  0.56064957201363952     
          78          81   1.2714359904921360     
          80          82   1.2292459437032468     
          81          82   1.3104033152242318     
          82          83   1.2929777037578556     
          83          84   1.2933796557950943     
          84          85   1.2292149631048026     
          85          86   1.6222521358393323     
          86          87   1.2174485851737691     
          61          88  0.56059428591399418     
          84          88   1.3100065884433048     
          87          88   1.2718656034693050     
          87          89   1.3582600799375213     
          89          90   1.0553059343718292     
          90          91   1.4144276914790961     
          91          92   1.4663645975605477     
          92          93   1.4036096228978483     
          93          94   1.0071078179599899     
          94          95   1.5649016213070850     
          94          96   1.5654215456793110     
          95          96  0.37974104799036368     
          93          97   1.4035633062291286     
          90          98   1.4153531387416911     
          97          98   1.4662580694995533     
          89          99   1.3653627342423393     
          99         100   1.2036566844872214     
         100         101   1.6457907188503278     
          62         102   1.3878145658290750     
         101         102   1.1979082776701266     
          61         103  0.56655916784140181     
          99         103   1.2801263006132648     
         102         103   1.2826601976450283     
          62         104  0.99753212755860232     
          64         105  0.99328685088999058     
          65         106  0.99902391775953203     
          70         107  0.98803519246513893     
          71         108  0.98549420495834195     
          76         109  0.98571272820961098     
          77         110  0.98788985637709648     
          79         111  0.99823735924506773     
          80         112  0.99732167359150625     
          85         113  0.99739590579509652     
          86         114  0.99819225637558562     
          91         115  0.98794085009108512     
          92         116  0.98571132602792444     
          97         117  0.98551484868545836     
          98         118  0.98804404012435276     
         100         119  0.99899870293650250     
         101         120  0.99328710245225971     
          23         121   1.2206214680838663     
         121         122   2.6056924884596557     
          83         124   1.2200549833808891     
         123         124   2.6066894786940793     
         122         126   1.2213587967934418     
         126         127   1.2887373795239194     
         127         128   1.2295863234372786     
         128         129   1.6202103283470977     
         129         130   1.2190605484369792     
         125         131  0.56153557035191859     
         127         131   1.3140225667153933     
         130         131   1.2658183787274977     
         130         132   1.3637758154966138     
         132         133   1.0543600777541127     
         133         134   1.4169379372111939     
         134         135   1.4653247080957033     
         135         136   1.4048849869671187     
         136         137   1.0058473120717277     
         137         138   1.5676620801217289     
         137         139   1.5667647439728660     
         138         139  0.38092805760544068     
         136         140   1.4043882176391502     
         133         141   1.4159097508791174     
         140         141   1.4657771354357301     
         132         142   1.3649307830396780     
         142         143   1.2189190771815475     
         143         144   1.6212921426642326     
         125         145  0.56258848937399319     
         142         145   1.2648431587010505     
         144         146   1.2295537588301699     
         145         146   1.3141432116260829     
         123         147   1.2208656846342780     
         146         147   1.2890638726436003     
         147         148   1.2891296028898707     
         148         149   1.2295500589507835     
         149         150   1.6213346262575472     
         150         151   1.2188759332026893     
         125         152  0.56263062058523550     
         148         152   1.3139315615898406     
         151         152   1.2651010024438281     
         151         153   1.3646237626133573     
         153         154   1.0551653652272321     
         154         155   1.4165298095121681     
         155         156   1.4655460726698102     
         156         157   1.4047118052781193     
         157         158   1.0059803081458258     
         158         159   1.5667312555279160     
         158         160   1.5675367859030440     
         159         160  0.38088028684287628     
         157         161   1.4043331836803985     
         154         162   1.4155879473778801     
         161         162   1.4659152908864064     
         153         163   1.3635274237292403     
         163         164   1.2188454745883985     
         164         165   1.6205214100473360     
         126         166   1.2891493806015462     
         165         166   1.2294362166369597     
         125         167  0.56166920377508656     
         163         167   1.2661754697902852     
         166         167   1.3136835930137711     
         128         168  0.99867029529867590     
         129         169  0.99898478056833695     
         134         170  0.98822076322065022     
         135         171  0.98574233771594022     
         140         172  0.98547184774835705     
         141         173  0.98784288444364043     
         143         174  0.99916324552289071     
         144         175  0.99761729147232692     
         149         176  0.99766025387653556     
         150         177  0.99912031826112913     
         155         178  0.98827131954557412     
         156         179  0.98574595400278697     
         161         180  0.98549041688614514     
         162         181  0.98787556643053676     
         164         182  0.99895798757874266     
         165         183  0.99863727524768864     
