    0.27762317
   -0.02238481
    0.05976359
   -0.03721203
   -0.03524737
    0.06004242
   -0.20991461
    0.01043221
    0.01714396
   -0.01721633
   -0.01031310
   -0.00834626
    0.14496626
   -0.29916939
   -0.01622357
   -0.01868910
    0.05933100
   -0.03506102
   -0.03509216
   -0.20678284
    0.06431095
    0.01786065
    0.06426430
   -0.03494010
   -0.03488772
    0.05939564
   -0.20675894
    0.01008373
    0.01690473
   -0.01863085
   -0.01632901
   -0.00821035
    0.14498480
   -0.29895965
   -0.01022980
   -0.01693322
    0.06013289
   -0.03510534
   -0.03714050
    0.05978176
   -0.20991090
    0.02585002
    0.03158555
    0.02353941
    0.02763393
    0.04031279
    0.03907260
    0.04198949
    0.02598668
    0.02478991
    0.02814509
    0.02828586
    0.02459145
    0.02597628
    0.04188220
    0.03898951
    0.04056043
    0.02787693
    0.02327981
    0.03162049
    0.27793856
   -0.02215310
    0.05984072
   -0.03708046
   -0.03518025
    0.06017361
   -0.20986166
    0.01042731
    0.01709905
   -0.01722687
   -0.01030655
   -0.00832231
    0.14496089
   -0.29914694
   -0.01621652
   -0.01867638
    0.05950143
   -0.03494866
   -0.03497163
   -0.20675982
    0.06440512
    0.01799662
    0.06439489
   -0.03476862
   -0.03470155
    0.05960893
   -0.20674286
    0.01020277
    0.01685822
   -0.01865137
   -0.01632138
   -0.00815543
    0.14504446
   -0.29871768
   -0.01016673
   -0.01695236
    0.06026214
   -0.03502197
   -0.03702498
    0.05986444
   -0.20982011
    0.02603676
    0.03178199
    0.02365307
    0.02770514
    0.04037587
    0.03911745
    0.04206716
    0.02608138
    0.02489946
    0.02825263
    0.02847282
    0.02487550
    0.02600219
    0.04194346
    0.03905730
    0.04075082
    0.02795736
    0.02347728
    0.03181969
   -0.01626306
   -0.01917145
   -0.02037909
   -0.02088143
   -0.02299915
   -0.01777654
   -0.01801963
   -0.01783258
   -0.02212824
   -0.01923300
   -0.02194143
   -0.01941601
   -0.01888819
   -0.01585810
   -0.02281008
   -0.01736633
   -0.02008284
   -0.02059972
    0.27770003
    0.01456831
    0.06378082
   -0.03695409
   -0.03554032
    0.05784671
   -0.20745538
    0.01189982
    0.01736587
   -0.01666208
   -0.01039183
   -0.00827453
    0.14489482
   -0.29970096
   -0.01613309
   -0.01792293
    0.05808014
   -0.03508270
   -0.03622218
   -0.20731452
    0.06398417
    0.01547589
    0.06393535
   -0.03633600
   -0.03532338
    0.05802438
   -0.20721001
    0.01198436
    0.01735662
   -0.01778082
   -0.01595453
   -0.00819274
    0.14497630
   -0.29980067
   -0.01046275
   -0.01674793
    0.05795015
   -0.03507340
   -0.03669661
    0.06391619
   -0.20748804
    0.02548447
    0.02216519
    0.02757505
    0.03987874
    0.03870053
    0.04186068
    0.02625975
    0.02279417
    0.02632813
    0.02627725
    0.02255747
    0.02646700
    0.04216763
    0.03894321
    0.03962784
    0.02730028
    0.02269745
    0.02578590
    0.27776400
    0.01572307
    0.06397737
   -0.03620726
   -0.03529993
    0.05816968
   -0.20720181
    0.01200712
    0.01735506
   -0.01674556
   -0.01039927
   -0.00815700
    0.14503430
   -0.29958872
   -0.01594649
   -0.01784845
    0.05812699
   -0.03498461
   -0.03659281
   -0.20752245
    0.06397774
    0.01458777
    0.06384404
   -0.03689119
   -0.03547817
    0.05799277
   -0.20749948
    0.01189163
    0.01736735
   -0.01794377
   -0.01612865
   -0.00828001
    0.14487213
   -0.29972590
   -0.01038606
   -0.01665389
    0.05817499
   -0.03504683
   -0.03610324
    0.06406841
   -0.20724467
    0.02647204
    0.02276213
    0.02736405
    0.03977061
    0.03899762
    0.04218669
    0.02650311
    0.02287402
    0.02587249
    0.02547076
    0.02223438
    0.02627599
    0.04190185
    0.03870977
    0.03991748
    0.02763661
    0.02289707
    0.02647294
