           1           2   1.3746061178274356     
           2           3   1.2393799542553681     
           3           4   1.6009179586127971     
           4           5   1.2506514968005258     
           2           6   1.2296164926177831     
           5           6   1.2311903342043653     
           5           7   1.3428124069939573     
           7           8   1.3711480023270759     
           8           9   1.1608672694925481     
           9          10   1.6952732777164936     
           8          11   1.3542097003831060     
          10          12   1.1642446119843484     
          11          12   1.4140630512047014     
          12          13   1.2876609779328854     
          13          14   1.2896145729680502     
          14          15   1.2634783488954557     
          15          16   1.5890514641269859     
          16          17   1.2558434047507656     
          17          18   1.3505325336076466     
          18          19   1.0514019467069833     
          19          20   1.4233648643459305     
          20          21   1.4366215190190978     
          21          22   1.0099137209500677     
          21          23   1.4299461333646839     
          23          24   1.4318419619382503     
          24          25   1.0098282313918745     
          19          26   1.4245827190123437     
          24          26   1.4347477648864280     
          18          27   1.3553837912178834     
          27          28   1.1537890428631601     
          28          29   1.7075189182810029     
           1          30   1.3858043669576965     
          29          30   1.1469546993030559     
          27          31   1.3832145667130706     
          30          31   1.3742848136321077     
          14          32   1.2503645296991759     
          17          32   1.2206093389697357     
           7          33   1.0497768593713042     
          33          34   1.4289582118348136     
          34          35   1.4314517908216904     
          35          36   1.0100547861415567     
          35          37   1.4351879839210910     
          37          38   1.4269947953032922     
          38          39   1.0098085591179486     
          33          40   1.4209101450348682     
          38          40   1.4389777650108841     
           1          41  0.99582062475748190     
           3          42  0.99226475128613834     
           4          43  0.99880449905599200     
           6          44  0.96085312276052093     
           9          45  0.99875849190780241     
          10          46  0.99888319927472902     
          15          47  0.99783190828994728     
          16          48  0.99810530420298982     
          20          49  0.99500208988342798     
          22          50  0.98619813208118579     
          22          51  0.99637405215977359     
          22          52  0.99725241786458407     
          23          53  0.99438543388541867     
          25          54  0.99619082636518985     
          25          55  0.99698457298778254     
          25          56  0.98640262051277761     
          26          57  0.99480086894705788     
          28          58  0.99945438401184616     
          29          59  0.99280824785727795     
          32          60  0.95960362211290373     
          34          61  0.99521850312116122     
          36          62  0.99475857827173220     
          36          63  0.99879156441063444     
          36          64  0.98583593140711612     
          37          65  0.99415855500937478     
          39          66  0.99603894377782032     
          39          67  0.98653474621679915     
          39          68  0.99724471405680448     
          40          69  0.99476906578163005     
          70          71   1.3745812355863776     
          71          72   1.2393886969846792     
          72          73   1.6009013734971236     
          73          74   1.2506686080400913     
          71          75   1.2296243845048114     
          74          75   1.2311608555831082     
          74          76   1.3428392136199256     
          76          77   1.3713319098664405     
          77          78   1.1608905559047076     
          78          79   1.6952932733784776     
          77          80   1.3540377322183532     
          79          81   1.1642232795216290     
          80          81   1.4142621463985434     
          81          82   1.2874695225532899     
          82          83   1.2896618521886880     
          83          84   1.2634690912913120     
          84          85   1.5890592795539746     
          85          86   1.2558458097582337     
          86          87   1.3506240213680709     
          87          88   1.0512502257548340     
          88          89   1.4233263993018470     
          89          90   1.4366637538674683     
          90          91   1.0099150032546518     
          90          92   1.4299014456377026     
          92          93   1.4319156116385003     
          93          94   1.0098187126126033     
          88          95   1.4247559580743527     
          93          95   1.4346746947760665     
          87          96   1.3553881340004099     
          96          97   1.1537728962028517     
          97          98   1.7075271066855240     
          70          99   1.3858483038173053     
          98          99   1.1469554038884830     
          96         100   1.3832362661250328     
          99         100   1.3742370462114872     
          83         101   1.2503681006604956     
          86         101   1.2205325383974446     
          76         102   1.0495316301544486     
         102         103   1.4289309257083125     
         103         104   1.4315823991271546     
         104         105   1.0100633685851736     
         104         106   1.4350104841518749     
         106         107   1.4272168691010385     
         107         108   1.0098087072030040     
         102         109   1.4211736109282740     
         107         109   1.4387483148904026     
          70         110  0.99583257983438844     
          72         111  0.99227073175276448     
          73         112  0.99881874036438212     
          75         113  0.96085094811016003     
          78         114  0.99875984503164394     
          79         115  0.99890186948937343     
          84         116  0.99782815583864415     
          85         117  0.99810895349489193     
          89         118  0.99498068627591940     
          91         119  0.98620386529049031     
          91         120  0.99632296687160149     
          91         121  0.99727331969762900     
          92         122  0.99439155591030781     
          94         123  0.99624397847212109     
          94         124  0.99696027817472421     
          94         125  0.98642886347363035     
          95         126  0.99481088332471723     
          97         127  0.99946901143515054     
          98         128  0.99281263400769393     
         101         129  0.95960582303005049     
         103         130  0.99519979434679873     
         105         131  0.99484824488197166     
         105         132  0.99874366546049242     
         105         133  0.98580892706852252     
         106         134  0.99415445392841784     
         108         135  0.99614266240260019     
         108         136  0.98649375322385435     
         108         137  0.99717327765864949     
         109         138  0.99476927404279358     
          13         139   1.2187442178615144     
         139         140   2.4664735276634655     
         140         141   1.3618823486663225     
         139         142  0.16885005939175057     
         141         142   2.3467036338147125     
         142         143   1.3902048975640469     
         141         144  0.16292390315116498     
         143         144   2.3449034536416695     
         144         145   1.3645053945944234     
         143         146  0.16808175713077106     
         145         146   2.4605944565336171     
         147         148   2.4556417110577815     
         148         149   1.3686199292717083     
         147         150  0.16722943573520507     
         149         150   2.3383151553425185     
         150         151   1.3956303366130403     
         149         152  0.16168759613842895     
         151         152   2.3382726091519297     
         152         153   1.3688001612413758     
         151         154  0.16724600468929385     
         153         154   2.4554274067928334     
         155         156   2.4559658716340675     
         156         157   1.3683608852502358     
         155         158  0.16740123030871215     
         157         158   2.3389137742830393     
         158         159   1.3951811765915541     
         157         160  0.16188631665422321     
         159         160   2.3390203498757365     
         160         161   1.3682274808848462     
         159         162  0.16745044833310299     
         161         162   2.4562694362861883     
         163         164   2.4566941460165053     
         164         165   1.3678989356101838     
         163         166  0.16758690269995558     
         165         166   2.3395857625162728     
         166         167   1.3947523255618417     
         165         168  0.16206142841908822     
         167         168   2.3396199734623013     
         168         169   1.3678446269169886     
         167         170  0.16759948841506894     
         169         170   2.4567931058192625     
         171         172   2.4568838333311525     
         172         173   1.3677757433663802     
         171         174  0.16762845287534792     
         173         174   2.3397469022094217     
         174         175   1.3946508246331524     
         173         176  0.16209789896928001     
         175         176   2.3397548137289466     
         176         177   1.3677663032199694     
         175         178  0.16762488331315681     
         177         178   2.4568987007629550     
         179         180   2.4568126981645766     
         180         181   1.3678378783526650     
         179         182  0.16759911691585797     
         181         182   2.3396365083825796     
         182         183   1.3947431192123729     
         181         184  0.16206253186376252     
         183         184   2.3395821887375492     
         184         185   1.3678988346021550     
         183         186  0.16759386250005934     
         185         186   2.4567016349052975     
         187         188   2.4562672015364186     
         188         189   1.3682464303370485     
         187         190  0.16746481183704434     
         189         190   2.3390203185365732     
         190         191   1.3951617185406053     
         189         192  0.16187754140635741     
         191         192   2.3389371599102766     
         192         193   1.3683475821794824     
         191         194  0.16739946561698268     
         193         194   2.4559707468411740     
         195         196   2.4553821007189556     
         196         197   1.3688507400327854     
         195         198  0.16724667885835265     
         197         198   2.3381717640073205     
         198         199   1.3956802589685011     
         197         200  0.16167258971341539     
         199         200   2.3382321395482517     
         200         201   1.3687032226437443     
         199         202  0.16721646394257164     
         201         202   2.4554794153508586     
         203         204   2.4603617456835196     
         204         205   1.3646703261967301     
         203         206  0.16805641747029990     
         205         206   2.3447257698436306     
         206         207   1.3903339427263357     
         205         208  0.16288199151782304     
         207         208   2.3465287007559614     
         208         209   1.3620432570757677     
          82         210   1.2188623273924020     
         207         210  0.16884062918472909     
         209         210   2.4662879980209924     
         146         211   1.2242161828922795     
         211         212   1.2823576014802673     
         212         213   1.2692550887039704     
         213         214   1.5806061792815131     
         214         215   1.2627059560041998     
         212         216   1.2515242948984922     
         215         216   1.2210582021708303     
         215         217   1.3401775313902309     
         217         218   1.3740621429494635     
         218         219   1.1618313809170322     
         219         220   1.6927544976505777     
         218         221   1.3512725400788177     
         220         222   1.1666364226521799     
         221         222   1.4164632830064681     
         147         223   1.2280754230314677     
         222         223   1.2828119578196353     
         223         224   1.2811705151473214     
         224         225   1.2700996413413392     
         225         226   1.5798638030733951     
         226         227   1.2631716820760608     
         227         228   1.3389716241166090     
         228         229   1.0488556832366891     
         229         230   1.4233128418697625     
         230         231   1.4375971787369983     
         231         232   1.0099440243117876     
         231         233   1.4286826529529755     
         233         234   1.4337090952792879     
         234         235   1.0097808152768637     
         229         236   1.4273968910360288     
         234         236   1.4329188595289359     
         228         237   1.3749570743540671     
         237         238   1.1612013496422087     
         238         239   1.6936943473484014     
         211         240   1.2844454320321430     
         239         240   1.1659758077289888     
         237         241   1.3513999894119124     
         240         241   1.4154438326864738     
         224         242   1.2516990240796322     
         227         242   1.2217383124506491     
         217         243   1.0487939680796359     
         243         244   1.4266957673938738     
         244         245   1.4335869645007719     
         245         246   1.0097307758530347     
         245         247   1.4330150963346207     
         247         248   1.4294023241777722     
         248         249   1.0099850689262635     
         243         250   1.4241904915468910     
         248         250   1.4368408919828768     
         213         251  0.99803639080676976     
         214         252  0.99877707570361030     
         216         253  0.96093859284246330     
         219         254  0.99918266836529446     
         220         255  0.99899503806605594     
         225         256  0.99794496177505920     
         226         257  0.99866869451997964     
         230         258  0.99496356522926788     
         232         259  0.98672515665390115     
         232         260  0.99609384040891469     
         232         261  0.99698352503775978     
         233         262  0.99438255013459642     
         235         263  0.99607630980719586     
         235         264  0.98596715610343810     
         235         265  0.99779142085554762     
         236         266  0.99494607585896122     
         238         267  0.99923469622611361     
         239         268  0.99903272888285255     
         242         269  0.96100279984208314     
         244         270  0.99495034419737927     
         246         271  0.99771354085759412     
         246         272  0.99618350885195950     
         246         273  0.98609337405823783     
         247         274  0.99434503677688357     
         249         275  0.99657845944673329     
         249         276  0.99650705201326684     
         249         277  0.98659644397700152     
         250         278  0.99499799369357500     
         154         279   1.2281996936237702     
         279         280   1.2807731727223748     
         280         281   1.2702649460837632     
         281         282   1.5797576414380987     
         282         283   1.2632242060455272     
         280         284   1.2518346910799403     
         283         284   1.2214307694069033     
         283         285   1.3392472345702360     
         285         286   1.3748573580318806     
         286         287   1.1616237116080474     
         287         288   1.6929998677656557     
         286         289   1.3509697922957304     
         288         290   1.1665836890544479     
         289         290   1.4164988572566126     
         155         291   1.2278823357967952     
         290         291   1.2827745652111879     
         291         292   1.2811029423341640     
         292         293   1.2701022712793175     
         293         294   1.5799874127763569     
         294         295   1.2631054950835525     
         295         296   1.3394265709472666     
         296         297   1.0487845693079203     
         297         298   1.4235224831350062     
         298         299   1.4374442061000110     
         299         300   1.0099442038731539     
         299         301   1.4288322002517850     
         301         302   1.4335638935127812     
         302         303   1.0097657368618107     
         297         304   1.4272866208189556     
         302         304   1.4330559959693985     
         296         305   1.3746692007447485     
         305         306   1.1616463312054475     
         306         307   1.6928579818668283     
         279         308   1.2827090074312302     
         307         308   1.1666877677250596     
         305         309   1.3510960408227828     
         308         309   1.4164114587085168     
         292         310   1.2517699717665205     
         295         310   1.2214033821668768     
         285         311   1.0487584531708503     
         311         312   1.4266844259575555     
         312         313   1.4336161273298054     
         313         314   1.0097543722063660     
         313         315   1.4329566414537642     
         315         316   1.4294450365579778     
         316         317   1.0099644133528609     
         311         318   1.4242018925805429     
         316         318   1.4368165655850362     
         281         319  0.99799694845274589     
         282         320  0.99874786385582670     
         284         321  0.96099970814378033     
         287         322  0.99921976772326659     
         288         323  0.99902077208463924     
         293         324  0.99795727937616197     
         294         325  0.99871485389209103     
         298         326  0.99496863646875366     
         300         327  0.98671131445821159     
         300         328  0.99617288364464862     
         300         329  0.99691781233744459     
         301         330  0.99438976306031246     
         303         331  0.99612361781172376     
         303         332  0.98600359030479090     
         303         333  0.99776576027836317     
         304         334  0.99494452982964765     
         306         335  0.99924992259275891     
         307         336  0.99904118426840227     
         310         337  0.96102133406339341     
         312         338  0.99493518446626616     
         314         339  0.99768830750496185     
         314         340  0.99620646090137033     
         314         341  0.98603512186377096     
         315         342  0.99436136692144295     
         317         343  0.99662873643648842     
         317         344  0.99651875227360609     
         317         345  0.98660727723522723     
         318         346  0.99500603919916708     
         162         347   1.2276644521953195     
         347         348   1.2814051778123841     
         348         349   1.2700340813910933     
         349         350   1.5802761904745635     
         350         351   1.2628997516946838     
         348         352   1.2515898357685737     
         351         352   1.2217267573930770     
         351         353   1.3394708317840200     
         353         354   1.3747197216119336     
         354         355   1.1614590254098414     
         355         356   1.6932406426046163     
         354         357   1.3514070841437094     
         356         358   1.1664937448742578     
         357         358   1.4161365837121511     
         163         359   1.2273714495541403     
         358         359   1.2832356659960638     
         359         360   1.2815338928635145     
         360         361   1.2698757524683686     
         361         362   1.5804666746155203     
         362         363   1.2627806964547428     
         363         364   1.3398035611982901     
         364         365   1.0486589070152716     
         365         366   1.4236525941977418     
         366         367   1.4373301809946410     
         367         368   1.0099653051716044     
         367         369   1.4289190928415447     
         369         370   1.4335017703320154     
         370         371   1.0097748013530903     
         365         372   1.4272206453220917     
         370         372   1.4330997539452823     
         364         373   1.3743690795736736     
         373         374   1.1615439814053206     
         374         375   1.6930625563956079     
         347         376   1.2831712293349580     
         375         376   1.1666279789468081     
         373         377   1.3516054765497980     
         376         377   1.4160426198851461     
         360         378   1.2516186502773077     
         363         378   1.2215572253142528     
         353         379   1.0486299260497882     
         379         380   1.4268048889560074     
         380         381   1.4335055613641396     
         381         382   1.0097769164385952     
         381         383   1.4330376931949196     
         383         384   1.4293887655748898     
         384         385   1.0099761384996258     
         379         386   1.4241512998679808     
         384         386   1.4368509676076524     
         349         387  0.99794114751517682     
         350         388  0.99871566648913235     
         352         389  0.96099252333139606     
         355         390  0.99921492119672151     
         356         391  0.99898958116226388     
         361         392  0.99793240050717746     
         362         393  0.99870658979304672     
         366         394  0.99495540852640907     
         368         395  0.98668375321830604     
         368         396  0.99617472671175233     
         368         397  0.99688038256234834     
         369         398  0.99438111705384491     
         371         399  0.99613599707445422     
         371         400  0.98599615464067292     
         371         401  0.99772615801959252     
         372         402  0.99492624978001565     
         374         403  0.99922036232001632     
         375         404  0.99899881997127038     
         378         405  0.96099871341633858     
         380         406  0.99492256835534865     
         382         407  0.99770050081985306     
         382         408  0.99616278008086845     
         382         409  0.98599895252059777     
         383         410  0.99434873641994037     
         385         411  0.99663567531911723     
         385         412  0.99649713260181072     
         385         413  0.98658642100730443     
         386         414  0.99499232478035848     
         170         415   1.2273136640301454     
         415         416   1.2816537004857058     
         416         417   1.2698782066346119     
         417         418   1.5805340635099303     
         418         419   1.2627301815699552     
         416         420   1.2515291620626572     
         419         420   1.2217522803025382     
         419         421   1.3397014692114815     
         421         422   1.3745387601552181     
         422         423   1.1614240932522579     
         423         424   1.6932804825269736     
         422         425   1.3516442952377679     
         424         426   1.1664963107485349     
         425         426   1.4159711703948896     
         171         427   1.2272476412862654     
         426         427   1.2833895122005108     
         427         428   1.2816795256140192     
         428         429   1.2698366958847132     
         429         430   1.5805834930939804     
         430         431   1.2626976758927881     
         431         432   1.3397974047882888     
         432         433   1.0485961360679998     
         433         434   1.4237370326420531     
         434         435   1.4372494268690958     
         435         436   1.0099761901702420     
         435         437   1.4289848056355277     
         437         438   1.4334489175030685     
         438         439   1.0097820998779150     
         433         440   1.4271725507093169     
         438         440   1.4331392809417429     
         432         441   1.3744197039209249     
         441         442   1.1614446860090677     
         442         443   1.6932350087461210     
         415         444   1.2833925756064428     
         443         444   1.1665330733041901     
         441         445   1.3517172731784901     
         444         445   1.4159292537458412     
         428         446   1.2515415486837604     
         431         446   1.2216971891623813     
         421         447   1.0485659770801039     
         447         448   1.4268719629080380     
         448         449   1.4334418271412204     
         449         450   1.0097871194514116     
         449         451   1.4330871395734459     
         451         452   1.4293540726552600     
         452         453   1.0099836916470104     
         447         454   1.4241192639409519     
         452         454   1.4368745747787770     
         417         455  0.99791634458299183     
         418         456  0.99870264630881389     
         420         457  0.96098602167844926     
         423         458  0.99920980983760821     
         424         459  0.99897500302607134     
         429         460  0.99791494024253724     
         430         461  0.99870086547822412     
         434         462  0.99495200120190819     
         436         463  0.98666048968230768     
         436         464  0.99619671697166079     
         436         465  0.99684995713152469     
         437         466  0.99437308977787209     
         439         467  0.99613839809445848     
         439         468  0.98598746893273370     
         439         469  0.99770894659581355     
         440         470  0.99491707356048553     
         442         471  0.99920799404995575     
         443         472  0.99897643182727180     
         446         473  0.96098789819979891     
         448         474  0.99491575172764990     
         450         475  0.99770302252143728     
         450         476  0.99614237355413915     
         450         477  0.98598494353798982     
         451         478  0.99434194114332330     
         453         479  0.99663965023938339     
         453         480  0.99647833100237093     
         453         481  0.98657651327184792     
         454         482  0.99498403657930001     
         178         483   1.2272400634639500     
         483         484   1.2816861978473904     
         484         485   1.2698291605676377     
         485         486   1.5805934041701484     
         486         487   1.2626923843073632     
         484         488   1.2515515512323452     
         487         488   1.2216923670353017     
         487         489   1.3398112385618210     
         489         490   1.3744274085045824     
         490         491   1.1614481745917593     
         491         492   1.6932349777248084     
         490         493   1.3517122165539177     
         492         494   1.1665324401620973     
         493         494   1.4159331484550211     
         179         495   1.2273049468376884     
         494         495   1.2833885564475367     
         495         496   1.2816641201046977     
         496         497   1.2698733320974256     
         497         498   1.5805415537814584     
         498         499   1.2627243668646662     
         499         500   1.3397067917410357     
         500         501   1.0485848380295968     
         501         502   1.4238079305008435     
         502         503   1.4371838620106965     
         503         504   1.0099773930867091     
         503         505   1.4290497530344541     
         505         506   1.4333856927395654     
         506         507   1.0097817545300627     
         501         508   1.4271132122556165     
         506         508   1.4331982523281082     
         500         509   1.3745106655649217     
         509         510   1.1614276580996765     
         510         511   1.6932687350469806     
         483         512   1.2833910919289415     
         511         512   1.1665058047158721     
         509         513   1.3516629117064431     
         512         513   1.4159510462421028     
         496         514   1.2515272196560039     
         499         514   1.2217499341009130     
         489         515   1.0485767047399679     
         515         516   1.4269277059396810     
         516         517   1.4333869335701279     
         517         518   1.0097874354398593     
         517         519   1.4331447014774474     
         519         520   1.4292951418505531     
         520         521   1.0099828787863614     
         515         522   1.4240533295958886     
         520         522   1.4369339399657932     
         485         523  0.99791599401076303     
         486         524  0.99870042189817276     
         488         525  0.96098668606656701     
         491         526  0.99921111528011219     
         492         527  0.99897768699756040     
         497         528  0.99791558426563265     
         498         529  0.99870247352704278     
         502         530  0.99495530070103788     
         504         531  0.98665029967669360     
         504         532  0.99622698051944536     
         504         533  0.99682739070256643     
         505         534  0.99437146022615552     
         507         535  0.99615284864674458     
         507         536  0.98598831970706047     
         507         537  0.99769553061081928     
         508         538  0.99491510614937761     
         510         539  0.99920720913195216     
         511         540  0.99897515109147295     
         514         541  0.96098803587636250     
         516         542  0.99491807524324161     
         518         543  0.99771666650128066     
         518         544  0.99612718454985538     
         518         545  0.98598451294294154     
         519         546  0.99434261619472253     
         521         547  0.99665749661739544     
         521         548  0.99645507248406606     
         521         549  0.98658333018274702     
         522         550  0.99498125606931409     
         186         551   1.2273651681272977     
         551         552   1.2815451442992394     
         552         553   1.2698699310441071     
         553         554   1.5804736766185772     
         554         555   1.2627774145827055     
         552         556   1.2516173332057059     
         555         556   1.2215578370639675     
         555         557   1.3398094021260782     
         557         558   1.3743743234826908     
         558         559   1.1615400571034893     
         559         560   1.6930716785230173     
         558         561   1.3516093121209003     
         560         562   1.1666226425634536     
         561         562   1.4160380884354000     
         187         563   1.2276565966304054     
         562         563   1.2831950103686893     
         563         564   1.2813925310738892     
         564         565   1.2700371415414955     
         565         566   1.5802739358650413     
         566         567   1.2629034449765373     
         567         568   1.3394657520593090     
         568         569   1.0486374749713832     
         569         570   1.4238493308398517     
         570         571   1.4371523083579012     
         571         572   1.0099699006431451     
         571         573   1.4290912716077193     
         573         574   1.4333315778036353     
         574         575   1.0097720889157131     
         569         576   1.4270478856569311     
         574         576   1.4332644226265534     
         568         577   1.3747133816935675     
         577         578   1.1614586052299747     
         578         579   1.6932371904226731     
         551         580   1.2832315732775197     
         579         580   1.1664966888678185     
         577         581   1.3514103324537670     
         580         581   1.4161343495200192     
         564         582   1.2515888791165222     
         567         582   1.2217270165441916     
         557         583   1.0486506077973787     
         583         584   1.4269679842362408     
         584         585   1.4333523568066644     
         585         586   1.0097803238032879     
         585         587   1.4331927406634861     
         587         588   1.4292323061949233     
         588         589   1.0099720413998956     
         583         590   1.4239670618643494     
         588         590   1.4370125169003931     
         553         591  0.99793190544938704     
         554         592  0.99870636863774831     
         556         593  0.96099785554299533     
         559         594  0.99922266831550377     
         560         595  0.99899726860355176     
         565         596  0.99794175957475351     
         566         597  0.99871555104203680     
         570         598  0.99496400933003315     
         572         599  0.98665758702136586     
         572         600  0.99625107554228953     
         572         601  0.99682051968281093     
         573         602  0.99437764578022092     
         575         603  0.99617380390863242     
         575         604  0.98600185500046911     
         575         605  0.99769278354465418     
         576         606  0.99492079215752927     
         578         607  0.99921210146844353     
         579         608  0.99898986574723692     
         582         609  0.96099425446205944     
         584         610  0.99492733567835534     
         586         611  0.99773447095311030     
         586         612  0.99612444802791134     
         586         613  0.98599269499605113     
         587         614  0.99435028056381614     
         589         615  0.99668526135666602     
         589         616  0.99643828665773093     
         589         617  0.98660322704021741     
         590         618  0.99498620165046670     
         194         619   1.2278793944168422     
         619         620   1.2810871091424221     
         620         621   1.2701089368897764     
         621         622   1.5799856300253801     
         622         623   1.2631098680572355     
         620         624   1.2517669343765498     
         623         624   1.2214009611407937     
         623         625   1.3394221886333220     
         625         626   1.3746778150796573     
         626         627   1.1616480337082669     
         627         628   1.6928552032279602     
         626         629   1.3510916530888923     
         628         630   1.1666928093834008     
         629         630   1.4164171730092141     
         195         631   1.2282340315869114     
         630         631   1.2827067930433909     
         631         632   1.2807501581053848     
         632         633   1.2702656219173032     
         633         634   1.5797538521855481     
         634         635   1.2632282516334215     
         635         636   1.3392386779726100     
         636         637   1.0487695478146997     
         637         638   1.4238972982428222     
         638         639   1.4371245492023454     
         639         640   1.0099581660020207     
         639         641   1.4291398306077092     
         641         642   1.4332566051640754     
         642         643   1.0097495539403514     
         637         644   1.4269288223603023     
         642         644   1.4333704170774779     
         636         645   1.3748608557225888     
         645         646   1.1616231189064152     
         646         647   1.6929966946539194     
         619         648   1.2827883011545063     
         647         648   1.1665806439554443     
         645         649   1.3509640438106123     
         648         649   1.4164997459786821     
         632         650   1.2518454627243694     
         635         650   1.2214306401227581     
         625         651   1.0487785870891071     
         651         652   1.4270218618096575     
         652         653   1.4333181063226010     
         653         654   1.0097707429760090     
         653         655   1.4332452198157548     
         655         656   1.4291549971694149     
         656         657   1.0099510336624171     
         651         658   1.4238472918059040     
         656         658   1.4371167764236044     
         621         659  0.99796493286597820     
         622         660  0.99871445391836511     
         624         661  0.96102259337956275     
         627         662  0.99925275742172259     
         628         663  0.99904163479531327     
         633         664  0.99799719204455861     
         634         665  0.99874765816180655     
         638         666  0.99497796278707484     
         640         667  0.98667934192473317     
         640         668  0.99627201156546130     
         640         669  0.99681596652595017     
         641         670  0.99439022593292004     
         643         671  0.99621164303436816     
         643         672  0.98603740854824329     
         643         673  0.99768549467634637     
         644         674  0.99493413642239359     
         646         675  0.99921745308558030     
         647         676  0.99901309266054161     
         650         677  0.96100101167738194     
         652         678  0.99494570186215403     
         654         679  0.99777339180987468     
         654         680  0.99611319823988975     
         654         681  0.98600004858277357     
         655         682  0.99435857976082620     
         657         683  0.99671982901193501     
         657         684  0.99644229667536266     
         657         685  0.98662801042518522     
         658         686  0.99500007990070771     
         202         687   1.2281913732218805     
         687         688   1.2811473604255812     
         688         689   1.2701385511472829     
         689         690   1.5797928786487543     
         690         691   1.2632111399881893     
         688         692   1.2516932504277642     
         691         692   1.2217505973313896     
         691         693   1.3388983254285995     
         693         694   1.3748292095088113     
         694         695   1.1612188977290210     
         695         696   1.6936091160400981     
         694         697   1.3514563784275975     
         696         698   1.1660323411307749     
         697         698   1.4153689552411726     
         203         699   1.2244489733912671     
         698         699   1.2844191291477500     
         699         700   1.2821490004391023     
         700         701   1.2693649083175098     
         701         702   1.5804654369761884     
         702         703   1.2627840478266812     
         703         704   1.3399826619785773     
         704         705   1.0490565910744314     
         705         706   1.4236253772371814     
         706         707   1.4373910693879379     
         707         708   1.0099738229881259     
         707         709   1.4288545475306655     
         709         710   1.4335124443007743     
         710         711   1.0097241777974235     
         705         712   1.4269730521307973     
         710         712   1.4331861808488608     
         704         713   1.3740699885982262     
         713         714   1.1618644742937188     
         714         715   1.6926953170333765     
         687         716   1.2826635694695909     
         715         716   1.1666671744147170     
         713         717   1.3511947552267529     
         716         717   1.4165523427303797     
         700         718   1.2515628978704529     
         703         718   1.2211315782523220     
         693         719   1.0490903386402137     
         719         720   1.4270384445918358     
         720         721   1.4332422770877089     
         721         722   1.0097859201891646     
         721         723   1.4333378171740685     
         723         724   1.4290119340542495     
         724         725   1.0099480320849950     
         719         726   1.4235279071445681     
         724         726   1.4372817302245402     
         689         727  0.99793868263645291     
         690         728  0.99866106613864480     
         692         729  0.96100720346952451     
         695         730  0.99923575395386932     
         696         731  0.99902405841856179     
         701         732  0.99804250145153806     
         702         733  0.99877650144676300     
         706         734  0.99498033896108251     
         708         735  0.98670978745156435     
         708         736  0.99617489329165554     
         708         737  0.99683809075685537     
         709         738  0.99437587734069921     
         711         739  0.99606995270103205     
         711         740  0.98608581803893780     
         711         741  0.99780187248665886     
         712         742  0.99495744904639383     
         714         743  0.99916224584708324     
         715         744  0.99899566255768990     
         718         745  0.96093409229856697     
         720         746  0.99496393403094086     
         722         747  0.99781849951919754     
         722         748  0.99605070848146093     
         722         749  0.98597094735398982     
         723         750  0.99434589481444891     
         725         751  0.99673266926851412     
         725         752  0.99642807808933087     
         725         753  0.98661307300074297     
         726         754  0.99501355360468757     
