           2           3   1.3791658024647202     
           3           4   1.1961769800153954     
           4           5   1.6401666905424215     
           5           6   1.2000978992602407     
           1           7  0.57097650511154152     
           3           7   1.2866365963634996     
           6           7   1.2644302177331286     
           6           8   1.3937985247903253     
           8           9   1.3869816062423743     
           9          10   1.2118166021508261     
          10          11   1.6181744267575622     
           1          12  0.56361101259893309     
           9          12   1.2566484612445561     
          11          13   1.2255832218767595     
          12          13   1.3145749117425920     
          13          14   1.2824836514996556     
          14          15   1.2824793183296039     
          15          16   1.2256044948861839     
          16          17   1.6181791152985889     
          17          18   1.2118214894338613     
           1          19  0.56346296412895247     
          15          19   1.3145838757091701     
          18          19   1.2566509521926339     
          18          20   1.3869408489514425     
          20          21   1.3937422727036406     
          21          22   1.1996350988755355     
          22          23   1.6406747089626499     
           2          24   1.3790474817918152     
          23          24   1.1957648080572054     
           1          25  0.56824729506356364     
          21          25   1.2650186608554739     
          24          25   1.2872897596236237     
           2          26  0.99844818833858817     
           4          27  0.99566648296304383     
           5          28  0.99600324448376276     
           8          29  0.99963498921084071     
          10          30  0.99523185171794215     
          11          31   1.0007167428512898     
          16          32   1.0007228488158877     
          17          33  0.99522919951323163     
          20          34  0.99964997702558078     
          22          35  0.99602401323990086     
          23          36  0.99568190436942128     
          38          39   1.3791411972133489     
          39          40   1.1961821550993617     
          40          41   1.6401507581502430     
          41          42   1.2001154182368596     
          37          43  0.57095287399423755     
          39          43   1.2866631158304285     
          42          43   1.2644274353265095     
          42          44   1.3937687108983281     
          44          45   1.3870331149627937     
          45          46   1.2118308797543005     
          46          47   1.6182013813710745     
          37          48  0.56361810493227316     
          45          48   1.2565739363084776     
          47          49   1.2255556709280762     
          48          49   1.3146076764369692     
          49          50   1.2824816006680013     
          50          51   1.2825853273920962     
          51          52   1.2255506605442874     
          52          53   1.6182060904326094     
          53          54   1.2118024247212207     
          37          55  0.56345099099632623     
          51          55   1.3145850068370757     
          54          55   1.2566673941996411     
          54          56   1.3869478312520183     
          56          57   1.3937332854029918     
          57          58   1.1996477492229793     
          58          59   1.6406684321663279     
          38          60   1.3790670994618686     
          59          60   1.1957651469446902     
          37          61  0.56828024617862638     
          57          61   1.2650121034784578     
          60          61   1.2872723299993145     
          38          62  0.99844752439260132     
          40          63  0.99566703309451643     
          41          64  0.99600440808396584     
          44          65  0.99963407542848892     
          46          66  0.99522925502728388     
          47          67   1.0007450459629810     
          52          68   1.0006944014380930     
          53          69  0.99523096999196481     
          56          70  0.99965043021166988     
          58          71  0.99602346288250743     
          59          72  0.99568175734519948     
          14          74   1.2277822980756434     
          73          74   2.4839840304606375     
          73          75   1.3311585404250614     
          50          76   1.2276742203027136     
          74          76  0.17145670968442769     
          75          76   2.4840085026350764     
