    0.31629177
   -0.02071758
    0.05551640
   -0.03927434
   -0.03712673
    0.05840630
   -0.21484257
    0.00992870
    0.02505138
   -0.01618892
    0.05415583
   -0.25711661
    0.05398826
   -0.01633301
    0.05789304
   -0.03584702
   -0.03650899
   -0.21308280
    0.06100698
    0.01859037
    0.06091699
   -0.03634154
   -0.03563794
    0.05805191
   -0.21298827
    0.00871309
    0.02433840
   -0.01618106
    0.05364128
   -0.25700244
    0.05421090
   -0.01543699
    0.05861513
   -0.03681908
   -0.03902394
    0.05553884
   -0.21481538
    0.02602544
    0.02833432
    0.02319462
    0.02467818
    0.02938906
    0.02900354
    0.02430117
    0.02474868
    0.02573398
    0.02587446
    0.02368602
    0.02414728
    0.02859567
    0.02983826
    0.02522268
    0.02212929
    0.02851166
    0.31384604
   -0.02054739
    0.05580763
   -0.03918690
   -0.03710501
    0.05876371
   -0.21516512
    0.00996258
    0.02506279
   -0.01613492
    0.05414780
   -0.25699846
    0.05405430
   -0.01626278
    0.05805623
   -0.03582433
   -0.03654731
   -0.21338340
    0.06140613
    0.01846468
    0.06136577
   -0.03639454
   -0.03566293
    0.05818847
   -0.21335462
    0.00901192
    0.02454404
   -0.01616422
    0.05370900
   -0.25685069
    0.05433527
   -0.01542043
    0.05888540
   -0.03685333
   -0.03899636
    0.05583398
   -0.21507388
    0.02585745
    0.02848250
    0.02326398
    0.02467576
    0.02934040
    0.02907842
    0.02435410
    0.02494958
    0.02590690
    0.02579034
    0.02393304
    0.02419222
    0.02860807
    0.02998639
    0.02535240
    0.02235421
    0.02858701
   -0.01989143
   -0.01756582
   -0.02006600
   -0.01692765
   -0.01993508
   -0.01725960
   -0.01994109
   -0.01728567
   -0.02025246
   -0.01719472
   -0.02010625
   -0.01771074
    0.32334383
    0.01859262
    0.06119176
   -0.03670689
   -0.03545708
    0.05822394
   -0.21270549
    0.01129026
    0.02470649
   -0.01538364
    0.05438605
   -0.25621108
    0.05444532
   -0.01532211
    0.05822128
   -0.03512004
   -0.03642167
   -0.21270367
    0.06169744
    0.01856236
    0.06157759
   -0.03647430
   -0.03521366
    0.05821429
   -0.21268382
    0.01126122
    0.02470629
   -0.01534284
    0.05445584
   -0.25621184
    0.05437543
   -0.01537871
    0.05825122
   -0.03538843
   -0.03665594
    0.06124654
   -0.21277312
    0.02520924
    0.02366019
    0.02523702
    0.02984461
    0.02999579
    0.02540690
    0.02395355
    0.02567832
    0.02562830
    0.02398366
    0.02538211
    0.03001278
    0.02980782
    0.02522166
    0.02366209
    0.02525019
    0.32555135
    0.01848198
    0.06142621
   -0.03644411
   -0.03510460
    0.05799707
   -0.21244539
    0.01113878
    0.02453111
   -0.01530598
    0.05443395
   -0.25627952
    0.05427272
   -0.01540421
    0.05795101
   -0.03538364
   -0.03672277
   -0.21238015
    0.06087403
    0.01859803
    0.06098971
   -0.03657359
   -0.03526250
    0.05806439
   -0.21235022
    0.01114852
    0.02451892
   -0.01542067
    0.05428640
   -0.25627418
    0.05444569
   -0.01528380
    0.05790396
   -0.03517953
   -0.03654335
    0.06134659
   -0.21245510
    0.02559205
    0.02375595
    0.02544313
    0.03008495
    0.02966019
    0.02495858
    0.02354079
    0.02546318
    0.02548728
    0.02364165
    0.02509628
    0.02969372
    0.03009154
    0.02533294
    0.02377520
    0.02562399
