   -0.06035401
   -0.01447322
    0.06438420
   -0.03648745
   -0.03545151
    0.06570241
   -0.16799398
    0.01354845
    0.01647576
   -0.01652486
   -0.01183680
    0.01615081
    0.11249368
   -0.26688027
   -0.01118672
   -0.01596385
    0.06484328
   -0.03363424
   -0.03284238
   -0.16618819
    0.06954446
    0.02459511
    0.06956600
   -0.03284863
   -0.03362903
    0.06481342
   -0.16623201
    0.01354773
    0.01649132
   -0.01656388
   -0.01182125
    0.01614276
    0.11249503
   -0.26689656
   -0.01119629
   -0.01592796
    0.06570545
   -0.03546412
   -0.03647718
    0.06438146
   -0.16797205
    0.03191766
    0.03396298
    0.02577311
    0.03170940
    0.04161977
    0.04296921
    0.03273244
    0.02758299
    0.02608565
    0.02618390
    0.02756063
    0.03172797
    0.04159496
    0.04298681
    0.03273546
    0.02581410
    0.03394126
   -0.06285098
   -0.01407870
    0.06467466
   -0.03647223
   -0.03565560
    0.06594731
   -0.16819751
    0.01418688
    0.01681102
   -0.01655031
   -0.01165211
    0.01594815
    0.11243458
   -0.26712325
   -0.01127689
   -0.01634481
    0.06525803
   -0.03395387
   -0.03299945
   -0.16660911
    0.06971626
    0.02520343
    0.06973840
   -0.03297352
   -0.03398630
    0.06524462
   -0.16664760
    0.01420564
    0.01682726
   -0.01669685
   -0.01168125
    0.01593759
    0.11243433
   -0.26715777
   -0.01124220
   -0.01619883
    0.06600211
   -0.03563213
   -0.03647565
    0.06466782
   -0.16815074
    0.03166201
    0.03414875
    0.02637681
    0.03192844
    0.04173469
    0.04271711
    0.03275642
    0.02791390
    0.02661992
    0.02680718
    0.02782312
    0.03193678
    0.04168941
    0.04276672
    0.03280400
    0.02647987
    0.03413573
   -0.02155527
   -0.02107798
   -0.02072861
   -0.02088722
   -0.01994983
   -0.02045407
   -0.05773229
    0.02410606
    0.06950085
   -0.03323019
   -0.03335605
    0.06465792
   -0.16537794
    0.01562505
    0.01651305
   -0.01594943
   -0.01123424
    0.01664128
    0.11278885
   -0.26601535
   -0.01115819
   -0.01586412
    0.06463748
   -0.03313837
   -0.03301933
   -0.16541410
    0.06991283
    0.02421708
    0.06993827
   -0.03300112
   -0.03311443
    0.06462496
   -0.16535516
    0.01564195
    0.01650833
   -0.01591807
   -0.01122826
    0.01665634
    0.11279476
   -0.26599147
   -0.01115134
   -0.01587771
    0.06463703
   -0.03330941
   -0.03321333
    0.06953754
   -0.16537972
    0.02558714
    0.02708284
    0.03247160
    0.04267987
    0.04305305
    0.03273278
    0.02721700
    0.02605660
    0.02598860
    0.02722089
    0.03243706
    0.04269437
    0.04306199
    0.03273644
    0.02707681
    0.02560403
   -0.05981452
    0.02464346
    0.07013954
   -0.03295290
   -0.03325504
    0.06499042
   -0.16554696
    0.01587609
    0.01669111
   -0.01595278
   -0.01113807
    0.01654959
    0.11275388
   -0.26616685
   -0.01118335
   -0.01595944
    0.06503386
   -0.03352623
   -0.03332079
   -0.16586687
    0.06970352
    0.02448905
    0.06967208
   -0.03335794
   -0.03356907
    0.06503879
   -0.16587398
    0.01587730
    0.01671812
   -0.01590556
   -0.01108624
    0.01653856
    0.11274686
   -0.26618508
   -0.01122884
   -0.01602815
    0.06497434
   -0.03324733
   -0.03294236
    0.07016587
   -0.16552295
    0.02616204
    0.02757681
    0.03284198
    0.04292542
    0.04279081
    0.03275908
    0.02709447
    0.02600791
    0.02591228
    0.02708749
    0.03287153
    0.04294640
    0.04274153
    0.03279312
    0.02754367
    0.02615138
