           2           3   1.3937015799669596     
           3           4   1.2043900847144051     
           4           5   1.6369229013706170     
           5           6   1.2097903022542582     
           1           7  0.87574096194413820     
           3           7   1.2214450882328634     
           6           7   1.2271314869202592     
           6           8   1.3630378768385372     
           8           9   1.0528304066444019     
           9          10   1.4160628161492845     
          10          11   1.4628254752671983     
          11          12   1.3832358899352302     
          12          13   1.1242335315219560     
          13          14   2.9623820951219630     
          12          15   1.3827251002167520     
           9          16   1.4155649809831166     
          15          16   1.4631915066841539     
           8          17   1.3684401827539792     
          17          18   1.2165784994430486     
          18          19   1.6231935459960076     
           1          20  0.86848494159172851     
          17          20   1.2186479296540662     
          19          21   1.2280249296144872     
          20          21   1.2457686530963930     
          21          22   1.3076034784656152     
          22          23   1.3066847736894609     
          23          24   1.2281437714170720     
          24          25   1.6232740574529023     
          25          26   1.2163312612836235     
           1          27  0.86839827064835950     
          23          27   1.2469434545980791     
          26          27   1.2174042832924472     
          26          28   1.3698638872856523     
          28          29   1.0524138753724830     
          29          30   1.4160974288870154     
          30          31   1.4628608374847543     
          31          32   1.3831282938737128     
          32          33   1.1242177173514649     
          33          34   2.9624004183783792     
          32          35   1.3829125549375252     
          29          36   1.4158987794599016     
          35          36   1.4629894557110428     
          28          37   1.3619422171808813     
          37          38   1.2100088975282308     
          38          39   1.6368425230369970     
           2          40   1.3946210150130891     
          39          40   1.2042174757491222     
           1          41  0.87558355881849625     
          37          41   1.2281997254615649     
          40          41   1.2205057278791018     
           2          42  0.99516789403284045     
           4          43  0.99221682485792018     
           5          44  0.99776361043304684     
          10          45  0.98653059781696639     
          11          46  0.98519656629189567     
          15          47  0.98482843883320181     
          16          48  0.98605393211109327     
          18          49  0.99704108428057669     
          19          50  0.99750054686328948     
          24          51  0.99748022259811364     
          25          52  0.99702103620255422     
          30          53  0.98647876280343227     
          31          54  0.98521856545968711     
          35          55  0.98481015445747733     
          36          56  0.98607035112217489     
          38          57  0.99778797596281743     
          39          58  0.99223833372372638     
          60          61   1.3952856057518717     
          61          62   1.2036396393573796     
          62          63   1.6385590244584396     
          63          64   1.2091923825994211     
          59          65  0.87040615136816302     
          61          65   1.2237802838963132     
          64          65   1.2292333795452477     
          64          66   1.3652372045604646     
          66          67   1.0451429437377677     
          67          68   1.4186710894922672     
          68          69   1.4619220985853110     
          69          70   1.3834547889989661     
          70          71   1.1240348470882067     
          71          72   2.9626224947790694     
          70          73   1.3839177662174480     
          67          74   1.4194601169398469     
          73          74   1.4614720026485959     
          66          75   1.3731883451377198     
          75          76   1.2143644375427027     
          76          77   1.6273616127509385     
          59          78  0.86391191882631668     
          75          78   1.2194605705274395     
          77          79   1.2246777235316164     
          78          79   1.2479175658414343     
          79          80   1.3135627625043083     
          80          81   1.3137311321280376     
          81          82   1.2242526493932315     
          82          83   1.6274501072744461     
          83          84   1.2145323023473193     
          59          85  0.86399668040376976     
          81          85   1.2475916563013247     
          84          85   1.2196372841853753     
          84          86   1.3732031158114630     
          86          87   1.0448847873033011     
          87          88   1.4187087044127646     
          88          89   1.4619301893614611     
          89          90   1.3835080708294460     
          90          91   1.1240276453358946     
          91          92   2.9626263707718650     
          90          93   1.3839035009769400     
          87          94   1.4196071279592806     
          93          94   1.4613808168412901     
          86          95   1.3652514607850923     
          95          96   1.2088883702663664     
          96          97   1.6385589831856988     
          60          98   1.3952166863871260     
          97          98   1.2036769817356514     
          59          99  0.87030587597969222     
          95          99   1.2292005264395252     
          98          99   1.2239873755362571     
          60         100  0.99553460934390225     
          62         101  0.99207566344143150     
          63         102  0.99795296791077814     
          68         103  0.98620581057199219     
          69         104  0.98523291495845589     
          73         105  0.98500711095405591     
          74         106  0.98594426491416409     
          76         107  0.99694364439045891     
          77         108  0.99787210394874304     
          82         109  0.99778479268600040     
          83         110  0.99678985775522388     
          88         111  0.98608141078674028     
          89         112  0.98524928622707431     
          93         113  0.98499745489650603     
          94         114  0.98603718670199558     
          96         115  0.99802617684453110     
          97         116  0.99207010367703674     
          22         117   1.2026444351869858     
         117         118   2.6314328291714388     
         119         120   2.6278747210777453     
          80         122   1.1906811949428278     
         121         122   2.6407589589949447     
         118         124   1.2047020826173520     
         124         125   1.3050303204769300     
         125         126   1.2309677374835943     
         126         127   1.6190659727258354     
         127         128   1.2204662220531861     
         123         129  0.87169051687928101     
         125         129   1.2444446854852869     
         128         129   1.2187317795922976     
         128         130   1.3629012267513025     
         130         131   1.0551797714950537     
         131         132   1.4150189681452159     
         132         133   1.4633235652737882     
         133         134   1.3828767813839558     
         134         135   1.1239938198050190     
         135         136   2.9628699749481511     
         134         137   1.3835203156545537     
         131         138   1.4156135544047810     
         137         138   1.4629054643356045     
         130         139   1.3671994497978686     
         139         140   1.2191639246850632     
         140         141   1.6204027854008567     
         123         142  0.87091203456795796     
         139         142   1.2161314604108500     
         141         143   1.2299615699746502     
         142         143   1.2475088922473727     
         119         144   1.2055906143632737     
         143         144   1.3038422160649910     
         144         145   1.3039369225636934     
         145         146   1.2299488784329899     
         146         147   1.6203185396562685     
         147         148   1.2192838113476372     
         123         149  0.87124350460642586     
         145         149   1.2470896782162848     
         148         149   1.2163669590415342     
         148         150   1.3668511979594267     
         150         151   1.0553570752384973     
         151         152   1.4149117084046119     
         152         153   1.4633622916237328     
         153         154   1.3828591825494705     
         154         155   1.1239966259613277     
         155         156   2.9628717062493619     
         154         157   1.3835136022311147     
         151         158   1.4155718422300640     
         157         158   1.4629141062989235     
         150         159   1.3631670616612956     
         159         160   1.2204771125948273     
         160         161   1.6188332749113368     
         124         162   1.3040100611722403     
         161         162   1.2312756105900002     
         123         163  0.87132929245207669     
         159         163   1.2182228671412443     
         162         163   1.2451488180588999     
         126         164  0.99760879736809138     
         127         165  0.99753094497360695     
         132         166  0.98632744499284231     
         133         167  0.98494993871862713     
         137         168  0.98484028609504515     
         138         169  0.98632363409257240     
         140         170  0.99739051832453018     
         141         171  0.99767921997393716     
         146         172  0.99767072401041623     
         147         173  0.99738668521097573     
         152         174  0.98633868975403216     
         153         175  0.98493557470706516     
         157         176  0.98484479539802028     
         158         177  0.98631377760386807     
         160         178  0.99750795989764873     
         161         179  0.99753769052017449     
         120         181   1.2045671893753258     
         181         182   1.3057849220277220     
         182         183   1.2290807997010273     
         183         184   1.6218258168681936     
         184         185   1.2185831485944023     
         180         186  0.86598099586087751     
         182         186   1.2491394665398161     
         185         186   1.2188187078549464     
         185         187   1.3683330898468427     
         187         188   1.0510745891450761     
         188         189   1.4168965794746264     
         189         190   1.4625356701501162     
         190         191   1.3834999492778028     
         191         192   1.1239064578699167     
         192         193   2.9630078661285055     
         191         194   1.3836399769554149     
         188         195   1.4171636091041113     
         194         195   1.4623019069453340     
         187         196   1.3664259232489697     
         196         197   1.2185671977741130     
         197         198   1.6220981555242158     
         180         199  0.86615577566731294     
         196         199   1.2201788455088145     
         198         200   1.2282564343145659     
         199         200   1.2466720169919194     
         121         201   1.1925943080731860     
         200         201   1.3105013806238197     
         201         202   1.3113457216093514     
         202         203   1.2280940694087426     
         203         204   1.6221950732658073     
         204         205   1.2186160418400207     
         180         206  0.86610406071176360     
         202         206   1.2459645282063538     
         205         206   1.2207802180754617     
         205         207   1.3659997304784757     
         207         208   1.0504995043347356     
         208         209   1.4169720060116442     
         209         210   1.4625686551530848     
         210         211   1.3833078130073821     
         211         212   1.1238832580553388     
         212         213   2.9630209716139189     
         211         214   1.3839464371938224     
         208         215   1.4176037959964118     
         214         215   1.4620547744086148     
         207         216   1.3691732702607169     
         216         217   1.2184064421471092     
         217         218   1.6219105927512771     
         181         219   1.3051662735528959     
         218         219   1.2291029888700640     
         180         220  0.86619405993424736     
         216         220   1.2181148276785763     
         219         220   1.2497705573634723     
         183         221  0.99779717810007651     
         184         222  0.99746156075303538     
         189         223  0.98615933935499911     
         190         224  0.98488794009897196     
         194         225  0.98498442963325039     
         195         226  0.98622706811622929     
         197         227  0.99730198754267996     
         198         228  0.99754980333668608     
         203         229  0.99763519985341609     
         204         230  0.99736770936277863     
         209         231  0.98614104055667906     
         210         232  0.98490667530985709     
         214         233  0.98497168227370568     
         215         234  0.98619885524473527     
         217         235  0.99745496499728259     
         218         236  0.99781661992135551     
