           2           3   1.3914310699657029     
           3           4   1.2049879691297214     
           4           5   1.6339500977294323     
           5           6   1.2098352757919808     
           1           7  0.87164291548877537     
           3           7   1.2216639565264220     
           6           7   1.2281248664300022     
           6           8   1.3594936106625159     
           8           9   1.0556337209186963     
           9          10   1.4150414633211490     
          10          11   1.4662621200102346     
          11          12   1.4033692757257854     
          12          13   1.0058458710715523     
          13          14   1.5653183220833380     
          13          15   1.5665256131724916     
          14          15  0.37910506433305530     
          12          16   1.4028578003574406     
           9          17   1.4138839416784168     
          16          17   1.4670954271003325     
           8          18   1.3654020875971726     
          18          19   1.2160618144827726     
          19          20   1.6217205238492540     
           1          21  0.86658042814825731     
          18          21   1.2199505183117265     
          20          22   1.2275228942851473     
          21          22   1.2443316707186407     
          22          23   1.3096685788420928     
          23          24   1.3060060457315534     
          24          25   1.2295602922002116     
          25          26   1.6193263801918452     
          26          27   1.2176377903320716     
           1          28  0.86456286576598573     
          24          28   1.2452947824933402     
          27          28   1.2199349181951253     
          27          29   1.3630064310562728     
          29          30   1.0563844356556866     
          30          31   1.4139724500345476     
          31          32   1.4669274290158576     
          32          33   1.4030124769894636     
          33          34   1.0059818560049227     
          34          35   1.5651926191963550     
          34          36   1.5664812899560479     
          35          36  0.37905004007027121     
          33          37   1.4029683549290195     
          30          38   1.4142660155863154     
          37          38   1.4667656004100971     
          29          39   1.3613033838975126     
          39          40   1.2086848998554134     
          40          41   1.6357268225302406     
           2          42   1.3947328080619801     
          41          42   1.2034932682461406     
           1          43  0.87409520800484419     
          39          43   1.2281060252457197     
          42          43   1.2204377327604770     
           2          44  0.99632709173705769     
           4          45  0.99337266151018144     
           5          46  0.99852466795674988     
          10          47  0.98747582722903182     
          11          48  0.98584013302016027     
          16          49  0.98624811254446243     
          17          50  0.98803442019933896     
          19          51  0.99762057647225100     
          20          52  0.99844392057914155     
          25          53  0.99820489812854274     
          26          54  0.99759553498834330     
          31          55  0.98800578709833575     
          32          56  0.98629686826277885     
          37          57  0.98580592634724062     
          38          58  0.98754141118957772     
          40          59  0.99847979512439056     
          41          60  0.99337919747572678     
          62          63   1.3914324864493157     
          63          64   1.2049868156309851     
          64          65   1.6339513888610098     
          65          66   1.2098349288103802     
          61          67  0.87164430747486743     
          63          67   1.2216658413032542     
          66          67   1.2281231174890219     
          66          68   1.3595001491981118     
          68          69   1.0556244714329850     
          69          70   1.4150407707797008     
          70          71   1.4662660710121795     
          71          72   1.4033654633507082     
          72          73   1.0058512017784971     
          73          74   1.5653081484794638     
          73          75   1.5665362399004419     
          74          75  0.37910580200863581     
          72          76   1.4028622434430664     
          69          77   1.4138930214879089     
          76          77   1.4670899120386236     
          68          78   1.3654035886055624     
          78          79   1.2160610217176078     
          79          80   1.6217219871913049     
          61          81  0.86657406827032890     
          78          81   1.2199531894248397     
          80          82   1.2275225742382916     
          81          82   1.2443339971911329     
          82          83   1.3096700949414097     
          83          84   1.3060077764535156     
          84          85   1.2295588988255164     
          85          86   1.6193287283108115     
          86          87   1.2176369150010207     
          61          88  0.86455754083645975     
          84          88   1.2452982128827477     
          87          88   1.2199352367364362     
          87          89   1.3630094411142699     
          89          90   1.0563794796979391     
          90          91   1.4139739105178186     
          91          92   1.4669273445160060     
          92          93   1.4030120890146895     
          93          94   1.0059837533296649     
          94          95   1.5651893649958186     
          94          96   1.5664840769467849     
          95          96  0.37905017957245840     
          93          97   1.4029683696009776     
          90          98   1.4142684911315382     
          97          98   1.4667651409222817     
          89          99   1.3613055636638614     
          99         100   1.2086851210209475     
         100         101   1.6357257548867750     
          62         102   1.3947324051803163     
         101         102   1.2034941721637993     
          61         103  0.87409248632055025     
          99         103   1.2281065340048982     
         102         103   1.2204394799895448     
          62         104  0.99632729191169667     
          64         105  0.99337262147359195     
          65         106  0.99852509801087619     
          70         107  0.98747575727432013     
          71         108  0.98583980050389508     
          76         109  0.98624737472751811     
          77         110  0.98803333497911328     
          79         111  0.99762077473628030     
          80         112  0.99844396206117270     
          85         113  0.99820512947106765     
          86         114  0.99759490356954028     
          91         115  0.98800521106400696     
          92         116  0.98629660241211670     
          97         117  0.98580622353054748     
          98         118  0.98754151506135235     
         100         119  0.99848073699734574     
         101         120  0.99337913234172848     
          23         121   1.1987310527482837     
          83         122   1.1987302213050608     
         121         122   2.6367827389448273     
