           2           3   1.3842207939353284     
           3           4   1.2004549878473192     
           4           5   1.6394960336933260     
           5           6   1.2090379727551694     
           1           7  0.56717916586280392     
           3           7   1.2849241028517795     
           6           7   1.2745666899783605     
           6           8   1.3676090769988207     
           8           9   1.0459389975004669     
           9          10   1.8029231533151706     
          10          11   1.0089720883747970     
          11          12  0.96695552696403175     
          12          13   1.1784413858821365     
           9          14   1.1183942211513440     
          13          14   1.7103629728945255     
           8          15   1.3633443058601484     
          15          16   1.2194212445245518     
          16          17   1.6220662041698419     
           1          18  0.56365129068326203     
          15          18   1.2653341263829792     
          17          19   1.2259995821946832     
          18          19   1.3090211911503824     
          19          20   1.2939812286138872     
          20          21   1.2949379638304250     
          21          22   1.2262262297125675     
          22          23   1.6216588536996184     
          23          24   1.2195370689964582     
           1          25  0.56343034804041836     
          21          25   1.3085005005343882     
          24          25   1.2660331569105698     
          24          26   1.3625299389519827     
          26          27   1.0461986784975073     
          27          28   1.8029575176714630     
          28          29   1.0089980825887470     
          29          30  0.96703455093451107     
          30          31   1.1782026476807470     
          27          32   1.1181906945899067     
          31          32   1.7105521147280449     
          26          33   1.3681165941886646     
          33          34   1.2088318654149308     
          34          35   1.6398547228961040     
           2          36   1.3845197104017251     
          35          36   1.2003296585564873     
           1          37  0.56765319881929355     
          33          37   1.2742010176817766     
          36          37   1.2848630722248040     
           2          38  0.99894291512937794     
           4          39  0.99489699697554723     
           5          40   1.0010690685723087     
          10          41  0.98737507111808476     
          11          42  0.98770199968518668     
          11          43  0.98034464575995828     
          12          44  0.95727739756330821     
          13          45  0.98010551873409824     
          14          46  0.98777979002415595     
          16          47   1.0005015262251693     
          17          48  0.99973230949745107     
          22          49  0.99964081727880927     
          23          50   1.0006105380840704     
          28          51  0.98739406630050064     
          29          52  0.98775186621299504     
          29          53  0.98038770875460002     
          30          54  0.95730361964257671     
          31          55  0.98006135800303851     
          32          56  0.98781183773101466     
          34          57   1.0010321801826696     
          35          58  0.99487411593797515     
          60          61   1.3841975220344835     
          61          62   1.2003553153141251     
          62          63   1.6395700240452702     
          63          64   1.2089833024454570     
          59          65  0.56668740755231450     
          61          65   1.2850722971513979     
          64          65   1.2745286763073982     
          64          66   1.3677012082463433     
          66          67   1.0458973397867488     
          67          68   1.8030911394485507     
          68          69   1.0089544540369499     
          69          70  0.96698738952787955     
          70          71   1.1784101686128596     
          67          72   1.1182247605949740     
          71          72   1.7103072067545848     
          66          73   1.3632042888640730     
          73          74   1.2190766680092167     
          74          75   1.6225256720529664     
          59          76  0.56408619331933885     
          73          76   1.2658506022103884     
          75          77   1.2255585775371871     
          76          77   1.3081909588961984     
          77          78   1.2954235170952302     
          78          79   1.2967242383536015     
          79          80   1.2256603564258686     
          80          81   1.6224020836826287     
          81          82   1.2190713796609507     
          59          83  0.56330328768073890     
          79          83   1.3077110027375114     
          82          83   1.2662866541245221     
          82          84   1.3627364620048792     
          84          85   1.0464967981656372     
          85          86   1.8025843965146342     
          86          87   1.0090727146472567     
          87          88  0.96709233228099567     
          88          89   1.1781169115200560     
          85          90   1.1181837339739986     
          89          90   1.7106342898815179     
          84          91   1.3675342846206806     
          91          92   1.2088929521274889     
          92          93   1.6396077984538890     
          60          94   1.3844924100607596     
          93          94   1.2004084314035186     
          59          95  0.56769696124355751     
          91          95   1.2745248625056922     
          94          95   1.2847057074476744     
          60          96  0.99890875473320428     
          62          97  0.99486568944184095     
          63          98   1.0010209946796418     
          68          99  0.98734551092641953     
          69         100  0.98768686846724396     
          69         101  0.98034660008541163     
          70         102  0.95721144330773766     
          71         103  0.98002895383235022     
          72         104  0.98773645587232417     
          74         105   1.0005623343684198     
          75         106  0.99974092753444910     
          80         107  0.99964081552936579     
          81         108   1.0006050137967855     
          86         109  0.98740540473710869     
          87         110  0.98772839157400105     
          87         111  0.98033247891388031     
          88         112  0.95730932710140515     
          89         113  0.98003450752756582     
          90         114  0.98776190088750693     
          92         115   1.0009798029229551     
          93         116  0.99484161958093076     
          20         118   1.2159054683735575     
         117         118   2.5009020140554039     
         117         119   1.3219681849935627     
         118         120  0.17569975621482428     
         119         120   2.4997681289978080     
         121         122   2.5030135690654052     
         121         123   1.3188386889610069     
          78         124   1.2127314010988075     
         122         124  0.17582414339701430     
         123         124   2.5043253650936768     
         120         126   1.2174202156932854     
         126         127   1.2916589304492123     
         127         128   1.2271123916833999     
         128         129   1.6215725171361193     
         129         130   1.2193822532563154     
         125         131  0.56376694519555604     
         127         131   1.3109571428286624     
         130         131   1.2616188767373318     
         130         132   1.3685735068301232     
         132         133   1.0441693671888481     
         133         134   1.8024670461634198     
         134         135   1.0087336929712001     
         135         136  0.96752366510990728     
         136         137   1.1773714294513427     
         133         138   1.1197573507822136     
         137         138   1.7078051377070749     
         132         139   1.3655500581460287     
         139         140   1.2211943698698007     
         140         141   1.6209430882201534     
         125         142  0.56450036718124541     
         139         142   1.2627765011583816     
         141         143   1.2268216701707879     
         142         143   1.3095098642422334     
         122         144   1.2142063269362482     
         143         144   1.2929750254950891     
         144         145   1.2938397739137171     
         145         146   1.2269523280212000     
         146         147   1.6215711739734449     
         147         148   1.2195834803564529     
         125         149  0.56296221739800145     
         145         149   1.3098474107134712     
         148         149   1.2627299743171139     
         148         150   1.3674689398799660     
         150         151   1.0457623941822436     
         151         152   1.8040254025038840     
         152         153   1.0090810478337466     
         153         154  0.96671585814944727     
         154         155   1.1779970073817174     
         151         156   1.1181273894090940     
         155         156   1.7107726571726367     
         150         157   1.3652444735391291     
         157         158   1.2208047260804900     
         158         159   1.6209542156422909     
         126         160   1.2924578538214428     
         159         160   1.2267726689746099     
         125         161  0.56488379660945887     
         157         161   1.2628726335613403     
         160         161   1.3098437168524408     
         128         162   1.0001915179696488     
         129         163   1.0014433641777403     
         134         164  0.98626238604871230     
         135         165  0.97796540895412476     
         135         166  0.98784168994268051     
         136         167  0.95716054074338608     
         137         168  0.98024289057449032     
         138         169  0.98843871373841263     
         140         170   1.0003365382756011     
         141         171   1.0001953368080678     
         146         172   1.0001563244470284     
         147         173   1.0006927279563005     
         152         174  0.98738980821961753     
         153         175  0.98017295410120386     
         153         176  0.98785840543866010     
         154         177  0.95759540625798978     
         155         178  0.98029135137666312     
         156         179  0.98795926642384779     
         158         180   1.0013447624043288     
         159         181   1.0000403978065688     
