           1           2   1.3885393073280070     
           2           3   1.2246544123218974     
           3           4   1.6206216715667781     
           4           5   1.2259709002718366     
           2           6   1.2247467475848508     
           5           6   1.2173416510151478     
           5           7   1.3948148814030989     
           7           8   1.3619710886090706     
           8           9   1.1562590953669041     
           9          10   1.7119008500886044     
           8          11   1.3672439376589625     
          10          12   1.1194647081837736     
          11          12   1.2562387989183685     
          10          13  0.42915646784368711     
          12          13   1.5373675761075449     
          13          14   1.4082180248087219     
          14          15   1.2348179639125871     
          15          16   1.6033494451099679     
          16          17   1.2371543305961121     
          14          18   1.1868700187147492     
          17          18   1.2407787686861793     
          17          19   1.3576182398215937     
          19          20   1.3980285638650265     
          20          21   1.1431689997011716     
          21          22   1.7146645082870648     
           1          23   1.3701355017501795     
          22          23   1.1393442033739754     
          20          24   1.3603975897867402     
          23          24   1.3916163132196162     
           1          25  0.99493720025289589     
           3          26  0.99252961088558211     
           4          27  0.99270094531004938     
           6          28  0.96092013901051809     
           7          29  0.99452481260551939     
           9          30  0.99267847747154481     
          15          32  0.99300978941479068     
          16          33  0.99240281920218654     
          18          34  0.95987356196197882     
          19          35  0.99566454367287294     
          21          36  0.99332306027361339     
          22          37  0.99347230961703004     
          38          39   1.3885656213628033     
          39          40   1.2246563513387376     
          40          41   1.6206291426984616     
          41          42   1.2259596999564562     
          39          43   1.2247195442975294     
          42          43   1.2173645385432359     
          42          44   1.3947982467557580     
          44          45   1.3619953415423884     
          45          46   1.1562370081658506     
          46          47   1.7122165590175922     
          45          48   1.3673071263563568     
          47          49   1.1192873890069299     
          48          49   1.2559725395791981     
          47          50  0.42975313808271276     
          49          50   1.5378591410738298     
          50          51   1.4080814859115840     
          51          52   1.2348721503850764     
          52          53   1.6032560592366973     
          53          54   1.2372109101317212     
          51          55   1.1868470065159706     
          54          55   1.2406855085371635     
          54          56   1.3576242366856368     
          56          57   1.3980143308150823     
          57          58   1.1431805800611352     
          58          59   1.7146402922320432     
          38          60   1.3701166878506694     
          59          60   1.1393641796209344     
          57          61   1.3603937862231763     
          60          61   1.3916095432506543     
          38          62  0.99493752127513158     
          40          63  0.99252856071491891     
          41          64  0.99269806489857249     
          43          65  0.96094083736094904     
          44          66  0.99451951914908399     
          46          67  0.99269783215718699     
          52          69  0.99301725165659505     
          53          70  0.99240266392856402     
          55          71  0.95985543449589783     
          56          72  0.99566214487185734     
          58          73  0.99332408610909684     
          59          74  0.99347396299709323     
          31          75  0.90956434709242351     
          75          76   2.6722492502412267     
          76          77   1.2978364469504788     
          75          78  0.19211609112197142     
          77          78   2.4084251272001036     
          78          79   1.3692779626660108     
          77          80  0.16901906005567671     
          79          80   2.3461141304404571     
          80          81   1.3860261773652682     
          79          82  0.16473036395807819     
          81          82   2.3506439313147194     
          82          83   1.3590928734671821     
          81          84  0.16942797097323906     
          83          84   2.4659726157791031     
          85          86   2.4514739970893604     
          86          87   1.3713497456455181     
          85          88  0.16612911793285387     
          87          88   2.3259135050202819     
          88          89   1.4071664430858621     
          87          90  0.15893084967609275     
          89          90   2.3037035061996853     
          90          91   1.4074695932565897     
          89          92  0.15880134521740427     
          91          92   2.3250089709478354     
          92          93   1.3722974198938360     
          91          94  0.16576318999334536     
          93          94   2.4495395085155298     
          95          96   2.4486808514421354     
          96          97   1.3729353000956579     
          95          98  0.16547403810704636     
          97          98   2.3237916476502209     
          98          99   1.4084117303246615     
          97         100  0.15840249994867561     
          99         100   2.3020633253190175     
         100         101   1.4084311935272298     
          99         102  0.15840162997653950     
         101         102   2.3237570080030681     
         102         103   1.3729973210075284     
         101         104  0.16547771255824556     
         103         104   2.4486279533557922     
         105         106   2.4486501346246414     
         106         107   1.3729671979882057     
         105         108  0.16546987403869856     
         107         108   2.3237865201788575     
         108         109   1.4084169943877833     
         107         110  0.15840468256119908     
         109         110   2.3020806104953961     
         110         111   1.4083940895766824     
         109         112  0.15840274232261728     
         111         112   2.3238108110726605     
         112         113   1.3729171721848912     
         111         114  0.16547138579253889     
         113         114   2.4486939288795631     
         115         116   2.4495656210103043     
         116         117   1.3722580597440921     
         115         118  0.16575886080407148     
         117         118   2.3250605113072256     
         118         119   1.4074220130060355     
         117         120  0.15880007225539358     
         119         120   2.3037600497920789     
         120         121   1.4071175031940837     
         119         122  0.15892972712854725     
         121         122   2.3259686053689799     
         122         123   1.3713058806551375     
         121         124  0.16612174956705472     
         123         124   2.4515020739597366     
         125         126   2.4660262253238270     
         126         127   1.3590324218912471     
         125         128  0.16942061661752450     
         127         128   2.3507315124144870     
         128         129   1.3859549015906700     
         127         130  0.16472348218803282     
         129         130   2.3462004715623608     
         130         131   1.3692075336467882     
         129         132  0.16901323381740097     
         131         132   2.4085015220025361     
         132         133   1.2978448641151890     
          68         134  0.91136574580298790     
         131         134  0.19211727583030527     
         133         134   2.6722610821560093     
          84         135   1.2206049454931320     
         135         136   1.2868899058874850     
         136         137   1.2625331753698807     
         137         138   1.5889642738117922     
         138         139   1.2464241853668996     
         136         140   1.2481857833694314     
         139         140   1.2207432152181219     
         139         141   1.3667295680558731     
         141         142   1.4003194541519153     
         142         143   1.1481777241005156     
         143         144   1.7009754579147816     
         142         145   1.3483100563645110     
         144         146   1.1604043997158016     
         145         146   1.4181917486109670     
          85         147   1.2276915580636054     
         146         147   1.2815841631151024     
         147         148   1.2825893226762948     
         148         149   1.2638057942222765     
         149         150   1.5874986476253359     
         150         151   1.2471963477139085     
         148         152   1.2496350940372585     
         151         152   1.2201053117894562     
         151         153   1.3666584335282759     
         153         154   1.4000281628388094     
         154         155   1.1477307079683070     
         155         156   1.7020602482938125     
         135         157   1.2842919861159181     
         156         157   1.1597355628607728     
         154         158   1.3494110638323489     
         157         158   1.4162415307241079     
         137         159  0.99737486854951662     
         138         160  0.99197132208053129     
         140         161  0.95950790633660898     
         141         162  0.99502602239559723     
         143         163  0.99255538474984606     
         144         164  0.99872175182131007     
         149         165  0.99756520889346634     
         150         166  0.99195029840987470     
         152         167  0.95945244857252665     
         153         168  0.99498001233659539     
         155         169  0.99246647644509145     
         156         170  0.99882167986937254     
          94         171   1.2291518933276167     
         171         172   1.2809821967623971     
         172         173   1.2647369607144101     
         173         174   1.5856165377116749     
         174         175   1.2484847266294861     
         172         176   1.2501980736451854     
         175         176   1.2192406454784137     
         175         177   1.3653894279480259     
         177         178   1.4015936219119589     
         178         179   1.1486924245774357     
         179         180   1.7001443102667819     
         178         181   1.3463094916226359     
         180         182   1.1608477224426341     
         181         182   1.4197696405028093     
          95         183   1.2297880986341752     
         182         183   1.2791991392775470     
         183         184   1.2810592089377912     
         184         185   1.2649725684247173     
         185         186   1.5853659993605600     
         186         187   1.2486378899299231     
         184         188   1.2500247517189891     
         187         188   1.2196505135180085     
         187         189   1.3647294563971302     
         189         190   1.4021707958532359     
         190         191   1.1484670346817507     
         191         192   1.7004643736165439     
         171         193   1.2795701518935076     
         192         193   1.1606302903937065     
         190         194   1.3461192484237230     
         193         194   1.4196656076040453     
         173         195  0.99761711558031008     
         174         196  0.99209900553315877     
         176         197  0.95960635964059837     
         177         198  0.99514638578316106     
         179         199  0.99262772635213870     
         180         200  0.99887990703852991     
         185         201  0.99757971245458554     
         186         202  0.99208859955515138     
         188         203  0.95962579771924750     
         189         204  0.99514348910701556     
         191         205  0.99264773765534742     
         192         206  0.99886192567885324     
         104         207   1.2297844511790001     
         207         208   1.2808384157658446     
         208         209   1.2649705021261906     
         209         210   1.5853631633725902     
         210         211   1.2486535301737924     
         208         212   1.2501358367083601     
         211         212   1.2194018022576232     
         211         213   1.3649982219226684     
         213         214   1.4019216240446393     
         214         215   1.1486378470417153     
         215         216   1.7002042161783069     
         214         217   1.3461328465558289     
         216         218   1.1608204669084210     
         217         218   1.4198063861754566     
         105         219   1.2297746687678128     
         218         219   1.2792650687567886     
         219         220   1.2808169838268371     
         220         221   1.2649744598256112     
         221         222   1.5853589956705381     
         222         223   1.2486593860817150     
         220         224   1.2501403628451799     
         223         224   1.2193996843975230     
         223         225   1.3649940385947992     
         225         226   1.4019320790066394     
         226         227   1.1486392457708667     
         227         228   1.7002058804468816     
         207         229   1.2792377275757145     
         228         229   1.1608167610941669     
         226         230   1.3461199212733144     
         229         230   1.4198256023511151     
         209         231  0.99761872619512282     
         210         232  0.99211189587992210     
         212         233  0.95963988680615675     
         213         234  0.99516593712440227     
         215         235  0.99266130922038243     
         216         236  0.99888721554292170     
         221         237  0.99762185592253705     
         222         238  0.99211087065947101     
         224         239  0.95963874698386487     
         225         240  0.99516511754035786     
         227         241  0.99266034254334834     
         228         242  0.99889018988305345     
         114         243   1.2297870866100278     
         243         244   1.2810371428447154     
         244         245   1.2649860872240075     
         245         246   1.5853625159082121     
         246         247   1.2486301818965466     
         244         248   1.2500229261386262     
         247         248   1.2196603307107805     
         247         249   1.3647259995360987     
         249         250   1.4021723646023265     
         250         251   1.1484633118859564     
         251         252   1.7004576888867873     
         250         253   1.3461241397595514     
         252         254   1.1606475040818687     
         253         254   1.4196538594739385     
         115         255   1.2291446088079769     
         254         255   1.2795212014765995     
         255         256   1.2810315311138567     
         256         257   1.2647449026618203     
         257         258   1.5856201419682783     
         258         259   1.2484672348365684     
         256         260   1.2501662076687718     
         259         260   1.2192612436658639     
         259         261   1.3653870862104660     
         261         262   1.4015766089094879     
         262         263   1.1486758749133841     
         263         264   1.7001430117356806     
         243         265   1.2792249169833192     
         264         265   1.1608633503785919     
         262         266   1.3463465276655220     
         265         266   1.4197252597405154     
         245         267  0.99758129486993796     
         246         268  0.99208848128729421     
         248         269  0.95961140789966426     
         249         270  0.99514127981667211     
         251         271  0.99264593530543488     
         252         272  0.99886781249179590     
         257         273  0.99760859909394661     
         258         274  0.99210154668382833     
         260         275  0.95959389330297873     
         261         276  0.99514667466862816     
         263         277  0.99262928392533467     
         264         278  0.99887576187875760     
         124         279   1.2276909988004463     
         279         280   1.2826295688545173     
         280         281   1.2638202226477668     
         281         282   1.5875060751590206     
         282         283   1.2471652141822376     
         280         284   1.2495916118622508     
         283         284   1.2201301549812327     
         283         285   1.3666655382784321     
         285         286   1.3999813375651375     
         286         287   1.1477025916584731     
         287         288   1.7020539254210738     
         286         289   1.3494945216157648     
         288         290   1.1597710434670052     
         289         290   1.4161348813130830     
         125         291   1.2205852869384448     
         290         291   1.2844007078200743     
         291         292   1.2867994882139082     
         292         293   1.2625605205530959     
         293         294   1.5889541895552510     
         294         295   1.2464193614903603     
         292         296   1.2481894626048839     
         295         296   1.2207506455136170     
         295         297   1.3667225813525512     
         297         298   1.4003272575924031     
         298         299   1.1481655174514032     
         299         300   1.7009718949838328     
         279         301   1.2815426309286109     
         300         301   1.1604247610110054     
         298         302   1.3483190650113255     
         301         302   1.4181766376712930     
         281         303  0.99755629045606686     
         282         304  0.99195309855244329     
         284         305  0.95943492154277998     
         285         306  0.99498158404162873     
         287         307  0.99247268966779179     
         288         308  0.99880887878354463     
         293         309  0.99738268823880560     
         294         310  0.99196761804427691     
         296         311  0.95948516372250281     
         297         312  0.99502194561868151     
         299         313  0.99255415785149204     
         300         314  0.99872507094382867     
