           2           3   1.3806721537963271     
           3           4   1.2017436023822514     
           4           5   1.6348309328773467     
           5           6   1.2112586896851485     
           1           7  0.56901464898909626     
           3           7   1.2861764120951020     
           6           7   1.2674667345068162     
           6           8   1.3701064577347715     
           8           9   1.0466840097857952     
           9          10   1.8034188592164750     
          10          11   1.0084186087840015     
          11          12  0.96704369294385872     
          12          13   1.1752831374841186     
           9          14   1.1183272541909175     
          13          14   1.7130289543294779     
           8          15   1.3585848126014106     
          15          16   1.2264104094579060     
          16          17   1.6091100051171310     
           1          18  0.56416086801025700     
          15          18   1.2595365046448563     
          17          19   1.2342519273757899     
          18          19   1.3152314021636002     
          19          20   1.2769369451210264     
          20          21   1.2765809548634908     
          21          22   1.2343648866065895     
          22          23   1.6089878685333061     
          23          24   1.2264431115614285     
           1          25  0.56367508921473242     
          21          25   1.3154677631269447     
          24          25   1.2594727769354468     
          24          26   1.3587033646001312     
          26          27   1.0467544924357270     
          27          28   1.8030801515620731     
          28          29   1.0085224413139662     
          29          30  0.96686766945370339     
          30          31   1.1755364833041311     
          27          32   1.1185744624496676     
          31          32   1.7124857904765209     
          26          33   1.3699927775513057     
          33          34   1.2113382365554710     
          34          35   1.6347274333442974     
           2          36   1.3807956981889484     
          35          36   1.2018481709712814     
           1          37  0.57008928345431353     
          33          37   1.2673468981263376     
          36          37   1.2858960491122211     
           2          38  0.99946887608946211     
           4          39  0.99584040408121788     
           5          40   1.0017772640235696     
          10          41  0.98773117805134114     
          11          42  0.98829144697065596     
          11          43  0.98096421547046264     
          12          44  0.95850519760349007     
          13          45  0.98057988910889837     
          14          46  0.98832020567361145     
          16          47   1.0013339492165958     
          17          48   1.0009575211381481     
          22          49   1.0009565787859600     
          23          50   1.0012916564769887     
          28          51  0.98774851036382516     
          29          52  0.98821616823252922     
          29          53  0.98094902230510572     
          30          54  0.95836748802317551     
          31          55  0.98054099728885580     
          32          56  0.98828772804467813     
          34          57   1.0017783291572879     
          35          58  0.99582586180585853     
          60          61   1.3806918345462544     
          61          62   1.2017427621541288     
          62          63   1.6348386839301283     
          63          64   1.2112593942048231     
          59          65  0.56913005323499433     
          61          65   1.2861568150111204     
          64          65   1.2674405595295342     
          64          66   1.3701327177329250     
          66          67   1.0466550368367560     
          67          68   1.8034479232532339     
          68          69   1.0084130413746837     
          69          70  0.96703692640053607     
          70          71   1.1752975995753676     
          67          72   1.1183293786633270     
          71          72   1.7130066235333850     
          66          73   1.3585818423749407     
          73          74   1.2263852025763351     
          74          75   1.6091275663115499     
          59          76  0.56404408040072718     
          73          76   1.2595794098182929     
          75          77   1.2342500181510783     
          76          77   1.3152336881239135     
          77          78   1.2769315425292314     
          78          79   1.2766014096031864     
          79          80   1.2343511618725749     
          80          81   1.6089943380418885     
          81          82   1.2264508971954113     
          59          83  0.56378742950757210     
          79          83   1.3154763638408937     
          82          83   1.2594328037076612     
          82          84   1.3587217171636101     
          84          85   1.0467252821221125     
          85          86   1.8031317565546561     
          86          87   1.0085176810270402     
          87          88  0.96687846527909316     
          88          89   1.1755103623740433     
          85          90   1.1185544670746494     
          89          90   1.7125246126298816     
          84          91   1.3700041405991363     
          91          92   1.2113327450731335     
          92          93   1.6347401145541849     
          60          94   1.3807821822302557     
          93          94   1.2018381627661749     
          59          95  0.56999095980704095     
          91          95   1.2673496405585059     
          94          95   1.2859307036367724     
          60          96  0.99947018978889668     
          62          97  0.99583963961721278     
          63          98   1.0017780359652331     
          68          99  0.98772841211838802     
          69         100  0.98829235065466947     
          69         101  0.98096533081583748     
          70         102  0.95850191033442034     
          71         103  0.98058024061979121     
          72         104  0.98832006225422153     
          74         105   1.0013355565536608     
          75         106   1.0009705754398579     
          80         107   1.0009449766594110     
          81         108   1.0012937487883073     
          86         109  0.98774630987828227     
          87         110  0.98821890941999579     
          87         111  0.98095209586446486     
          88         112  0.95837392076323835     
          89         113  0.98054078821703938     
          90         114  0.98828776852094047     
          92         115   1.0017792628507187     
          93         116  0.99582699155787391     
          20         118   1.2441393183560305     
         117         118   2.4691964872133938     
         117         119   1.3473648425541489     
          78         120   1.2441217684951598     
         118         120  0.17179690672951067     
         119         120   2.4692302803983681     
