           1           2   1.3739003485682280     
           2           3   1.2353196474705106     
           3           4   1.6047543150951518     
           4           5   1.2372268156318986     
           2           6   1.2272319964750069     
           5           6   1.2265380964301205     
           5           7   1.3691977143928979     
           7           8   1.3972036490533040     
           8           9   1.1492449858753555     
           9          10   1.6995532042157364     
           8          11   1.3487587476001388     
          10          12   1.1606147674478775     
          11          12   1.4178516160749335     
          12          13   1.2821516446643115     
          13          14   1.2865485166211947     
          14          15   1.2618775793471870     
          15          16   1.5897038649158508     
          16          17   1.2440319337774026     
          14          18   1.2483169291138010     
          17          18   1.2184166747269161     
          17          19   1.3733114326206257     
          19          20   1.3854356442251996     
          20          21   1.1413354054882747     
          21          22   1.7138195114307864     
           1          23   1.3804673200105422     
          22          23   1.1422793469432455     
          20          24   1.3748468051503522     
          23          24   1.3779783442837061     
           1          25  0.99541450761017281     
           3          26  0.99258873773398737     
           4          27  0.99268485973369969     
           6          28  0.96114415096169814     
           7          29  0.99533124830341424     
           9          30  0.99275583958625646     
          10          31  0.99931005581016508     
          15          32  0.99806150680247963     
          16          33  0.99226177896739531     
          18          34  0.95984502231763380     
          19          35  0.99545232592770616     
          21          36  0.99335325926571705     
          22          37  0.99326597608825817     
          38          39   1.3739009116483718     
          39          40   1.2353149765201974     
          40          41   1.6047710084185243     
          41          42   1.2372163863509336     
          39          43   1.2272377300041164     
          42          43   1.2265646577621554     
          42          44   1.3691954145869656     
          44          45   1.3972189251776288     
          45          46   1.1492331866405667     
          46          47   1.6995975216562393     
          45          48   1.3487694471756926     
          47          49   1.1605926097358130     
          48          49   1.4178277353163842     
          49          50   1.2821316972142758     
          50          51   1.2868204637721923     
          51          52   1.2617818091745823     
          52          53   1.5898055343629363     
          53          54   1.2439613191103116     
          51          55   1.2482468074475892     
          54          55   1.2184481698889067     
          54          56   1.3733600848969456     
          56          57   1.3853953213204691     
          57          58   1.1413266743848713     
          58          59   1.7138315040870882     
          38          60   1.3804998827837252     
          59          60   1.1422742495756533     
          57          61   1.3748919891029687     
          60          61   1.3779514141754274     
          38          62  0.99541239355659483     
          40          63  0.99258558243422546     
          41          64  0.99268115211367824     
          43          65  0.96113729108455537     
          44          66  0.99532521635841320     
          46          67  0.99274695651183553     
          47          68  0.99933823427700130     
          52          69  0.99802405834885111     
          53          70  0.99226238817632262     
          55          71  0.95984255072927593     
          56          72  0.99545008413867864     
          58          73  0.99334973249237712     
          59          74  0.99326235988754630     
          75          76   2.3722417145567967     
          76          77   1.3576592178907265     
          13          78   1.2239123917111452     
          75          78  0.17081222158857179     
          77          78   2.4692225880956156     
          75          79   1.3594604455077222     
          76          80  0.17042203695488436     
          79          80   2.4643833057039193     
          81          82   2.3668214729207593     
          82          83   1.3623926224314593     
          81          84  0.16962001266242296     
          83          84   2.4608645252487062     
          81          85   1.3623716445477734     
          82          86  0.16971215966253270     
          85          86   2.4612295034864262     
          87          88   2.3680537639181267     
          88          89   1.3616905497875023     
          87          90  0.17010566817427208     
          89          90   2.4622012497356920     
          87          91   1.3616109279166968     
          88          92  0.17014152817165590     
          91          92   2.4624616876334011     
          93          94   2.3680410607882911     
          94          95   1.3616297204422936     
          93          96  0.17014166101811290     
          95          96   2.4624242190693892     
          93          97   1.3617012787660749     
          94          98  0.17009912076215250     
          97          98   2.4621745242208464     
          99         100   2.3668244453738287     
         100         101   1.3623731139230844     
          99         102  0.16971901958204999     
         101         102   2.4612315321044553     
          99         103   1.3623763558778303     
         100         104  0.16962285129032950     
         103         104   2.4609076943483128     
         105         106   2.3725111392638762     
         106         107   1.3592093611693850     
         105         108  0.17042874677096484     
         107         108   2.4646611627667419     
         105         109   1.3574172079382043     
          50         110   1.2236644161622710     
         106         110  0.17081904268567991     
         109         110   2.4694851761102927     
          80         111   1.2290036884994244     
         111         112   1.2793187415359424     
         112         113   1.2668114217944746     
         113         114   1.5819758174293614     
         114         115   1.2507144212801178     
         112         116   1.2503222007087647     
         115         116   1.2179318442325104     
         115         117   1.3638301264224271     
         117         118   1.4022870210344838     
         118         119   1.1498974259898695     
         119         120   1.6979534995904255     
         118         121   1.3444997859475996     
         120         122   1.1623398666438864     
         121         122   1.4209682215866466     
          84         123   1.2313281825499234     
         122         123   1.2776337392587178     
         123         124   1.2789680780178101     
         124         125   1.2672249109956168     
         125         126   1.5817568943473936     
         126         127   1.2508649381456582     
         124         128   1.2502463531089278     
         127         128   1.2188740866715952     
         127         129   1.3624899381520048     
         129         130   1.4036224487297166     
         130         131   1.1494495569044769     
         131         132   1.6986722415658930     
         111         133   1.2783318516761264     
         132         133   1.1617986485030578     
         130         134   1.3440188517045628     
         133         134   1.4205783152029936     
         113         135  0.99836390003975206     
         114         136  0.99273396925805779     
         116         137  0.96011907102534111     
         117         138  0.99569021655098755     
         119         139  0.99315044550827403     
         120         140  0.99952794915337972     
         125         141  0.99817237204238651     
         126         142  0.99258392333676881     
         128         143  0.96018288129788776     
         129         144  0.99564418699014046     
         131         145  0.99319171546510621     
         132         146  0.99959775263911188     
          86         147   1.2309184499415993     
         147         148   1.2790334838559818     
         148         149   1.2670109524362758     
         149         150   1.5822143877302461     
         150         151   1.2507252157885003     
         148         152   1.2503041311260090     
         151         152   1.2186304419517811     
         151         153   1.3632645062811757     
         153         154   1.4029607622450295     
         154         155   1.1496723130075359     
         155         156   1.6985838176701467     
         154         157   1.3444044784908920     
         156         158   1.1618957866210726     
         157         158   1.4209503905736751     
          90         159   1.2302876454631380     
         158         159   1.2781875001878629     
         159         160   1.2797361993333960     
         160         161   1.2666173527445688     
         161         162   1.5827275854829734     
         162         163   1.2503786581813772     
         160         164   1.2502342156862869     
         163         164   1.2185211405350918     
         163         165   1.3637533442531811     
         165         166   1.4024665536241339     
         166         167   1.1498410742799785     
         167         168   1.6982203736012704     
         147         169   1.2781600546146863     
         168         169   1.1621533230020755     
         166         170   1.3446520455109932     
         169         170   1.4207572983576842     
         149         171  0.99826317247472363     
         150         172  0.99260453566314200     
         152         173  0.96019045952106585     
         153         174  0.99563578512913276     
         155         175  0.99313745420863742     
         156         176  0.99955494370542952     
         161         177  0.99817599327832329     
         162         178  0.99258492771186513     
         164         179  0.96020733877952547     
         165         180  0.99564351842189980     
         167         181  0.99316951586566515     
         168         182  0.99955174834425364     
          92         183   1.2300543765176868     
         183         184   1.2801000382938412     
         184         185   1.2665201384370328     
         185         186   1.5829773847423034     
         186         187   1.2502668346621097     
         184         188   1.2500802842659444     
         187         188   1.2188067789715478     
         187         189   1.3637505100975875     
         189         190   1.4025292211649072     
         190         191   1.1496932932845561     
         191         192   1.6986408123658612     
         190         193   1.3448252337574451     
         192         194   1.1618689443157775     
         193         194   1.4206931919226937     
          96         195   1.2300727540319873     
         194         195   1.2783681015327915     
         195         196   1.2802074169005915     
         196         197   1.2665033444361231     
         197         198   1.5829934603599489     
         198         199   1.2502446685818291     
         196         200   1.2500452460412392     
         199         200   1.2188170011949577     
         199         201   1.3637590503479455     
         201         202   1.4024881350974148     
         202         203   1.1496763113447153     
         203         204   1.6986445150153062     
         183         205   1.2784973111265274     
         204         205   1.1618710983833778     
         202         206   1.3448803399797176     
         205         206   1.4206242744083855     
         185         207  0.99816188011239138     
         186         208  0.99256312689052784     
         188         209  0.96017594346161195     
         189         210  0.99559877935241181     
         191         211  0.99310346737477995     
         192         212  0.99957301700660539     
         197         213  0.99814115488490796     
         198         214  0.99256699494072387     
         200         215  0.96017951523698797     
         201         216  0.99560247448249528     
         203         217  0.99310789314601755     
         204         218  0.99955208288932984     
          98         219   1.2303062230322233     
         219         220   1.2798529730949932     
         220         221   1.2666070317745863     
         221         222   1.5827256533088978     
         222         223   1.2503726034225771     
         220         224   1.2502037091205207     
         223         224   1.2185443066826105     
         223         225   1.3637333959994600     
         225         226   1.4024803855680201     
         226         227   1.1498386223187411     
         227         228   1.6982253645397953     
         226         229   1.3446387555806587     
         228         230   1.1621505866943118     
         229         230   1.4207712775994117     
         102         231   1.2309176920296017     
         230         231   1.2781085841383664     
         231         232   1.2790770139445640     
         232         233   1.2670114216391575     
         233         234   1.5822037003633072     
         234         235   1.2507316455980855     
         232         236   1.2502992482690851     
         235         236   1.2186409222330201     
         235         237   1.3632468923276715     
         237         238   1.4029927580885895     
         238         239   1.1496833691602142     
         239         240   1.6985829978602298     
         219         241   1.2780462898445273     
         240         241   1.1618965513101172     
         238         242   1.3443590282543267     
         241         242   1.4210090806780553     
         221         243  0.99815158681056426     
         222         244  0.99258994279356327     
         224         245  0.96020545651231970     
         225         246  0.99564437677739814     
         227         247  0.99316701416588504     
         228         248  0.99956062563109704     
         233         249  0.99825496634535971     
         234         250  0.99260746473720396     
         236         251  0.96018548438223617     
         237         252  0.99563437915214459     
         239         253  0.99313172028012831     
         240         254  0.99957990007244835     
         104         255   1.2313010029084179     
         255         256   1.2789806665683920     
         256         257   1.2672139075847366     
         257         258   1.5817833575756937     
         258         259   1.2508397782062184     
         256         260   1.2502226567938994     
         259         260   1.2188770037108305     
         259         261   1.3625201989688294     
         261         262   1.4035528764311513     
         262         263   1.1494134278391301     
         263         264   1.6987122193242747     
         262         265   1.3441297267290129     
         264         266   1.1617696136020363     
         265         266   1.4204264499210937     
         108         267   1.2287372467818620     
         266         267   1.2786024016245963     
         267         268   1.2793123984109744     
         268         269   1.2667649621436079     
         269         270   1.5820346190084928     
         270         271   1.2506865257163398     
         268         272   1.2503204647679331     
         271         272   1.2179186661553527     
         271         273   1.3638758838440517     
         273         274   1.4022683735000434     
         274         275   1.1499006136213104     
         275         276   1.6979577049602415     
         255         277   1.2776678234755579     
         276         277   1.1623278500211320     
         274         278   1.3445098100467023     
         277         278   1.4209683462742697     
         257         279  0.99817550461023419     
         258         280  0.99258138894159642     
         260         281  0.96018848058863937     
         261         282  0.99564473835888634     
         263         283  0.99319611920522133     
         264         284  0.99956856369670943     
         269         285  0.99838557893395130     
         270         286  0.99272772718876945     
         272         287  0.96011769058537821     
         273         288  0.99568682515437257     
         275         289  0.99314972809759250     
         276         290  0.99952124707415257     
