           2           3   1.3873420508724386     
           3           4   1.1978841047084317     
           4           5   1.6454829584262858     
           5           6   1.2049808498458541     
           1           7  0.56782427266669178     
           3           7   1.2836834881668242     
           6           7   1.2774668933527609     
           6           8   1.3678229454458544     
           8           9   1.0486742063026058     
           9          10   1.4399908141679991     
          10          11   1.4072327074019355     
          11          12   1.0358258956852942     
          12          13   1.2094933561842136     
          12          14   1.8199633318241299     
          13          14  0.18384673449205741     
          11          15   1.4005035538374875     
          15          16   1.4539531165674435     
           9          17   1.4190796426871739     
          16          17   1.4448777155258352     
           8          18   1.3620012341998351     
          18          19   1.2172286105061143     
          19          20   1.6222510098827725     
           1          21  0.55976110312110028     
          18          21   1.2675268195975657     
          20          22   1.2272418259151519     
          21          22   1.3112907950253427     
          22          23   1.2876425934842579     
          23          24   1.2882429203802463     
          24          25   1.2270256062279454     
          25          26   1.6225983569987179     
          26          27   1.2169713028517426     
           1          28  0.55944586081695047     
          24          28   1.3113034071905787     
          27          28   1.2672110941225794     
          27          29   1.3628577966558655     
          29          30   1.0479206489876642     
          30          31   1.4205638757316090     
          31          32   1.4435113249622187     
          32          33   1.4560895656883872     
          33          34   1.4010990159326902     
          34          35   1.0367832295012358     
          35          36   1.2118340395384095     
          35          37   1.8167392687476236     
          36          37  0.18295393036027696     
          30          38   1.4382342751335417     
          34          38   1.4068420288851771     
          29          39   1.3675625945483612     
          39          40   1.2056892805132613     
          40          41   1.6444555626349380     
           2          42   1.3863084113669537     
          41          42   1.1985389948525185     
           1          43  0.56698537403388194     
          39          43   1.2773587821811576     
          42          43   1.2841424941798694     
           2          44  0.99786589913800938     
           4          45  0.99354075458119973     
           5          46  0.99861920759828904     
          10          47  0.99556620824368114     
          13          48  0.94393384085658483     
          15          49  0.98702578708722488     
          16          50  0.98168429388956846     
          17          51  0.98955312073737556     
          19          52  0.99842593757316156     
          20          53  0.99909429385051485     
          25          54  0.99894202034509572     
          26          55  0.99847280874227440     
          31          56  0.98944024002082454     
          32          57  0.98159399238144418     
          33          58  0.98676732480157880     
          36          59  0.94385261104047280     
          38          60  0.99602716601714458     
          40          61  0.99888399165658925     
          41          62  0.99360651865433702     
          64          65   1.3875155266656194     
          65          66   1.1979500956236389     
          66          67   1.6454052812752533     
          67          68   1.2049159506500005     
          63          69  0.56815379687688361     
          65          69   1.2834014287040219     
          68          69   1.2776333622735949     
          68          70   1.3673141368874810     
          70          71   1.0501486777697249     
          71          72   1.4390652418044569     
          72          73   1.4075453631545443     
          73          74   1.0358919612322168     
          74          75   1.2094425443834194     
          74          76   1.8198883950132207     
          75          76  0.18380419651480312     
          73          77   1.4002630807622383     
          77          78   1.4539151447916672     
          71          79   1.4186532891358221     
          78          79   1.4449474002318003     
          70          80   1.3613604523588809     
          80          81   1.2176563999175840     
          81          82   1.6214958427112447     
          63          83  0.55964011307315487     
          80          83   1.2674361397783287     
          82          84   1.2277601578195503     
          83          84   1.3114179174515550     
          84          85   1.2870051538814111     
          85          86   1.2880461448490228     
          86          87   1.2269638618985610     
          87          88   1.6225731009009188     
          88          89   1.2170301940462667     
          63          90  0.55957986316545782     
          86          90   1.3114099536621824     
          89          90   1.2668968327680303     
          89          91   1.3633417671195216     
          91          92   1.0463644118541962     
          92          93   1.4213602129444884     
          93          94   1.4432298888699604     
          94          95   1.4562853362565367     
          95          96   1.4012136214402842     
          96          97   1.0366569334950371     
          97          98   1.2118882869722321     
          97          99   1.8168550260291974     
          98          99  0.18297733585362314     
          92         100   1.4388968443140946     
          96         100   1.4067181269024804     
          91         101   1.3681605999201607     
         101         102   1.2056824801357655     
         102         103   1.6444445342278711     
          64         104   1.3860100211786111     
         103         104   1.1984968292886000     
          63         105  0.56675319802856705     
         101         105   1.2770183042675594     
         104         105   1.2843917927534092     
          64         106  0.99786481372936076     
          66         107  0.99351752414808858     
          67         108  0.99851848482015104     
          72         109  0.99563118452214039     
          75         110  0.94401169539360086     
          77         111  0.98705819163494035     
          78         112  0.98165551204715862     
          79         113  0.98960656060298235     
          81         114  0.99835750697162262     
          82         115  0.99904168516437331     
          87         116  0.99906213140469446     
          88         117  0.99857768004287739     
          93         118  0.98942287199166168     
          94         119  0.98168318182225189     
          95         120  0.98674124464057855     
          98         121  0.94377828034993105     
         100         122  0.99597534065689164     
         102         123  0.99900891996462693     
         103         124  0.99363659155799644     
         125         126   2.3618161036762721     
         126         127   1.3645023021126641     
          23         128   1.2320593902420260     
         125         128  0.16682662803370135     
         127         128   2.4604726181644070     
         125         129   1.3658788394336914     
         126         130  0.16675207284283963     
         129         130   2.4575179000258216     
         131         132   2.3613928896911598     
         132         133   1.3661574147785709     
         131         134  0.16661363411787544     
         133         134   2.4571347937858836     
         131         135   1.3648076728954128     
          85         136   1.2324675375314500     
         132         136  0.16667108556690244     
         135         136   2.4598888807915915     
         130         138   1.2348900454469878     
         138         139   1.2839276401893389     
         139         140   1.2276353024574862     
         140         141   1.6220445886613113     
         141         142   1.2184906829512254     
         137         143  0.56135301199155441     
         139         143   1.3143639614416216     
         142         143   1.2612636235450918     
         142         144   1.3675306430890455     
         144         145   1.0479953068396004     
         145         146   1.4409130652940740     
         146         147   1.4070801694874393     
         147         148   1.0356676169952630     
         148         149   1.2089044527316539     
         148         150   1.8207278486568497     
         149         150  0.18385088423498147     
         147         151   1.4007104021009613     
         151         152   1.4540492488696377     
         145         153   1.4194604942803446     
         152         153   1.4447538622444551     
         144         154   1.3646738531689802     
         154         155   1.2196710282695524     
         155         156   1.6197655165202827     
         137         157  0.56268407606922188     
         154         157   1.2623446666992131     
         156         158   1.2289602977833221     
         157         158   1.3131506254489957     
         134         159   1.2352563034257562     
         158         159   1.2835330260455804     
         159         160   1.2834697660837564     
         160         161   1.2283475478678378     
         161         162   1.6209190747755158     
         162         163   1.2194108124010339     
         137         164  0.56078924862053603     
         160         164   1.3144717221919642     
         163         164   1.2612542816047776     
         163         165   1.3671853810201715     
         165         166   1.0469312414351077     
         166         167   1.4212047765532281     
         167         168   1.4433001004473351     
         168         169   1.4562464145388689     
         169         170   1.4014164306695152     
         170         171   1.0363676063532297     
         171         172   1.2130809410692525     
         171         173   1.8161694080451378     
         172         173  0.18301549155681374     
         166         174   1.4391571426574115     
         170         174   1.4069254231484369     
         165         175   1.3657599744451598     
         175         176   1.2193130608181046     
         176         177   1.6202672146240917     
         138         178   1.2836986556178405     
         177         178   1.2286130433868152     
         137         179  0.56234345140535846     
         175         179   1.2619108052351786     
         178         179   1.3134226456855504     
         140         180  0.99915812994679609     
         141         181  0.99841860912339342     
         146         182  0.99560471659366145     
         149         183  0.94415176684707447     
         151         184  0.98722798965808312     
         152         185  0.98191750361648389     
         153         186  0.98976542997587824     
         155         187  0.99924865834495447     
         156         188  0.99953862175862740     
         161         189  0.99926509316990542     
         162         190  0.99877706336061312     
         167         191  0.98979393665479731     
         168         192  0.98195690928980395     
         169         193  0.98697080335598697     
         172         194  0.94362793389755628     
         174         195  0.99597411466023789     
         176         196  0.99927597907181676     
         177         197  0.99947021450490781     
