           2           3   1.3832805746787502     
           3           4   1.1986141792107150     
           4           5   1.6408109233779711     
           5           6   1.2064024711428571     
           1           7  0.61262737358056818     
           3           7   1.2720764256167907     
           6           7   1.2601792656977822     
           6           8   1.3693276680704711     
           8           9   1.3578577699090659     
           9          10   1.2211943621735977     
          10          11   1.6145868105438852     
           1          12  0.61131292942706905     
           9          12   1.2550250117820017     
          11          13   1.2322266460786842     
          12          13   1.2984926700087687     
          13          14   1.2848584946246191     
          14          15   1.2860084103900189     
          15          16   1.2313534936281276     
          16          17   1.6163188328914775     
          17          18   1.2203870774382986     
          18          19   1.3600565744001252     
          19          20   1.0434765084196200     
          20          21   1.4271551539434391     
          21          22   1.4462049753582469     
          22          23   1.4416391203498513     
          23          24   1.4417723453643412     
          20          25   1.4280567052596715     
          24          25   1.4461918960863445     
          19          26   1.3701658174109230     
          26          27   1.2060032562764060     
          27          28   1.6412552807113157     
           2          29   1.3838230822319380     
          28          29   1.1983704264789283     
           1          30  0.61291835259535543     
          26          30   1.2600720214490788     
          29          30   1.2718967542576458     
           1          31  0.61064770233078181     
          15          31   1.2990207001477572     
          18          31   1.2543199609987754     
           8          32   1.0483680695948918     
          32          33   1.4257760815115146     
          33          34   1.4466091257669715     
          34          35   1.4415843810389095     
          35          36   1.4408428022544517     
          32          37   1.4250074516866278     
          36          37   1.4475973597888876     
           2          38  0.99789696580117104     
           4          39  0.99437175511436127     
           5          40   1.0003603225073081     
          10          41  0.99938345710177356     
          11          42  0.99836951819997588     
          16          43  0.99829586253575930     
          17          44  0.99968372414801920     
          21          45  0.98935975724436920     
          22          46  0.98213301714811285     
          23          47  0.98413036193816272     
          24          48  0.98197659782217905     
          25          49  0.98942018386454866     
          27          50   1.0005432816953832     
          28          51  0.99439196553239217     
          33          52  0.98959969519761781     
          34          53  0.98219408363484151     
          35          54  0.98414854274101482     
          36          55  0.98178736959178892     
          37          56  0.98923360106552971     
          58          59   1.3833037996604689     
          59          60   1.1986130766990588     
          60          61   1.6408208396063624     
          61          62   1.2063849425653006     
          57          63  0.61255187044650050     
          59          63   1.2720531299136990     
          62          63   1.2602662762732861     
          62          64   1.3692716211821339     
          64          65   1.3580768224259343     
          65          66   1.2211645777011679     
          66          67   1.6146519885883344     
          57          68  0.61135360569303709     
          65          68   1.2549086772018505     
          67          69   1.2321688555201578     
          68          69   1.2985714177603165     
          69          70   1.2848126876970647     
          70          71   1.2861177383599629     
          71          72   1.2313877140616896     
          72          73   1.6163202234559444     
          73          74   1.2203930615359966     
          74          75   1.3599986459777686     
          75          76   1.0434618608450190     
          76          77   1.4271907373225547     
          77          78   1.4461737102006309     
          78          79   1.4416704256639079     
          79          80   1.4417425785931841     
          76          81   1.4280352531397258     
          80          81   1.4462195351577878     
          75          82   1.3702190670439345     
          82          83   1.2059716836352707     
          83          84   1.6412753542022389     
          58          85   1.3838352541350365     
          84          85   1.1983679238314291     
          57          86  0.61290239321288709     
          82          86   1.2600889824083195     
          85          86   1.2718869145701774     
          57          87  0.61064011471865431     
          71          87   1.2989153852502280     
          74          87   1.2543892570562536     
          64          88   1.0481500419125600     
          88          89   1.4258061262571884     
          89          90   1.4466207986230311     
          90          91   1.4415747330897994     
          91          92   1.4408962177886775     
          88          93   1.4251782625498810     
          92          93   1.4475013199642857     
          58          94  0.99789760920441639     
          60          95  0.99437185004069195     
          61          96   1.0003781682986923     
          66          97  0.99938161704856543     
          67          98  0.99839710918566671     
          72          99  0.99823625270706740     
          73         100  0.99968403708585474     
          77         101  0.98935124646820183     
          78         102  0.98213377514106637     
          79         103  0.98413062061884482     
          80         104  0.98197644458001421     
          81         105  0.98942605567614050     
          83         106   1.0005475452590205     
          84         107  0.99439403724928377     
          89         108  0.98958428501711493     
          90         109  0.98219419997614976     
          91         110  0.98414569667327834     
          92         111  0.98178821417603690     
          93         112  0.98922834313787844     
          14         113   1.2287688281197968     
         113         114   2.5954638325243433     
         115         116   2.5774506391247627     
          70         118   1.2286899801658586     
         117         118   2.5955757471518015     
         114         120   1.2308507603627503     
         120         121   1.2782682402318486     
         121         122   1.2364587185973843     
         122         123   1.6082955335096889     
         123         124   1.2263042723101159     
         119         125  0.63474094618907817     
         121         125   1.2969726351555970     
         124         125   1.2419694098431848     
         124         126   1.3624422469739605     
         126         127   1.3611263960337201     
         127         128   1.2280186045859778     
         128         129   1.6056908178053877     
         119         130  0.63410117677765521     
         127         130   1.2411599367228858     
         129         131   1.2383983032094128     
         130         131   1.3004485782268438     
         115         132   1.2442746191539358     
         131         132   1.2726121485280926     
         132         133   1.2724148713276366     
         133         134   1.2383130565346996     
         134         135   1.6058439391574839     
         135         136   1.2279328189045429     
         136         137   1.3615782766113440     
         137         138   1.0549511753535836     
         138         139   1.4227826289219867     
         139         140   1.4482557303276944     
         140         141   1.4406382540448728     
         141         142   1.4408547801164613     
         138         143   1.4232761935018767     
         142         143   1.4480721580707760     
         137         144   1.3625617692262739     
         144         145   1.2263178259857259     
         145         146   1.6084586488907238     
         120         147   1.2783755198967854     
         146         147   1.2364528002474111     
         119         148  0.63508684901492540     
         144         148   1.2419573102726851     
         147         148   1.2968880195524546     
         119         149  0.63375975326484968     
         133         149   1.3007982682657326     
         136         149   1.2409416654635739     
         126         150   1.0557076706518200     
         150         151   1.4224612665386398     
         151         152   1.4484006775024738     
         152         153   1.4405609679420477     
         153         154   1.4407763794032422     
         150         155   1.4228843701261844     
         154         155   1.4482425327717163     
         122         156  0.99825007232560803     
         123         157   1.0000095034303198     
         128         158  0.99984378621645109     
         129         159  0.99902336277983961     
         134         160  0.99905841531905704     
         135         161  0.99987911908925486     
         139         162  0.98974991344694940     
         140         163  0.98196959952797103     
         141         164  0.98430501873028342     
         142         165  0.98192939678450220     
         143         166  0.98965076163065979     
         145         167   1.0000683957265470     
         146         168  0.99795982970800079     
         151         169  0.98975798070936960     
         152         170  0.98195361133757586     
         153         171  0.98431586271107829     
         154         172  0.98192771184075045     
         155         173  0.98967139917268288     
         116         175   1.2442389494972514     
         175         176   1.2725732437740520     
         176         177   1.2382544885499320     
         177         178   1.6059226961155011     
         178         179   1.2278428335622724     
         174         180  0.63353772348877235     
         176         180   1.3007438357812171     
         179         180   1.2411237452521253     
         179         181   1.3614583913935436     
         181         182   1.3624166422392208     
         182         183   1.2262023991408921     
         183         184   1.6086393536082126     
         174         185  0.63503534285841012     
         182         185   1.2422040284017037     
         184         186   1.2363572519029997     
         185         186   1.2966980581740506     
         117         187   1.2307618358557446     
         186         187   1.2787571350053255     
         187         188   1.2780168858675904     
         188         189   1.2365235536407417     
         189         190   1.6081942380852876     
         190         191   1.2263845168887819     
         191         192   1.3625653757935259     
         192         193   1.0550695622205049     
         193         194   1.4231152914290759     
         194         195   1.4481668862471151     
         195         196   1.4407880315603014     
         196         197   1.4406810470336027     
         193         198   1.4228327190727246     
         197         198   1.4482169314509095     
         192         199   1.3614939080533413     
         199         200   1.2279407177455930     
         200         201   1.6058194336364333     
         175         202   1.2725386263921070     
         201         202   1.2383360110419879     
         174         203  0.63402055021011161     
         199         203   1.2410195949527516     
         202         203   1.3006708913216449     
         174         204  0.63450224614759321     
         188         204   1.2971361109913635     
         191         204   1.2418983973533777     
         181         205   1.0553212423496348     
         205         206   1.4230941867669653     
         206         207   1.4481576977183750     
         207         208   1.4408237551656402     
         208         209   1.4405703201194278     
         205         210   1.4226004775263261     
         209         210   1.4483447951141548     
         177         211  0.99907101273992194     
         178         212  0.99986139533938523     
         183         213   1.0000480004840393     
         184         214  0.99794742928959734     
         189         215  0.99823771979864229     
         190         216   1.0000486669651352     
         194         217  0.98965602524816321     
         195         218  0.98192301248604363     
         196         219  0.98430793666750638     
         197         220  0.98196428429665539     
         198         221  0.98972081244998300     
         200         222  0.99987673064997284     
         201         223  0.99902791465672591     
         206         224  0.98966117891644900     
         207         225  0.98193544354197959     
         208         226  0.98431454729411150     
         209         227  0.98196745637643623     
         210         228  0.98977558386170372     
