           2           3   1.3936501511863220     
           3           4   1.2037478236792187     
           4           5   1.6355083795753877     
           5           6   1.2089444232263988     
           1           7  0.87113941606609424     
           3           7   1.2223788609000461     
           6           7   1.2271078709697429     
           6           8   1.3631882672536855     
           8           9   1.0493546805699483     
           9          10   1.4230588176628696     
          10          11   1.4538826106192537     
          11          12   1.4170862765444772     
          12          13  0.89109241489357216     
          13          14   1.8934882355338176     
          13          15   1.0782161249304729     
          13          16   1.8905319949077570     
          14          16  0.13431351926409760     
          12          17   1.4170050601170958     
           9          18   1.4226515735770688     
          17          18   1.4540507277168733     
           8          19   1.3667831706198172     
          19          20   1.2160129576597751     
          20          21   1.6211411577345360     
           1          22  0.86090666144011396     
          19          22   1.2172002233574299     
          21          23   1.2278567069745676     
          22          23   1.2463879088784597     
          23          24   1.3003667667723080     
          24          25   1.3008322462505517     
          25          26   1.2272057055804713     
          26          27   1.6218966614758517     
          27          28   1.2154028772904388     
           1          29  0.86235249196295694     
          25          29   1.2467963775182522     
          28          29   1.2161568361190371     
          28          30   1.3682153317987116     
          30          31   1.0507675185837206     
          31          32   1.4228305971326964     
          32          33   1.4533387643216118     
          33          34   1.4183483380076001     
          34          35  0.88922363045010622     
          35          36   1.8853986751958751     
          35          37   1.0852140914939405     
          35          38   1.9030911961076185     
          36          38  0.13376203370414338     
          37          38  0.10150169551438364     
          34          39   1.4166741940182110     
          31          40   1.4218677300454874     
          39          40   1.4543995254674853     
          30          41   1.3609071874937968     
          41          42   1.2096936273576804     
          42          43   1.6344819890091082     
           2          44   1.3923623763166242     
          43          44   1.2046247220703576     
           1          45  0.86984781018053792     
          41          45   1.2278655677332855     
          44          45   1.2224634181607246     
           2          46  0.99659654644171947     
           4          47  0.99362496136970435     
           5          48  0.99890130298389890     
          10          49  0.98809376253127967     
          11          50  0.98544806704049503     
          15          51  0.93941721427489111     
          17          52  0.98530323654111585     
          18          53  0.98769487557120694     
          20          54  0.99786503127425041     
          21          55  0.99845558655926503     
          26          56  0.99843378600256072     
          27          57  0.99799493760485325     
          32          58  0.98811764352041143     
          33          59  0.98555414939283004     
          37          60  0.94032803326265746     
          39          61  0.98518658070432463     
          40          62  0.98782455523688428     
          42          63  0.99861089207471643     
          43          64  0.99354300215356683     
          66          67   1.3936141844646224     
          67          68   1.2037645800840500     
          68          69   1.6354885256551475     
          69          70   1.2089608837101231     
          65          71  0.87109207478107620     
          67          71   1.2224054522100987     
          70          71   1.2271049357440549     
          70          72   1.3631921402609790     
          72          73   1.0493910970928992     
          73          74   1.4230602754944490     
          74          75   1.4538814874753658     
          75          76   1.4170866958878836     
          76          77  0.89108133748891716     
          77          78   1.8934690102745810     
          77          79   1.0782233490656459     
          77          80   1.8905258879759805     
          78          80  0.13431363985930952     
          76          81   1.4169999435812866     
          73          82   1.4226118804616001     
          81          82   1.4540690547503601     
          72          83   1.3667492644257471     
          83          84   1.2160575303592551     
          84          85   1.6210843547734057     
          65          86  0.86089404002269077     
          83          86   1.2171617732040707     
          85          87   1.2279088607526627     
          86          87   1.2464291190349088     
          87          88   1.3002591090939921     
          88          89   1.3009393422164006     
          89          90   1.2271542526661767     
          90          91   1.6219533127483954     
          91          92   1.2153656622881102     
          65          93  0.86235112146249249     
          89          93   1.2467676530487659     
          92          93   1.2161909821627637     
          92          94   1.3682480158188604     
          94          95   1.0507849625445715     
          95          96   1.4228160365137070     
          96          97   1.4533330819323194     
          97          98   1.4183609457066497     
          98          99  0.88920559468430382     
          99         100   1.8853040281259779     
          99         101   1.0852846784187606     
          99         102   1.9033120267904231     
         100         102  0.13374405527927835     
         101         102  0.10149294146897020     
          98         103   1.4166670089686739     
          95         104   1.4218728878781759     
         103         104   1.4543992827923791     
          94         105   1.3608676743472945     
         105         106   1.2096856044067268     
         106         107   1.6344917646161656     
          66         108   1.3923994157321600     
         107         108   1.2046150183707607     
          65         109  0.86988179421076328     
         105         109   1.2278901840394867     
         108         109   1.2224340602202237     
          66         110  0.99659611239492640     
          68         111  0.99362609693127812     
          69         112  0.99889940787203690     
          74         113  0.98809487733202783     
          75         114  0.98544929259217562     
          79         115  0.93941702091313928     
          81         116  0.98530133966409061     
          82         117  0.98769794852246273     
          84         118  0.99786337417005555     
          85         119  0.99846307261547484     
          90         120  0.99842618179887022     
          91         121  0.99799227940390667     
          96         122  0.98811862811688522     
          97         123  0.98554965348349877     
         101         124  0.94039196694215177     
         103         125  0.98519214510113351     
         104         126  0.98782517607313358     
         106         127  0.99861050006836360     
         107         128  0.99354045747099007     
         129         130   2.3798619963140650     
         130         131   1.3551408008221970     
          24         132   1.2149219334859362     
         129         132  0.17711449758719305     
         131         132   2.4802765335402235     
         129         133   1.3551484979380295     
          88         134   1.2149233580027288     
         130         134  0.17711985496024960     
         133         134   2.4802666334092849     
