    0.28439307
   -0.02740504
    0.05837931
   -0.04039367
   -0.03503878
    0.06076769
   -0.21177734
    0.01637749
    0.06017259
   -0.03516554
   -0.03697510
   -0.20842160
    0.06356347
    0.01463551
    0.06352853
   -0.03701515
   -0.03524209
    0.06013948
    0.01640945
   -0.00732631
    0.09570239
   -0.22992605
    0.03497578
   -0.04699820
   -0.03363305
   -0.04732586
    0.09533302
   -0.23037627
    0.03474092
    0.06079545
   -0.03512192
   -0.04043320
    0.05837630
   -0.21173512
   -0.20850606
   -0.00738234
    0.09568422
   -0.22995782
    0.03500038
   -0.04700415
   -0.03361341
   -0.04730785
    0.09534448
   -0.23038023
    0.03479017
    0.02079087
    0.02638187
    0.02208115
    0.02308114
    0.02485941
    0.02482294
    0.02307146
    0.03208203
    0.04476328
    0.03493165
    0.03100680
    0.02790540
    0.03056739
    0.04395434
    0.03286166
    0.03349704
    0.02208613
    0.02633136
    0.04467996
    0.03199895
    0.03498496
    0.03099166
    0.02790685
    0.03056626
    0.03347427
    0.04390443
    0.03289720
    0.28908353
   -0.02820571
    0.05825094
   -0.04063293
   -0.03509313
    0.06033262
   -0.21171382
    0.01610818
    0.05964706
   -0.03542412
   -0.03732265
   -0.20814453
    0.06318053
    0.01390108
    0.06319767
   -0.03734391
   -0.03544098
    0.05960837
    0.01613518
   -0.00737395
    0.09574312
   -0.22989972
    0.03502164
   -0.04697584
   -0.03364199
   -0.04738567
    0.09525190
   -0.23048355
    0.03476257
    0.06035898
   -0.03513662
   -0.04066739
    0.05824676
   -0.21162233
   -0.20823275
   -0.00740726
    0.09573725
   -0.22990690
    0.03501404
   -0.04699515
   -0.03363449
   -0.04736457
    0.09525973
   -0.23048299
    0.03480355
    0.02046097
    0.02617967
    0.02192603
    0.02299901
    0.02503455
    0.02498593
    0.02298611
    0.03190300
    0.04466899
    0.03512695
    0.03102668
    0.02784083
    0.03039967
    0.04374147
    0.03284904
    0.03326272
    0.02191072
    0.02613752
    0.04461167
    0.03186776
    0.03513024
    0.03101257
    0.02783610
    0.03040635
    0.03326399
    0.04371391
    0.03286879
   -0.02601328
   -0.02766512
   -0.03095489
   -0.02386399
   -0.03051231
   -0.02816676
   -0.03077801
   -0.02797995
   -0.03151345
   -0.02471321
   -0.02684883
   -0.02832907
    0.32452156
    0.00638585
    0.06262520
   -0.04016341
   -0.03562398
    0.05662156
   -0.20693004
    0.01748685
    0.05659312
   -0.03594879
   -0.03951976
   -0.20605419
    0.06250668
    0.00841652
    0.06248617
   -0.03956778
   -0.03600357
    0.05658954
    0.01751631
   -0.00682770
    0.09576285
   -0.22998745
    0.03511702
   -0.04720150
   -0.03372160
   -0.04708136
    0.09591196
   -0.22981469
    0.03513173
    0.05662542
   -0.03561848
   -0.04012013
    0.06269710
   -0.20687672
   -0.20608836
   -0.00686242
    0.09591193
   -0.22983135
    0.03515903
   -0.04708161
   -0.03372796
   -0.04721962
    0.09574871
   -0.23000004
    0.03512245
    0.02196396
    0.02140380
    0.02164908
    0.02325417
    0.02322865
    0.02164350
    0.03344358
    0.04401127
    0.03233867
    0.03009386
    0.02713700
    0.03036316
    0.04434172
    0.03215155
    0.03410649
    0.02142129
    0.02201117
    0.03209109
    0.04430633
    0.03413776
    0.03035625
    0.02712501
    0.03008606
    0.03233179
    0.03345348
    0.04401069
    0.32717623
    0.00790452
    0.06247455
   -0.03968625
   -0.03593470
    0.05631133
   -0.20597546
    0.01743554
    0.05627487
   -0.03574904
   -0.04031560
   -0.20671946
    0.06243939
    0.00609782
    0.06249935
   -0.04024605
   -0.03567687
    0.05628119
    0.01742501
   -0.00689184
    0.09584668
   -0.22989656
    0.03516348
   -0.04711945
   -0.03369350
   -0.04716922
    0.09583155
   -0.22994104
    0.03514189
    0.05628188
   -0.03590996
   -0.03969345
    0.06246543
   -0.20604665
   -0.20661306
   -0.00689115
    0.09580221
   -0.22996987
    0.03512182
   -0.04719910
   -0.03370986
   -0.04711388
    0.09588240
   -0.22986865
    0.03516559
    0.02312451
    0.02156467
    0.02145807
    0.02234868
    0.02238448
    0.02143836
    0.03411139
    0.04420826
    0.03198537
    0.03025274
    0.02714441
    0.03018238
    0.04395761
    0.03217123
    0.03368346
    0.02157840
    0.02311848
    0.03223193
    0.04395294
    0.03365698
    0.03014833
    0.02711648
    0.03028125
    0.03200182
    0.03410789
    0.04421968
