    0.27019989
   -0.02474325
    0.05781494
   -0.03952117
   -0.03755227
    0.05866200
   -0.21132350
    0.00700180
    0.05827749
   -0.03714923
   -0.03647225
   -0.20892851
    0.06254387
    0.01533143
    0.06241984
   -0.03664521
   -0.03726394
    0.05814594
    0.00639204
    0.01596889
   -0.01788455
   -0.01322660
    0.00438628
    0.23226808
   -0.28147324
   -0.33331780
   -0.01493009
   -0.01811479
    0.05875969
   -0.03742754
   -0.03936963
    0.05779044
   -0.21142308
   -0.20884472
    0.01631775
   -0.01782225
   -0.01292902
    0.00448813
    0.23240237
   -0.28144064
   -0.33299022
   -0.01487339
   -0.01836240
    0.02228179
    0.02795973
    0.02116800
    0.02214087
    0.02480055
    0.02463770
    0.02152412
    0.02611098
    0.04256680
    0.24075121
    0.04435856
    0.02630188
    0.02070656
    0.02798625
    0.02631298
    0.04291940
    0.24082905
    0.04425678
    0.02605619
    0.26953946
   -0.02623307
    0.05808216
   -0.03991214
   -0.03747507
    0.05795711
   -0.21159570
    0.00778822
    0.05740174
   -0.03752134
   -0.03713203
   -0.20887524
    0.06258421
    0.01395676
    0.06251368
   -0.03715066
   -0.03740806
    0.05735997
    0.00729498
    0.01620888
   -0.01777049
   -0.01316253
    0.00456297
    0.23243619
   -0.28124394
   -0.33320835
   -0.01475521
   -0.01783617
    0.05815057
   -0.03721773
   -0.03968318
    0.05809085
   -0.21167003
   -0.20872388
    0.01660078
   -0.01774991
   -0.01295231
    0.00450684
    0.23245153
   -0.28139345
   -0.33305461
   -0.01481289
   -0.01816381
    0.02161206
    0.02757227
    0.02089670
    0.02153578
    0.02424037
    0.02436720
    0.02123230
    0.02609153
    0.04255495
    0.24085800
    0.04458350
    0.02659700
    0.02053461
    0.02765981
    0.02620468
    0.04277035
    0.24078019
    0.04426573
    0.02623502
   -0.02263073
   -0.02334148
   -0.02574536
   -0.02066189
   -0.02616207
   -0.02227482
   -0.02422279
   -0.02425746
    0.27135358
    0.01102009
    0.06268267
   -0.03805634
   -0.03666231
    0.05657984
   -0.20917594
    0.00972950
    0.05639862
   -0.03717596
   -0.03824968
   -0.20878838
    0.06243715
    0.01153935
    0.06239896
   -0.03824666
   -0.03718414
    0.05634480
    0.00945763
    0.01662211
   -0.01672034
   -0.01276460
    0.00469540
    0.23247097
   -0.28159702
   -0.33294778
   -0.01497535
   -0.01774283
    0.05640978
   -0.03711949
   -0.03838559
    0.06250011
   -0.20924383
   -0.20886024
    0.01659594
   -0.01675128
   -0.01264171
    0.00486099
    0.23260054
   -0.28146196
   -0.33269135
   -0.01482843
   -0.01765412
    0.02278649
    0.02039508
    0.02004221
    0.02270024
    0.02261381
    0.01987756
    0.02700959
    0.04311533
    0.24033662
    0.04388685
    0.02615514
    0.01978795
    0.02228688
    0.02709411
    0.04331802
    0.24049749
    0.04412143
    0.02629435
