   -0.03374696
    0.05844874
   -0.04249052
   -0.03895141
    0.05636460
   -0.16298678
    0.00344481
    0.01656293
   -0.01767648
   -0.01263139
    0.02984700
    0.44852574
   -0.28504142
   -0.29418771
   -0.28087658
   -0.01137711
   -0.01577556
    0.05384317
   -0.04196234
   -0.04163998
   -0.29023315
    0.06214624
    0.00833212
    0.06248111
   -0.03998916
   -0.03980439
    0.05570290
   -0.15947176
    0.00106448
    0.01614258
   -0.01723662
   -0.01215320
    0.02942544
    0.44786338
   -0.28415467
   -0.29268852
   -0.28494765
   -0.01235346
   -0.01701863
    0.05583663
   -0.04164604
   -0.04398152
    0.05577666
   -0.29533966
    0.01888172
    0.03071022
    0.02489377
    0.16085512
    0.03028380
    0.03933534
    0.22379649
    0.04039258
    0.03147397
    0.01645176
    0.01982263
    0.02818150
    0.02541583
    0.15909809
    0.03104429
    0.03975141
    0.22481817
    0.03893543
    0.02963001
    0.01573102
    0.02214148
   -0.03373443
    0.05843891
   -0.04249413
   -0.03895500
    0.05637291
   -0.16297292
    0.00343837
    0.01655076
   -0.01768457
   -0.01264557
    0.02983677
    0.44851615
   -0.28509390
   -0.29416454
   -0.28084492
   -0.01138005
   -0.01577262
    0.05384829
   -0.04195736
   -0.04163807
   -0.29022972
    0.06215745
    0.00833688
    0.06246263
   -0.03999505
   -0.03981240
    0.05571010
   -0.15947726
    0.00104437
    0.01612389
   -0.01724303
   -0.01216300
    0.02941021
    0.44786264
   -0.28414470
   -0.29270000
   -0.28494793
   -0.01236460
   -0.01702425
    0.05584504
   -0.04163757
   -0.04397528
    0.05577314
   -0.29533788
    0.01888582
    0.03070576
    0.02488608
    0.16084986
    0.03026860
    0.03932694
    0.22378479
    0.04038992
    0.03146889
    0.01644573
    0.01982691
    0.02817262
    0.02540422
    0.15908846
    0.03103157
    0.03973421
    0.22482496
    0.03892774
    0.02960817
    0.01572627
    0.02214591
   -0.02437930
   -0.02889844
   -0.02409157
   -0.02562081
   -0.02561605
   -0.02407821
   -0.02889490
   -0.02436971
