           2           3   1.3928208098858486     
           3           4   1.1980564591405314     
           4           5   1.6429577733658953     
           5           6   1.2046487744220400     
           1           7  0.72025182381952890     
           3           7   1.2461144865738230     
           6           7   1.2477710779093936     
           6           8   1.3667393932112926     
           8           9   1.0406771776014612     
           9          10   1.4195832382358264     
          10          11   1.3917299280186715     
          11          12   1.1216947065272398     
          11          13   1.3599777523410261     
          13          14   1.0846112498163456     
          13          15   1.3708928689521278     
          15          16   1.0908021168077007     
           9          17   1.4113634573468481     
          15          17   1.3991874188287143     
           8          18   1.3726279980835361     
          18          19   1.2101720158999600     
          19          20   1.6307567854145666     
           1          21  0.71482951905061909     
          18          21   1.2370292255039230     
          20          22   1.2193032758652915     
          21          22   1.2699590651312431     
          22          23   1.3020779462963501     
          23          24   1.3023351018021125     
          24          25   1.2194543420324730     
          25          26   1.6310600955361167     
          26          27   1.2093203571427040     
           1          28  0.71464807932565266     
          24          28   1.2709161698376481     
          27          28   1.2357627925046462     
          27          29   1.3746834787676732     
          29          30   1.0417316899013946     
          30          31   1.4187807986382337     
          31          32   1.3920771311291200     
          32          33   1.1216351961204070     
          32          34   1.3596875617985411     
          34          35   1.0847572431380941     
          34          36   1.3709130020623315     
          36          37   1.0906711736221264     
          30          38   1.4111734771332207     
          36          38   1.3993650661877077     
          29          39   1.3639205371995728     
          39          40   1.2055751003684678     
          40          41   1.6425217301223416     
           2          42   1.3924935731500880     
          41          42   1.1979491044617845     
           1          43  0.72051132956353814     
          39          43   1.2491529966130579     
          42          43   1.2453710177574480     
           2          44  0.99882602826726374     
           4          45  0.99553823020213228     
           5          46   1.0012979113927893     
          10          47  0.99418836856544224     
          12          48  0.96571469039379476     
          14          49  0.96330724346978536     
          16          50  0.96377053189501505     
          17          51  0.99278292400230739     
          19          52   1.0004622960626213     
          20          53   1.0000343334278987     
          25          54  0.99994270034357280     
          26          55   1.0005019045833312     
          31          56  0.99430371386814842     
          33          57  0.96573005199868356     
          35          58  0.96329436825956938     
          37          59  0.96378661951312450     
          38          60  0.99274498446320480     
          40          61   1.0011420597269807     
          41          62  0.99557114053296891     
          64          65   1.3915456430042983     
          65          66   1.1983609990445689     
          66          67   1.6425416730168696     
          67          68   1.2050613028857560     
          63          69  0.72054575404904031     
          65          69   1.2463294020821398     
          68          69   1.2480337608364793     
          68          70   1.3650611195176854     
          70          71   1.0414113531104241     
          71          72   1.4191544326705499     
          72          73   1.3918880307213350     
          73          74   1.1216148765318510     
          73          75   1.3599240296754425     
          75          76   1.0846687089263987     
          75          77   1.3708117450671373     
          77          78   1.0908098398048758     
          71          79   1.4111181455989448     
          77          79   1.3993458023588026     
          70          80   1.3738178374168772     
          80          81   1.2098427473040165     
          81          82   1.6310926352902289     
          63          83  0.71490936814156791     
          80          83   1.2365404239376658     
          82          84   1.2190871761009541     
          83          84   1.2699408056455863     
          84          85   1.3029977187499815     
          85          86   1.3016049128665117     
          86          87   1.2196715495658321     
          87          88   1.6307550832781046     
          88          89   1.2096128258469645     
          63          90  0.71508708415609301     
          86          90   1.2707870861923722     
          89          90   1.2360865046911256     
          89          91   1.3734007848691945     
          91          92   1.0413790638226514     
          92          93   1.4190414411302521     
          93          94   1.3920122218845983     
          94          95   1.1216255797319641     
          94          96   1.3597537380335596     
          96          97   1.0847354485614655     
          96          98   1.3709330366061185     
          98          99   1.0906101833926964     
          92         100   1.4112214786911106     
          98         100   1.3993373693556004     
          91         101   1.3653820721997838     
         101         102   1.2052059127626920     
         102         103   1.6429310195436031     
          64         104   1.3938668463455905     
         103         104   1.1976449539813543     
          63         105  0.72058536944647644     
         101         105   1.2487723034876432     
         104         105   1.2450901528023539     
          64         106  0.99882825088338201     
          66         107  0.99555460408423702     
          67         108   1.0012655760824150     
          72         109  0.99423809785876194     
          74         110  0.96572976806980393     
          76         111  0.96330213682620724     
          78         112  0.96376652889890613     
          79         113  0.99281923949199369     
          81         114   1.0003982729317842     
          82         115   1.0000310530012535     
          87         116  0.99993222402298587     
          88         117   1.0005421358537190     
          93         118  0.99429100793243574     
          95         119  0.96573802537334064     
          97         120  0.96330342361073507     
          99         121  0.96379383911677885     
         100         122  0.99273828461238556     
         102         123   1.0011493571548684     
         103         124  0.99555514917028942     
          23         125   1.2139846199921307     
         125         126   2.4745578966193880     
         126         127   1.3603246913748661     
         125         128  0.17231705644429485     
         127         128   2.3514047940641407     
         128         129   1.3887363079213644     
         127         130  0.16656935784848539     
         129         130   2.3514240501517389     
         130         131   1.3602953651385321     
          85         132   1.2139249283617723     
         129         132  0.17232469682585505     
         131         132   2.4746146535280635     
