   -0.02746047
    0.06101675
   -0.03766921
   -0.03398258
    0.06107500
   -0.16032656
    0.00819786
    0.02419812
   -0.01496724
    0.05443764
   -0.25732774
    0.05360724
   -0.01672028
    0.05794636
   -0.03816140
   -0.03880531
   -0.28680455
    0.06415468
    0.01381230
    0.06539444
   -0.03536997
   -0.03437746
    0.06045146
   -0.15742424
    0.00647427
    0.02392431
   -0.01631840
    0.05382656
   -0.25791370
    0.05369253
   -0.01589527
    0.05962931
   -0.03822520
   -0.04106224
    0.05810760
   -0.29072995
    0.02460143
    0.03625305
    0.02982435
    0.16298815
    0.02808668
    0.02984684
    0.02845735
    0.02708827
    0.02159905
    0.02403417
    0.03311027
    0.03037167
    0.16147326
    0.02787660
    0.02907812
    0.02835465
    0.02652426
    0.02064891
    0.02683167
   -0.02747871
    0.06101661
   -0.03767767
   -0.03398320
    0.06106979
   -0.16034171
    0.00818446
    0.02418537
   -0.01496532
    0.05441777
   -0.25732794
    0.05361783
   -0.01671046
    0.05792548
   -0.03815738
   -0.03882335
   -0.28678495
    0.06414885
    0.01383043
    0.06536888
   -0.03539816
   -0.03438768
    0.06042630
   -0.15742140
    0.00646309
    0.02391333
   -0.01632170
    0.05381575
   -0.25792781
    0.05369015
   -0.01589703
    0.05962563
   -0.03822123
   -0.04106762
    0.05810967
   -0.29073512
    0.02458900
    0.03624422
    0.02980681
    0.16297772
    0.02801296
    0.02979698
    0.02847734
    0.02710412
    0.02158834
    0.02403812
    0.03309060
    0.03035324
    0.16146548
    0.02788741
    0.02905607
    0.02834879
    0.02649592
    0.02063919
    0.02682311
   -0.02114745
   -0.02286216
   -0.02006424
   -0.01884583
   -0.02147574
   -0.01720561
   -0.02532414
   -0.01828077
   -0.01826580
   -0.02529509
   -0.01719499
   -0.02144406
   -0.01883792
   -0.02003255
   -0.02285222
   -0.02112012
    0.01029688
    0.06509927
   -0.03748564
   -0.03469696
    0.05860816
   -0.15723276
    0.01018872
    0.02485449
   -0.01486807
    0.05416221
   -0.25778484
    0.05382847
   -0.01594811
    0.05665794
   -0.03858941
   -0.04045177
   -0.28732822
    0.06355259
    0.01034207
    0.06509166
   -0.03749509
   -0.03470247
    0.05859203
   -0.15721136
    0.01019935
    0.02485735
   -0.01486343
    0.05418597
   -0.25779197
    0.05380687
   -0.01596431
    0.05667268
   -0.03858944
   -0.04043950
    0.06357575
   -0.28734404
    0.03087429
    0.02881674
    0.16156368
    0.02735373
    0.02862914
    0.02832867
    0.02761626
    0.01999500
    0.02179230
    0.03087278
    0.02882003
    0.16156624
    0.02740112
    0.02868500
    0.02828368
    0.02760187
    0.01999338
    0.02177777
