           2           3   1.3805008970117043     
           3           4   1.2002506704901563     
           4           5   1.6353158576887266     
           5           6   1.2097177488227828     
           1           7  0.59323744708812909     
           3           7   1.2766187690485409     
           6           7   1.2648305583688628     
           6           8   1.3615355741742969     
           8           9   1.0546548676177547     
           9          10   1.4078595943956860     
          10          11   1.4741531971053947     
          11          12   1.3719666919353806     
          12          13   1.1367983011907408     
          13          14  0.97246020117126375     
          12          15   1.3856266105496073     
           9          16   1.4166444785275725     
          15          16   1.4588617100528827     
           8          17   1.3578941747617528     
          17          18   1.2215373148681965     
          18          19   1.6121488993217645     
           1          20  0.58832243291839748     
          17          20   1.2533356703251073     
          19          21   1.2308486209150939     
          20          21   1.3067798477053010     
          21          22   1.2748763611321461     
          22          23   1.2745439785622505     
          23          24   1.2309138569611684     
          24          25   1.6120895533562880     
          25          26   1.2215569403199240     
           1          27  0.58835017253970612     
          23          27   1.3070481956225497     
          26          27   1.2530949732221426     
          26          28   1.3581197257669559     
          28          29   1.0544056625791138     
          29          30   1.4167442679500728     
          30          31   1.4588217017194218     
          31          32   1.3856223079643404     
          32          33   1.1368118323499614     
          33          34  0.97251180540912419     
          32          35   1.3719603767581641     
          29          36   1.4079706794953959     
          35          36   1.4741012022100042     
          28          37   1.3615067944470916     
          37          38   1.2097277861673370     
          38          39   1.6352991750775183     
           2          40   1.3806099866971790     
          39          40   1.2002412411933983     
           1          41  0.59323361347178660     
          37          41   1.2649082264277973     
          40          41   1.2765211232188656     
           2          42  0.99889547566577308     
           4          43  0.99554196578611176     
           5          44   1.0007166631263054     
          10          45  0.99108460692427180     
          11          46  0.99009660789505982     
          13          47  0.97313148794690196     
          14          48   1.0062204526336807     
          14          49  0.99670459240021969     
          14          50  0.99921477460198393     
          15          51  0.99182184176815780     
          16          52  0.99093204253129274     
          18          53  0.99977178197606431     
          19          54   1.0004805267605010     
          24          55   1.0004532861282169     
          25          56  0.99977002573473095     
          30          57  0.99091197929431207     
          31          58  0.99178941146525146     
          33          59  0.97307901002497277     
          34          60  0.99664379033377914     
          34          61  0.99920760160188360     
          34          62   1.0062287270229642     
          35          63  0.99010898398174718     
          36          64  0.99107583537475163     
          38          65   1.0007380471154876     
          39          66  0.99555052083008810     
          68          69   1.3805102152860251     
          69          70   1.2002399166351516     
          70          71   1.6353261393149978     
          71          72   1.2097115419591247     
          67          73  0.59323263810478788     
          69          73   1.2766239486499582     
          72          73   1.2648095208459689     
          72          74   1.3616034452273316     
          74          75   1.0544672287187871     
          75          76   1.4079394105672982     
          76          77   1.4741220454881363     
          77          78   1.3719609111359610     
          78          79   1.1368097796585499     
          79          80  0.97246158775878344     
          78          81   1.3856315708148803     
          75          82   1.4167277926821638     
          81          82   1.4588161985818164     
          74          83   1.3579494052018923     
          83          84   1.2215142134521149     
          84          85   1.6121748976604779     
          67          86  0.58834981341999792     
          83          86   1.2533223514117691     
          85          87   1.2308241399438424     
          86          87   1.3067676449924110     
          87          88   1.2749379666392429     
          88          89   1.2744678627092250     
          89          90   1.2309470817981358     
          90          91   1.6120495738548455     
          91          92   1.2215860525547884     
          67          93  0.58836041155324226     
          89          93   1.3070536723171082     
          92          93   1.2531050976172502     
          92          94   1.3580507469670307     
          94          95   1.0546170261035315     
          95          96   1.4166427299063138     
          96          97   1.4588763236001359     
          97          98   1.3856044337066107     
          98          99   1.1368195462288146     
          99         100  0.97250786759989583     
          98         101   1.3719523684924015     
          95         102   1.4078831143110870     
         101         102   1.4741394493701523     
          94         103   1.3614349503754235     
         103         104   1.2097442415433657     
         104         105   1.6352766093181197     
          68         106   1.3805993363961739     
         105         106   1.2002572530972095     
          67         107  0.59327801134746372     
         103         107   1.2649201259172624     
         106         107   1.2765080581371384     
          68         108  0.99889507064431271     
          70         109  0.99554479340346747     
          71         110   1.0007266344699324     
          76         111  0.99107719035520159     
          77         112  0.99009693613513539     
          79         113  0.97310223899657100     
          80         114   1.0062166781839514     
          80         115  0.99670669030717751     
          80         116  0.99921395161793891     
          81         117  0.99182135829862572     
          82         118  0.99092516689773158     
          84         119  0.99978464416534685     
          85         120   1.0004740062483835     
          90         121   1.0004587093661310     
          91         122  0.99975588514666902     
          96         123  0.99091967418196003     
          97         124  0.99179017588090379     
          99         125  0.97309388474887892     
         100         126  0.99664632396159969     
         100         127  0.99920839078884693     
         100         128   1.0062292228855267     
         101         129  0.99010957565629887     
         102         130  0.99108444056388001     
         104         131   1.0007271207377215     
         105         132  0.99554775440939958     
          22         133   1.2433669584620179     
         133         134   2.4334312854097799     
         134         135   1.3826031340936145     
         133         136  0.15834105420966871     
         135         136   2.3143639706119510     
         136         137   1.4108335616239496     
         135         138  0.15258960290458515     
         137         138   2.3143225938483134     
         138         139   1.3826523007875378     
          88         140   1.2433932723134675     
         137         140  0.15836058675481332     
         139         140   2.4333632023018459     
