   -0.01677063
    0.06476752
   -0.03034840
   -0.03036598
    0.06536606
   -0.15612755
    0.01043464
    0.01782233
   -0.01429294
   -0.00715506
    0.04539045
    0.30033481
   -0.27101890
   -0.27160409
   -0.00774804
   -0.01576557
    0.06163110
   -0.03595456
   -0.03523474
   -0.28180205
    0.06662791
    0.02116978
    0.06862964
   -0.03010645
   -0.03061234
    0.06426024
   -0.15428307
    0.01000314
    0.01772424
   -0.01468923
   -0.00743888
    0.04526294
    0.30003006
   -0.27155153
   -0.27166179
   -0.00768482
   -0.01554998
    0.06316682
   -0.03590738
   -0.03571449
    0.06180927
   -0.28373697
    0.03611606
    0.04701955
    0.03793049
    0.16686611
    0.03891460
    0.05685440
    0.05628047
    0.03887804
    0.02833448
    0.03091773
    0.04084331
    0.03783386
    0.16577479
    0.03845242
    0.05637431
    0.05644408
    0.03910075
    0.02824574
    0.03694079
   -0.01672296
    0.06477830
   -0.03031914
   -0.03034519
    0.06538928
   -0.15610294
    0.01045733
    0.01781454
   -0.01427696
   -0.00711544
    0.04538978
    0.30034843
   -0.27089206
   -0.27167158
   -0.00777695
   -0.01579565
    0.06166697
   -0.03593964
   -0.03520271
   -0.28180631
    0.06665383
    0.02118397
    0.06865456
   -0.03005846
   -0.03058314
    0.06430127
   -0.15429622
    0.01002080
    0.01772572
   -0.01469623
   -0.00744693
    0.04526727
    0.30004791
   -0.27158078
   -0.27158081
   -0.00766218
   -0.01554898
    0.06318751
   -0.03589872
   -0.03569543
    0.06181655
   -0.28370704
    0.03615337
    0.04705677
    0.03797334
    0.16688462
    0.03901237
    0.05696947
    0.05623507
    0.03883640
    0.02835914
    0.03094180
    0.04087580
    0.03787549
    0.16579693
    0.03846677
    0.05636561
    0.05650666
    0.03912338
    0.02827172
    0.03697101
   -0.01299524
   -0.01367185
   -0.00928868
   -0.00846017
   -0.00992318
   -0.00771791
   -0.01499378
   -0.01148693
   -0.01281477
   -0.01438587
   -0.00911099
   -0.00932930
   -0.00975232
   -0.00861927
   -0.01475663
   -0.01226984
   -0.01239921
   -0.01453965
   -0.00869467
   -0.00944894
   -0.00936154
   -0.00872957
   -0.01440447
   -0.01237755
   -0.01224223
   -0.01437951
   -0.00853606
   -0.00927703
   -0.00921613
   -0.00857953
   -0.01430103
   -0.01226658
   -0.01222217
   -0.01429579
   -0.00851558
   -0.00919905
   -0.00920128
   -0.00851265
   -0.01429779
   -0.01221961
   -0.01227095
   -0.01429837
   -0.00858221
   -0.00921533
   -0.00928059
   -0.00853524
   -0.01438179
   -0.01224358
   -0.01237729
   -0.01441339
   -0.00872705
   -0.00936790
   -0.00944799
   -0.00870090
   -0.01454257
   -0.01240682
   -0.01225356
   -0.01476672
   -0.00859811
   -0.00976314
   -0.00930937
   -0.00912343
   -0.01436486
   -0.01282429
   -0.01146491
   -0.01499708
   -0.00768771
   -0.00991934
   -0.00843130
   -0.00928565
   -0.01364779
   -0.01299730
    0.01920198
    0.06816759
   -0.03180271
   -0.03130586
    0.06283006
   -0.15377547
    0.01247663
    0.01828695
   -0.01409573
   -0.00717236
    0.04534375
    0.30024491
   -0.27172592
   -0.27118074
   -0.00768046
   -0.01530879
    0.06061754
   -0.03624304
   -0.03601797
   -0.28157727
    0.06652278
    0.02012895
    0.06829155
   -0.03133129
   -0.03117565
    0.06299670
   -0.15354865
    0.01237330
    0.01825187
   -0.01523021
   -0.00755958
    0.04536769
    0.30027130
   -0.27138777
   -0.27146636
   -0.00724955
   -0.01418110
    0.06070913
   -0.03618136
   -0.03621368
    0.06642753
   -0.28193402
    0.03938891
    0.03664793
    0.16576905
    0.03881997
    0.05656907
    0.05611198
    0.03904979
    0.02752056
    0.03006856
    0.04008670
    0.03698743
    0.16571731
    0.03919619
    0.05636327
    0.05636605
    0.03862675
    0.02742689
    0.02973315
    0.01970286
    0.06824275
   -0.03154632
   -0.03122619
    0.06289307
   -0.15363578
    0.01249707
    0.01827830
   -0.01411835
   -0.00719359
    0.04535661
    0.30027628
   -0.27159685
   -0.27124960
   -0.00761771
   -0.01526349
    0.06063358
   -0.03621564
   -0.03608380
   -0.28166783
    0.06650987
    0.01985899
    0.06830025
   -0.03140860
   -0.03114762
    0.06294206
   -0.15361897
    0.01249092
    0.01828095
   -0.01524654
   -0.00758747
    0.04535897
    0.30028954
   -0.27129480
   -0.27152391
   -0.00721571
   -0.01414031
    0.06061057
   -0.03626550
   -0.03618338
    0.06642508
   -0.28172481
    0.03975815
    0.03681533
    0.16575284
    0.03875187
    0.05648808
    0.05621478
    0.03909839
    0.02747591
    0.02992185
    0.03995735
    0.03694079
    0.16575295
    0.03914910
    0.05628415
    0.05643311
    0.03873056
    0.02738456
    0.02974419
    0.02008094
    0.06833535
   -0.03129398
   -0.03107018
    0.06308018
   -0.15356657
    0.01255682
    0.01824289
   -0.01412726
   -0.00717465
    0.04540316
    0.30034581
   -0.27149024
   -0.27118561
   -0.00757505
   -0.01525756
    0.06077002
   -0.03613543
   -0.03600183
   -0.28155789
    0.06654874
    0.02003418
    0.06837460
   -0.03128056
   -0.03103502
    0.06308077
   -0.15356860
    0.01258089
    0.01824876
   -0.01525264
   -0.00756579
    0.04540653
    0.30035511
   -0.27119152
   -0.27146607
   -0.00717673
   -0.01412706
    0.06074735
   -0.03616359
   -0.03601868
    0.06652183
   -0.28154490
    0.04003804
    0.03704174
    0.16584261
    0.03878907
    0.05655484
    0.05632854
    0.03917603
    0.02759519
    0.03002011
    0.04008130
    0.03708310
    0.16585010
    0.03918504
    0.05634867
    0.05654610
    0.03879774
    0.02755779
    0.02998365
    0.02015852
    0.06839045
   -0.03122373
   -0.03100396
    0.06314162
   -0.15353928
    0.01260690
    0.01822898
   -0.01413042
   -0.00716374
    0.04542680
    0.30038133
   -0.27144088
   -0.27114757
   -0.00755646
   -0.01525370
    0.06081829
   -0.03610636
   -0.03596450
   -0.28149323
    0.06657266
    0.02014023
    0.06839692
   -0.03122471
   -0.03099557
    0.06314223
   -0.15354102
    0.01261212
    0.01823023
   -0.01525334
   -0.00755466
    0.04542686
    0.30038437
   -0.27114916
   -0.27143611
   -0.00716450
   -0.01413077
    0.06081475
   -0.03611254
   -0.03596564
    0.06656352
   -0.28149025
    0.04013587
    0.03713644
    0.16588770
    0.03881653
    0.05659449
    0.05638072
    0.03920415
    0.02764847
    0.03007130
    0.04014223
    0.03714704
    0.16589100
    0.03920430
    0.05638476
    0.05659247
    0.03881987
    0.02764052
    0.03006472
    0.02014056
    0.06839849
   -0.03122512
   -0.03099571
    0.06314146
   -0.15354300
    0.01261360
    0.01823030
   -0.01413126
   -0.00716513
    0.04542722
    0.30038288
   -0.27143672
   -0.27114980
   -0.00755419
   -0.01525190
    0.06081385
   -0.03611305
   -0.03596564
   -0.28148723
    0.06656375
    0.02016075
    0.06839028
   -0.03122309
   -0.03100438
    0.06314371
   -0.15354367
    0.01260513
    0.01822994
   -0.01525287
   -0.00755543
    0.04542644
    0.30038135
   -0.27114841
   -0.27144104
   -0.00716439
   -0.01413235
    0.06082018
   -0.03610804
   -0.03596415
    0.06657079
   -0.28149215
    0.04014157
    0.03714694
    0.16589093
    0.03881592
    0.05659205
    0.05638462
    0.03920215
    0.02763860
    0.03006059
    0.04013804
    0.03713745
    0.16589002
    0.03920477
    0.05638031
    0.05659378
    0.03881649
    0.02764770
    0.03007072
    0.02003281
    0.06837132
   -0.03128069
   -0.03103707
    0.06308103
   -0.15357316
    0.01257774
    0.01825036
   -0.01412802
   -0.00717655
    0.04540534
    0.30035518
   -0.27146796
   -0.27119081
   -0.00756606
   -0.01525334
    0.06074751
   -0.03616715
   -0.03601996
   -0.28154636
    0.06652008
    0.02008008
    0.06833485
   -0.03129764
   -0.03107285
    0.06307761
   -0.15356600
    0.01255680
    0.01824271
   -0.01525689
   -0.00757576
    0.04540263
    0.30034352
   -0.27118822
   -0.27149173
   -0.00717574
   -0.01412651
    0.06076725
   -0.03613642
   -0.03600317
    0.06655108
   -0.28155710
    0.04008079
    0.03708240
    0.16585011
    0.03880090
    0.05654606
    0.05634624
    0.03918614
    0.02755555
    0.02997750
    0.04003521
    0.03703773
    0.16584115
    0.03917287
    0.05632781
    0.05655287
    0.03878381
    0.02759267
    0.03001704
    0.01986243
    0.06829725
   -0.03141001
   -0.03114922
    0.06294087
   -0.15361518
    0.01249064
    0.01828015
   -0.01413795
   -0.00721385
    0.04535825
    0.30028897
   -0.27153030
   -0.27128760
   -0.00759071
   -0.01524887
    0.06060747
   -0.03626582
   -0.03618722
   -0.28172932
    0.06642833
    0.01968845
    0.06823808
   -0.03155220
   -0.03122959
    0.06289039
   -0.15363923
    0.01249522
    0.01827900
   -0.01526472
   -0.00761785
    0.04535556
    0.30027425
   -0.27125354
   -0.27159367
   -0.00719417
   -0.01411839
    0.06063141
   -0.03621716
   -0.03608301
    0.06651074
   -0.28166872
    0.03995169
    0.03693912
    0.16575107
    0.03873226
    0.05643893
    0.05627972
    0.03914516
    0.02738256
    0.02974019
    0.03975085
    0.03681039
    0.16575187
    0.03910196
    0.05621659
    0.05648582
    0.03875332
    0.02747705
    0.02992688
    0.02015849
    0.06829608
   -0.03131394
   -0.03116541
    0.06301109
   -0.15353920
    0.01238145
    0.01824761
   -0.01417525
   -0.00721880
    0.04535838
    0.30027553
   -0.27153606
   -0.27128346
   -0.00758789
   -0.01525930
    0.06073235
   -0.03617932
   -0.03619992
   -0.28195711
    0.06643223
    0.01918388
    0.06819039
   -0.03177906
   -0.03129401
    0.06285325
   -0.15379455
    0.01248035
    0.01829080
   -0.01530948
   -0.00766313
    0.04533766
    0.30024843
   -0.27122428
   -0.27166294
   -0.00718713
   -0.01411127
    0.06062575
   -0.03624601
   -0.03601046
    0.06651931
   -0.28156734
    0.04010392
    0.03701507
    0.16572683
    0.03871289
    0.05645844
    0.05631443
    0.03915267
    0.02743678
    0.02972425
    0.03940052
    0.03666655
    0.16578311
    0.03905881
    0.05615825
    0.05654643
    0.03882947
    0.02752906
    0.03007891
