    0.27290445
   -0.02539787
    0.05883114
   -0.03882077
   -0.03640119
    0.05835583
   -0.21106051
    0.00856187
    0.01623351
   -0.01681509
   -0.01136322
    0.03120226
    0.45041968
   -0.28243038
   -0.29303090
   -0.28036706
   -0.01081446
   -0.01613758
    0.05766676
   -0.03630078
   -0.03647934
   -0.20792010
    0.06335911
    0.01472798
    0.06328244
   -0.03674253
   -0.03668709
    0.05746635
   -0.20791543
    0.00852999
    0.01616965
   -0.01688148
   -0.01134314
    0.03107627
    0.45012839
   -0.28301948
   -0.29156413
   -0.28119557
   -0.01100342
   -0.01611930
    0.05856996
   -0.03600913
   -0.03857377
    0.05886593
   -0.21106235
    0.02339640
    0.02932182
    0.02300226
    0.02860287
    0.04207831
    0.22627305
    0.04274890
    0.02984425
    0.02324101
    0.02617633
    0.02594591
    0.02357474
    0.02860924
    0.04158187
    0.22717250
    0.04306976
    0.02972512
    0.02261398
    0.02949398
    0.27400329
   -0.02445440
    0.05887473
   -0.03851786
   -0.03632158
    0.05882329
   -0.21066648
    0.00856024
    0.01610541
   -0.01685174
   -0.01129270
    0.03126455
    0.45054057
   -0.28205481
   -0.29303307
   -0.28043899
   -0.01075646
   -0.01618896
    0.05830616
   -0.03575415
   -0.03589005
   -0.20796118
    0.06373508
    0.01528619
    0.06362830
   -0.03618831
   -0.03617909
    0.05810224
   -0.20791873
    0.00852439
    0.01603318
   -0.01690984
   -0.01130098
    0.03112442
    0.45022874
   -0.28290401
   -0.29148705
   -0.28103006
   -0.01094286
   -0.01617990
    0.05903822
   -0.03589955
   -0.03824439
    0.05893046
   -0.21071097
    0.02403905
    0.02977213
    0.02340447
    0.02871004
    0.04219788
    0.22642107
    0.04306038
    0.03001132
    0.02389625
    0.02687906
    0.02660121
    0.02421189
    0.02871535
    0.04173403
    0.22733519
    0.04333885
    0.02988957
    0.02300090
    0.02996976
   -0.02141234
   -0.02277600
   -0.01926308
   -0.01853218
   -0.02024121
   -0.01726647
   -0.02427754
   -0.01920270
   -0.01734612
   -0.02373768
   -0.01519248
   -0.01912676
   -0.01669899
   -0.01791881
   -0.02148125
   -0.02013471
    0.27372960
    0.01279068
    0.06315900
   -0.03773387
   -0.03657648
    0.05666887
   -0.20805606
    0.01070452
    0.01659751
   -0.01597818
   -0.01088604
    0.03123167
    0.45000755
   -0.28372674
   -0.29190403
   -0.27991351
   -0.01116764
   -0.01606113
    0.05690976
   -0.03584765
   -0.03740702
   -0.20856737
    0.06358974
    0.01217319
    0.06354225
   -0.03742967
   -0.03589158
    0.05690673
   -0.20857754
    0.01065174
    0.01661306
   -0.01599394
   -0.01088329
    0.03120990
    0.45000023
   -0.28360282
   -0.29203930
   -0.28009330
   -0.01120054
   -0.01605894
    0.05663657
   -0.03664251
   -0.03779494
    0.06313461
   -0.20809308
    0.02445373
    0.02260259
    0.02951520
    0.04197626
    0.22637200
    0.04253013
    0.02918165
    0.02230161
    0.02471998
    0.02463070
    0.02225007
    0.02956996
    0.04207716
    0.22630204
    0.04238295
    0.02918924
    0.02249872
    0.02433537
