    0.28277314
   -0.02142036
    0.06005079
   -0.03684001
   -0.03503424
    0.06040425
   -0.21263537
    0.01015162
    0.01542097
   -0.01717682
   -0.01109416
    0.03142798
    0.45109183
   -0.28109474
   -0.29286803
   -0.28036789
   -0.01072512
   -0.01665924
    0.05968820
   -0.03465887
   -0.03467918
   -0.21028929
    0.06499800
    0.01818782
    0.06485374
   -0.03494872
   -0.03507931
    0.05955379
   -0.21032265
    0.01013922
    0.01526782
   -0.01716444
   -0.01108520
    0.03124046
    0.45076303
   -0.28273452
   -0.29120348
   -0.27955322
   -0.01111534
   -0.01674707
    0.06054610
   -0.03464637
   -0.03662465
    0.06010905
   -0.21259810
    0.02736769
    0.03301892
    0.02679576
    0.03120209
    0.04298972
    0.22720822
    0.04375100
    0.03219201
    0.02694742
    0.03000573
    0.02971893
    0.02740807
    0.03131024
    0.04272237
    0.22801033
    0.04375842
    0.03192478
    0.02624213
    0.03319852
    0.28621687
   -0.02147994
    0.06007058
   -0.03678607
   -0.03494951
    0.06039848
   -0.21242691
    0.01021575
    0.01540637
   -0.01716734
   -0.01105744
    0.03146538
    0.45114265
   -0.28082118
   -0.29286305
   -0.28042276
   -0.01068035
   -0.01664126
    0.05974242
   -0.03452093
   -0.03448391
   -0.21003011
    0.06509433
    0.01832212
    0.06492998
   -0.03476976
   -0.03496343
    0.05960120
   -0.21004790
    0.01019293
    0.01524401
   -0.01717179
   -0.01107835
    0.03125708
    0.45078260
   -0.28271364
   -0.29105736
   -0.27942539
   -0.01107179
   -0.01672041
    0.06055340
   -0.03455017
   -0.03655674
    0.06013395
   -0.21241086
    0.02749261
    0.03313421
    0.02693374
    0.03125200
    0.04298407
    0.22723797
    0.04394236
    0.03231087
    0.02717871
    0.03032910
    0.03002137
    0.02761638
    0.03133342
    0.04271863
    0.22808418
    0.04393025
    0.03206027
    0.02638640
    0.03332027
   -0.01934708
   -0.01972983
   -0.01750585
   -0.01518103
   -0.01907592
   -0.01413403
   -0.02420625
   -0.01687931
   -0.02090212
   -0.02371389
   -0.01842272
   -0.01942739
   -0.01946319
   -0.01853387
   -0.02387316
   -0.02104492
   -0.01667391
   -0.02373854
   -0.01372257
   -0.01863423
   -0.01476334
   -0.01722975
   -0.01941135
   -0.01930543
    0.32218663
    0.01076219
    0.06401392
   -0.03776266
   -0.03564329
    0.05606717
   -0.20858417
    0.01114601
    0.01580042
   -0.01641067
   -0.01070816
    0.03130778
    0.45051188
   -0.28342525
   -0.29178878
   -0.27828755
   -0.01131659
   -0.01673830
    0.05615267
   -0.03568995
   -0.03706536
   -0.20785112
    0.06398001
    0.01265295
    0.06397140
   -0.03707411
   -0.03571880
    0.05612818
   -0.20785198
    0.01110809
    0.01583232
   -0.01643506
   -0.01073050
    0.03131843
    0.45053285
   -0.28323024
   -0.29201382
   -0.27856616
   -0.01127138
   -0.01671012
    0.05604643
   -0.03570186
   -0.03780398
    0.06400744
   -0.20859736
    0.02738343
    0.02603143
    0.03186176
    0.04285551
    0.22688654
    0.04298797
    0.03113676
    0.02546699
    0.02823342
    0.02822507
    0.02543852
    0.03182116
    0.04284441
    0.22681322
    0.04298123
    0.03121651
    0.02594572
    0.02729990
    0.32471494
    0.01246358
    0.06384314
   -0.03723900
   -0.03598826
    0.05602430
   -0.20770583
    0.01118715
    0.01577992
   -0.01658049
   -0.01081858
    0.03131084
    0.45046823
   -0.28339658
   -0.29122346
   -0.27881175
   -0.01115041
   -0.01659114
    0.05623278
   -0.03517043
   -0.03739738
   -0.20834700
    0.06421826
    0.01101707
    0.06420648
   -0.03740283
   -0.03517419
    0.05623285
   -0.20832201
    0.01118681
    0.01579063
   -0.01655891
   -0.01078391
    0.03134034
    0.45050274
   -0.28326071
   -0.29131831
   -0.27911885
   -0.01113286
   -0.01659754
    0.05603341
   -0.03597830
   -0.03722758
    0.06385695
   -0.20772030
    0.02817019
    0.02615222
    0.03150990
    0.04256848
    0.22738201
    0.04338908
    0.03154440
    0.02562187
    0.02776604
    0.02775021
    0.02560387
    0.03161470
    0.04270634
    0.22741043
    0.04328139
    0.03147924
    0.02616639
    0.02818754
