           2           3   1.3909487743169826     
           3           4   1.2049341510417488     
           4           5   1.6355326582652465     
           5           6   1.2098052284494349     
           1           7  0.87543126480485023     
           3           7   1.2215593096643584     
           6           7   1.2251084323451920     
           6           8   1.3628263334675199     
           8           9   1.0545625576581654     
           9          10   1.4213328459471699     
          10          11   1.4540976683447955     
          11          12   1.4177361937540851     
          12          13  0.89088194992473912     
          13          14   1.8913833070814818     
          13          15   1.0788522868594816     
          13          16   1.8938564120706574     
          14          16  0.13443330560463029     
          12          17   1.4175108084792751     
           9          18   1.4204342517064741     
          17          18   1.4545443792620434     
           8          19   1.3653924473581847     
          19          20   1.2152104004390478     
          20          21   1.6248149022384051     
           1          22  0.87245356309371203     
          19          22   1.2202958842470486     
          21          23   1.2249728430919631     
          22          23   1.2390152058069583     
          23          24   1.3161686053766339     
          24          25   1.3125824823090575     
          25          26   1.2268278046377328     
          26          27   1.6228438985155649     
          27          28   1.2165627736685285     
           1          29  0.87003500342914641     
          25          29   1.2398930491540017     
          28          29   1.2203726644375443     
          28          30   1.3637046153992225     
          30          31   1.0531598686280939     
          31          32   1.4227109094527035     
          32          33   1.4527649249116450     
          33          34   1.4193377252190382     
          34          35  0.89040067997277528     
          35          36   1.8884940764243547     
          35          37   1.0811335888506537     
          35          38   1.8974100070126767     
          36          38  0.13419507862639932     
          37          38  0.10088614323414606     
          34          39   1.4165998359306531     
          31          40   1.4203591703476499     
          39          40   1.4551042349561174     
          30          41   1.3654282974067746     
          41          42   1.2079735304799710     
          42          43   1.6382142653336329     
           2          44   1.3958433739339582     
          43          44   1.2028832586061824     
           1          45  0.87810884608450368     
          41          45   1.2255026732306304     
          44          45   1.2198019755579355     
           2          46  0.99573217632891609     
           4          47  0.99304818460055355     
           5          48  0.99842963801131435     
          10          49  0.98819422644335808     
          11          50  0.98510021840866857     
          15          51  0.93852091901448886     
          17          52  0.98472273142411260     
          18          53  0.98780259946376536     
          20          54  0.99709448031643721     
          21          55  0.99826022111777424     
          26          56  0.99838803098889650     
          27          57  0.99738969006124478     
          32          58  0.98795145025308262     
          33          59  0.98517477121238717     
          37          60  0.93855439902052784     
          39          61  0.98464069628404916     
          40          62  0.98787887447937539     
          42          63  0.99824328087498637     
          43          64  0.99297296469087115     
          66          67   1.3927459189725804     
          67          68   1.2044853673966760     
          68          69   1.6365092363810467     
          69          70   1.2093544527243072     
          65          71  0.86969817844458741     
          67          71   1.2233345679275971     
          70          71   1.2270457325893680     
          70          72   1.3649833299077081     
          72          73   1.0496775608723869     
          73          74   1.4229429365482849     
          74          75   1.4535296916701936     
          75          76   1.4179645418963402     
          76          77  0.89082963404990034     
          77          78   1.8923734620064210     
          77          79   1.0783987046293690     
          77          80   1.8929139981731569     
          78          80  0.13447054401217420     
          76          81   1.4182346259943968     
          73          82   1.4227515557963963     
          81          82   1.4534214457134702     
          72          83   1.3685804260593590     
          83          84   1.2124870923400721     
          84          85   1.6306200441469272     
          65          86  0.86865764321361971     
          83          86   1.2228799501696499     
          85          87   1.2200104403248702     
          86          87   1.2365449045486285     
          87          88   1.3301668600818906     
          88          89   1.3270337619632495     
          89          90   1.2220124292435912     
          90          91   1.6281904783981604     
          91          92   1.2141946163727595     
          65          93  0.86687714031057839     
          89          93   1.2372900112952214     
          92          93   1.2226197500027507     
          92          94   1.3668115270579353     
          94          95   1.0482823062128517     
          95          96   1.4242496354327383     
          96          97   1.4523661119525120     
          97          98   1.4193193657850716     
          98          99  0.89049382067424188     
          99         100   1.8889898571623622     
          99         101   1.0801852506975929     
          99         102   1.8965464813603075     
         100         102  0.13424481367125057     
         101         102  0.10074100301118726     
          98         103   1.4174626453621073     
          95         104   1.4227485628922847     
         103         104   1.4539162400281955     
          94         105   1.3676856312056553     
         105         106   1.2075603029151778     
         106         107   1.6390975960516632     
          66         108   1.3968492354920272     
         107         108   1.2025188269502756     
          65         109  0.87189373372855594     
         105         109   1.2270699812100885     
         108         109   1.2222476457231073     
          66         110  0.99581319046371441     
          68         111  0.99283464682921507     
          69         112  0.99839374605406084     
          74         113  0.98797455958039004     
          75         114  0.98501632567254638     
          79         115  0.93856239539897479     
          81         116  0.98476116885938236     
          82         117  0.98746546542155655     
          84         118  0.99715479631266379     
          85         119  0.99615266349774156     
          90         120  0.99619458767998870     
          91         121  0.99748974729264117     
          96         122  0.98772480444217148     
          97         123  0.98510125065219256     
         101         124  0.93856214756336342     
         103         125  0.98467295309163483     
         104         126  0.98757014676017008     
         106         127  0.99820756026545443     
         107         128  0.99277536664569033     
          24         129   1.1856734850757986     
         129         130   2.6426399796798981     
          88         132   1.1568956602925553     
         131         132   2.6649866202914230     
         130         134   1.1866387366498035     
         134         135   1.3111654560464756     
         135         136   1.2276936852064588     
         136         137   1.6213596559593091     
         137         138   1.2185117471236147     
         133         139  0.87082842373885105     
         135         139   1.2395327901670701     
         138         139   1.2202412579983015     
         138         140   1.3618430261859746     
         140         141   1.0549030441136533     
         141         142   1.4217611356962194     
         142         143   1.4531490276742820     
         143         144   1.4192920472977515     
         144         145  0.89004965551410331     
         145         146   1.8883278990248265     
         145         147   1.0816068284134090     
         145         148   1.8984374769531447     
         146         148  0.13426943303587613     
         147         148  0.10096973514167748     
         144         149   1.4171859219813610     
         141         150   1.4203510222311913     
         149         150   1.4548490378848493     
         140         151   1.3670059418590828     
         151         152   1.2137735208495801     
         152         153   1.6290761859329912     
         133         154  0.87705039983749600     
         151         154   1.2196889505615998     
         153         155   1.2210187897820479     
         154         155   1.2347703202188007     
         131         156   1.1593503145253998     
         155         156   1.3274044813851713     
         156         157   1.3229385119190584     
         157         158   1.2238929591846666     
         158         159   1.6252509172835468     
         159         160   1.2165843257591851     
         133         161  0.87307000242154764     
         157         161   1.2354236091405535     
         160         161   1.2207207359253696     
         160         162   1.3624774379884821     
         162         163   1.0545158607093532     
         163         164   1.4216886689379857     
         164         165   1.4534008978102542     
         165         166   1.4189979017623804     
         166         167  0.89019848713433491     
         167         168   1.8883477857739592     
         167         169   1.0811371020292704     
         167         170   1.8980083048546563     
         168         170  0.13426883023359479     
         169         170  0.10094959917523037     
         166         171   1.4172975561052532     
         163         172   1.4207526186419077     
         171         172   1.4546048077784819     
         162         173   1.3665038691245979     
         173         174   1.2161901739155569     
         174         175   1.6242614831584681     
         134         176   1.3150748607290703     
         175         176   1.2254429758785466     
         133         177  0.87431956031605484     
         173         177   1.2184149966848175     
         176         177   1.2397345912591418     
         136         178  0.99848483682125422     
         137         179  0.99763423355327530     
         142         180  0.98791386435834982     
         143         181  0.98483682476595580     
         147         182  0.93862774481286460     
         149         183  0.98476726121811486     
         150         184  0.98820371483381286     
         152         185  0.99761011351915185     
         153         186  0.99638244462453973     
         158         187  0.99642422455323187     
         159         188  0.99772361545034416     
         164         189  0.98793648645933063     
         165         190  0.98484414385211527     
         169         191  0.93869132939062472     
         171         192  0.98480539993898608     
         172         193  0.98812957345241248     
         174         194  0.99771704385872551     
         175         195  0.99844332909027167     
