    0.36493765
   -0.02691692
    0.05670011
   -0.03884827
   -0.03436545
    0.05889466
   -0.23593953
    0.01501859
    0.00242475
    0.00194248
   -0.05696566
   -0.03207796
   -0.00423796
   -0.06229764
   -0.03210322
    0.00183663
   -0.05695833
    0.05856383
   -0.03344531
   -0.03375488
   -0.23288104
    0.06190393
    0.01605930
    0.06185122
   -0.03381443
   -0.03348628
    0.05856635
   -0.23294234
    0.01498835
    0.00243160
    0.00188068
   -0.05696215
   -0.03214456
   -0.00424281
   -0.06230197
   -0.03204149
    0.00188482
   -0.05697965
    0.05889303
   -0.03439048
   -0.03885674
    0.05668660
   -0.23594186
    0.02414379
    0.02899522
    0.02048541
    0.01385794
    0.01657953
    0.01550253
    0.03037424
    0.01902983
    0.02488709
    0.01975853
    0.03011722
    0.01627028
    0.01566626
    0.01433771
    0.02224017
    0.02385159
    0.02389680
    0.02212408
    0.01423357
    0.01565541
    0.01638924
    0.03032951
    0.02142404
    0.01940096
    0.02269082
    0.03013328
    0.01399253
    0.01645096
    0.01547515
    0.02060821
    0.02900692
    0.36447028
   -0.02739368
    0.05656328
   -0.03912552
   -0.03456499
    0.05857922
   -0.23619728
    0.01489496
    0.00253880
    0.00190439
   -0.05690591
   -0.03211728
   -0.00431660
   -0.06228345
   -0.03214887
    0.00192279
   -0.05691686
    0.05811499
   -0.03368036
   -0.03393720
   -0.23304705
    0.06171605
    0.01548963
    0.06166249
   -0.03399624
   -0.03372161
    0.05812391
   -0.23307885
    0.01487013
    0.00254589
    0.00193814
   -0.05694695
   -0.03219344
   -0.00431134
   -0.06229425
   -0.03204923
    0.00188530
   -0.05688580
    0.05857332
   -0.03458148
   -0.03913156
    0.05655091
   -0.23620826
    0.02368961
    0.02860077
    0.02012098
    0.01407449
    0.01641547
    0.01544817
    0.03004371
    0.01937381
    0.02475906
    0.01911762
    0.03007679
    0.01629869
    0.01533875
    0.01396959
    0.02191846
    0.02307164
    0.02316216
    0.02180300
    0.01412591
    0.01532242
    0.01613096
    0.03022027
    0.02195592
    0.01888865
    0.02227758
    0.02989942
    0.01384985
    0.01666265
    0.01543504
    0.02022924
    0.02861822
   -0.02941629
   -0.02452259
   -0.02863567
   -0.02826267
   -0.02564583
   -0.03014923
    0.36479367
    0.01012998
    0.06106452
   -0.03711887
   -0.03424572
    0.05619046
   -0.23426007
    0.01682432
    0.00320714
    0.00223590
   -0.05651838
   -0.03205826
   -0.00443889
   -0.06217969
   -0.03210189
    0.00228234
   -0.05656280
    0.05626865
   -0.03408303
   -0.03569423
   -0.23364130
    0.06142524
    0.01242581
    0.06138877
   -0.03570552
   -0.03410223
    0.05626664
   -0.23362864
    0.01680187
    0.00320407
    0.00230927
   -0.05653008
   -0.03208807
   -0.00444062
   -0.06217603
   -0.03207725
    0.00220515
   -0.05654929
    0.05619984
   -0.03425342
   -0.03716018
    0.06105517
   -0.23429796
    0.02007725
    0.01939385
    0.01586842
    0.01509101
    0.01468191
    0.02941692
    0.02351753
    0.01928266
    0.01877987
    0.02946394
    0.01504256
    0.01500777
    0.01482272
    0.02024071
    0.02092796
    0.02095146
    0.02024708
    0.01509446
    0.01481669
    0.01501224
    0.02947193
    0.01877686
    0.02354334
    0.01926371
    0.02941143
    0.01509730
    0.01456259
    0.01591255
    0.01940085
    0.02017014
    0.36462351
    0.01195137
    0.06136901
   -0.03597029
   -0.03415345
    0.05605370
   -0.23374467
    0.01692750
    0.00328072
    0.00227211
   -0.05649662
   -0.03205801
   -0.00446070
   -0.06216504
   -0.03210614
    0.00228975
   -0.05652920
    0.05588303
   -0.03430425
   -0.03704193
   -0.23426946
    0.06108506
    0.00995692
    0.06115200
   -0.03698609
   -0.03427464
    0.05586531
   -0.23425526
    0.01692578
    0.00328656
    0.00230593
   -0.05654668
   -0.03208856
   -0.00445554
   -0.06216417
   -0.03206984
    0.00226921
   -0.05647302
    0.05606069
   -0.03414645
   -0.03596570
    0.06137317
   -0.23373222
    0.02072276
    0.01992792
    0.01514747
    0.01485793
    0.01520072
    0.02927062
    0.02279298
    0.01983178
    0.01874560
    0.02946588
    0.01562021
    0.01457615
    0.01492251
    0.01950670
    0.01980956
    0.01971924
    0.01946102
    0.01569672
    0.01486513
    0.01459558
    0.02948850
    0.01875713
    0.02280582
    0.01980867
    0.02924314
    0.01492174
    0.01514256
    0.01512656
    0.01994926
    0.02069788
