           2           3   1.3809735043271836     
           3           4   1.1986424479282984     
           4           5   1.6378873547738877     
           5           6   1.2072453852729830     
           1           7  0.58865473195416518     
           3           7   1.2779497502193167     
           6           7   1.2644728838299162     
           6           8   1.3655118143171276     
           8           9   1.3606160239540925     
           9          10   1.2181328387582979     
          10          11   1.6170093888221617     
           1          12  0.58476540286094547     
           9          12   1.2554556914892574     
          11          13   1.2267917833550759     
          12          13   1.3042630710547860     
          13          14   1.2833478759797174     
          14          15   1.2828760069326761     
          15          16   1.2267892320624270     
          16          17   1.6169713225070230     
          17          18   1.2181117382464428     
          18          19   1.3613158387681117     
          19          20   1.0449530081933887     
          20          21   1.4342014722817145     
          21          22   1.4303432931443518     
          22          23   1.0084992805408717     
          22          24   1.4366926310444124     
          24          25   1.4250765394573301     
          25          26   1.0086839782393029     
          20          27   1.4237692860900724     
          25          27   1.4409729095939796     
          19          28   1.3669572436921571     
          28          29   1.2068457308145080     
          29          30   1.6386886859359135     
           2          31   1.3815511001373619     
          30          31   1.1981747568887289     
           1          32  0.58754934401325853     
          28          32   1.2641695998388265     
          31          32   1.2781866371439117     
           1          33  0.58528302626191564     
          15          33   1.3046276126977621     
          18          33   1.2550899042100843     
           8          34   1.0484005118707058     
          34          35   1.4260426524705192     
          35          36   1.4373704931003783     
          36          37   1.0085303153702672     
          36          38   1.4292987642203194     
          38          39   1.4316241110414458     
          39          40   1.0087134964656703     
          34          41   1.4286883574153597     
          39          41   1.4351152256933197     
           2          42  0.99902820770329415     
           4          43  0.99544462562740876     
           5          44   1.0009445622571764     
          10          45  0.99999539328737441     
          11          46   1.0004520212656951     
          16          47   1.0005753297198643     
          17          48   1.0001719683785013     
          21          49  0.99650147808051626     
          23          50  0.99996858612604378     
          23          51  0.98817844998760029     
          23          52  0.99606793784660985     
          24          53  0.99513859430548923     
          26          54  0.99918040805880282     
          26          55  0.99613309829389962     
          26          56  0.98844469286318626     
          27          57  0.99591115457081392     
          29          58   1.0011723392872935     
          30          59  0.99552814496422593     
          35          60  0.99637373378421334     
          37          61  0.99797506936195535     
          37          62  0.99803387537830268     
          37          63  0.98823764489998922     
          38          64  0.99513844862217071     
          40          65  0.98840839360871480     
          40          66  0.99850438311847400     
          40          67  0.99682823700404277     
          41          68  0.99639230859950645     
          70          71   1.3809653755539988     
          71          72   1.1986403637362577     
          72          73   1.6378775717236851     
          73          74   1.2072623316615148     
          69          75  0.58872704235179263     
          71          75   1.2779466066552079     
          74          75   1.2644352180624148     
          74          76   1.3655182680663733     
          76          77   1.3605007668486859     
          77          78   1.2181493207676037     
          78          79   1.6169739405676662     
          69          80  0.58474116697629963     
          77          80   1.2554885852820408     
          79          81   1.2268132474515347     
          80          81   1.3042530573344571     
          81          82   1.2833244564496673     
          82          83   1.2828664301237767     
          83          84   1.2267586045682388     
          84          85   1.6170257840526077     
          85          86   1.2180721404635091     
          86          87   1.3615110741268921     
          87          88   1.0443892278258626     
          88          89   1.4343518307279688     
          89          90   1.4303645785797527     
          90          91   1.0084903480046632     
          90          92   1.4366258932840590     
          92          93   1.4252943203352995     
          93          94   1.0086665444134122     
          88          95   1.4241731063097784     
          93          95   1.4407427420798411     
          87          96   1.3671345558998425     
          96          97   1.2068493246476721     
          97          98   1.6387063867635239     
          70          99   1.3815235134723236     
          98          99   1.1981501090216375     
          69         100  0.58750104104550194     
          96         100   1.2640744091039395     
          99         100   1.2782411591514569     
          69         101  0.58529453224679484     
          83         101   1.3046755626010997     
          86         101   1.2550019333725024     
          76         102   1.0485990526103375     
         102         103   1.4260907528813460     
         103         104   1.4372681318756528     
         104         105   1.0085270211112562     
         104         106   1.4294202133736982     
         106         107   1.4314698602193667     
         107         108   1.0087109256998836     
         102         109   1.4284539409457919     
         107         109   1.4352909125792630     
          70         110  0.99902849468479737     
          72         111  0.99544432834031471     
          73         112   1.0009330361688211     
          78         113  0.99998751345644754     
          79         114   1.0004431903313189     
          84         115   1.0005802562632160     
          85         116   1.0002025735949445     
          89         117  0.99645518093697993     
          91         118  0.99990789219635612     
          91         119  0.98816472067169914     
          91         120  0.99614579477659826     
          92         121  0.99513029356872851     
          94         122  0.99917992037715453     
          94         123  0.99619023603630752     
          94         124  0.98841157366615728     
          95         125  0.99588244176808949     
          97         126   1.0011957567702365     
          98         127  0.99553590521071889     
         103         128  0.99638912411427405     
         105         129  0.99801583771574931     
         105         130  0.99800795237729167     
         105         131  0.98822034145493920     
         106         132  0.99514401048310686     
         108         133  0.98842177934364439     
         108         134  0.99844211260056870     
         108         135  0.99687711480771513     
         109         136  0.99639298873650495     
         137         138   2.3638364896955686     
         138         139   1.3609052459928370     
          14         140   1.2294626720167707     
         137         140  0.16410554852430753     
         139         140   2.4608612654541826     
         137         141   1.3608986121557243     
          82         142   1.2294672998443428     
         138         142  0.16409699389368226     
         141         142   2.4608555924904993     
