           1           2   1.3743244060821895     
           2           3   1.2390370949780547     
           3           4   1.6008642352647391     
           4           5   1.2490906607332914     
           2           6   1.2294638839365848     
           5           6   1.2304012311415347     
           5           7   1.3442830995262833     
           7           8   1.0510017088076147     
           8           9   1.4371467758500027     
           9          10   1.4095042521565992     
          10          11   1.0346842051867522     
          11          12   1.2112428515750540     
          11          13   1.8211131585363136     
          12          13  0.18435434631806513     
          10          14   1.4011990190499073     
          14          15   1.4539074425433709     
           8          16   1.4177072168588867     
          15          16   1.4453824763564773     
           7          17   1.3667436962631407     
          17          18   1.1613220058049791     
          18          19   1.6932877493175480     
          17          20   1.3591833481175726     
          19          21   1.1662689301544349     
          20          21   1.4125862315970499     
          21          22   1.2942279808089878     
          22          23   1.2952537142831044     
          23          24   1.2656198030579333     
          24          25   1.5876242754906955     
          25          26   1.2563966419929598     
          23          27   1.2491874358297739     
          26          27   1.2255256203834797     
          26          28   1.3462276106855715     
          28          29   1.0492774264961153     
          29          30   1.4183734793959240     
          30          31   1.4449420718178596     
          31          32   1.4551668779600893     
          32          33   1.4027041755771941     
          33          34   1.0349332865477048     
          34          35   1.2128595108578035     
          34          36   1.8194576205042521     
          35          36  0.18391446615954463     
          29          37   1.4367109946753340     
          33          37   1.4081369304614633     
          28          38   1.3594275165232081     
          38          39   1.1518314390438438     
          39          40   1.7086735547600551     
           1          41   1.3847158848309296     
          40          41   1.1460862830698924     
          38          42   1.3810230924803981     
          41          42   1.3753120192977537     
           1          43  0.99561612816108136     
           3          44  0.99224009393093937     
           4          45  0.99855460810169572     
           6          46  0.96106865910360062     
           9          47  0.99445689777060264     
          12          48  0.94287176891460933     
          14          49  0.98645668425288946     
          15          50  0.98127409378956976     
          16          51  0.98855959242873870     
          18          52  0.99707662548780518     
          19          53  0.99876929193309172     
          24          54  0.99802524564635120     
          25          55  0.99742667992108169     
          27          56  0.96039812069169983     
          30          57  0.98868974559742284     
          31          58  0.98132880556548407     
          32          59  0.98610904586939385     
          35          60  0.94227429995666867     
          37          61  0.99497045152642494     
          39          62  0.99906891454434776     
          40          63  0.99277235045736179     
          64          65   1.3743449263747340     
          65          66   1.2392532643861862     
          66          67   1.6007235720052344     
          67          68   1.2492684076685234     
          65          69   1.2293894720264849     
          68          69   1.2309809463944494     
          68          70   1.3437464181522440     
          70          71   1.0483903144939248     
          71          72   1.4388948432926347     
          72          73   1.4089444140769549     
          73          74   1.0344256596298118     
          74          75   1.2111804356325360     
          74          76   1.8216157690964372     
          75          76  0.18434814437697833     
          73          77   1.4018203887270335     
          77          78   1.4538654597057723     
          71          79   1.4182331794425536     
          78          79   1.4452567399984999     
          70          80   1.3695135307732220     
          80          81   1.1609648327773214     
          81          82   1.6944754332797003     
          80          83   1.3575216427789574     
          82          84   1.1660827849488453     
          83          84   1.4151422302141898     
          84          85   1.2925284307082383     
          85          86   1.2936561944681400     
          86          87   1.2655599472735011     
          87          88   1.5876952136529512     
          88          89   1.2557820499689203     
          86          90   1.2501001432177135     
          89          90   1.2250725030376928     
          89          91   1.3468048605695837     
          91          92   1.0502765427212633     
          92          93   1.4190650046627049     
          93          94   1.4443219455348879     
          94          95   1.4557646366674906     
          95          96   1.4018891559338527     
          96          97   1.0354058440253064     
          97          98   1.2130356906054249     
          97          99   1.8184679225165215     
          98          99  0.18380827016171639     
          92         100   1.4351054867062294     
          96         100   1.4089062494255902     
          91         101   1.3584289214253114     
         101         102   1.1522685404273780     
         102         103   1.7086462747015720     
          64         104   1.3847884421266976     
         103         104   1.1463940631377885     
         101         105   1.3820017150930246     
         104         105   1.3749941926569846     
          64         106  0.99558317431763665     
          66         107  0.99222391128330456     
          67         108  0.99864187643454638     
          69         109  0.96114400997155325     
          72         110  0.99456346792743666     
          75         111  0.94314654047914281     
          77         112  0.98641764980058633     
          78         113  0.98121853116765212     
          79         114  0.98843491981661580     
          81         115  0.99752072906670619     
          82         116  0.99865357460294868     
          87         117  0.99807458324340326     
          88         118  0.99763998253926900     
          90         119  0.96053443501963820     
          93         120  0.98851129013509298     
          94         121  0.98093435782876381     
          95         122  0.98618490729413322     
          98         123  0.94269891800422512     
         100         124  0.99505836247575441     
         102         125  0.99854637809979330     
         103         126  0.99262033591402188     
          22         127   1.2039641687553047     
         127         128   2.6202268594028313     
         129         130   2.6037669739243658     
         131         132   2.6019260280834464     
         133         134   2.6023408205747303     
         135         136   2.6023774457593674     
         137         138   2.6038907481248166     
          85         140   1.2085918131277165     
         139         140   2.6172994118001416     
         128         141   1.2065733164745089     
         141         142   1.2889389728261293     
         142         143   1.2696378654320328     
         143         144   1.5806749423642317     
         144         145   1.2615499716234095     
         142         146   1.2511319316808647     
         145         146   1.2243533683920338     
         145         147   1.3395462333499355     
         147         148   1.0507702354130606     
         148         149   1.4380759212395131     
         149         150   1.4089652395710781     
         150         151   1.0348086005982768     
         151         152   1.2106829606506275     
         151         153   1.8212219116098833     
         152         153  0.18426810232063803     
         150         154   1.4015071815241105     
         154         155   1.4537222034723409     
         148         156   1.4179271363418438     
         155         156   1.4456645318888963     
         147         157   1.3731075343023988     
         157         158   1.1622249465434544     
         158         159   1.6906139429404485     
         157         160   1.3541183002800803     
         159         161   1.1696082451802430     
         160         161   1.4185946942197067     
         129         162   1.2217363076325014     
         161         162   1.2847661881691315     
         162         163   1.2834486221298289     
         163         164   1.2735015939662626     
         164         165   1.5777935587206098     
         165         166   1.2638951453723091     
         163         167   1.2521056550505756     
         166         167   1.2259483256714496     
         166         168   1.3366888080843147     
         168         169   1.0492227629868853     
         169         170   1.4194183546504291     
         170         171   1.4445415906343066     
         171         172   1.4555609206925724     
         172         173   1.4025382693890527     
         173         174   1.0349807429720277     
         174         175   1.2129219224374610     
         174         176   1.8191022218063451     
         175         176  0.18376870374490109     
         169         177   1.4368537279492597     
         173         177   1.4083867486597017     
         168         178   1.3761056618894332     
         178         179   1.1605330659667166     
         179         180   1.6932163565992440     
         141         181   1.2914173956631332     
         180         181   1.1674742528038304     
         178         182   1.3542195658967831     
         181         182   1.4153765869350245     
         143         183  0.99851210424460979     
         144         184  0.99846262211348857     
         146         185  0.96195210897945305     
         149         186  0.99459845445718065     
         152         187  0.94321198496200087     
         154         188  0.98664147123154800     
         155         189  0.98114064126078393     
         156         190  0.98876948246688812     
         158         191  0.99813930347915147     
         159         192  0.99876074102623991     
         164         193  0.99791279742055772     
         165         194  0.99816138183962200     
         167         195  0.96207614084161519     
         170         196  0.98902471925898361     
         171         197  0.98136008349931869     
         172         198  0.98628121697959625     
         175         199  0.94278138594567384     
         177         200  0.99489612666200911     
         179         201  0.99903963897960602     
         180         202  0.99929590013302860     
         130         203   1.2221424155449907     
         203         204   1.2826087208598056     
         204         205   1.2738325079753572     
         205         206   1.5767185841759954     
         206         207   1.2642065894521020     
         204         208   1.2524591971137342     
         207         208   1.2250703471698388     
         207         209   1.3359348236740507     
         209         210   1.0545803664859419     
         210         211   1.4361077139504619     
         211         212   1.4098679368864941     
         212         213   1.0344980510495521     
         213         214   1.2106974723315242     
         213         215   1.8216983087621827     
         214         215  0.18434043596332272     
         212         216   1.4012280840176872     
         216         217   1.4532709761223108     
         210         218   1.4163529900610188     
         217         218   1.4462218271833152     
         209         219   1.3731140756437978     
         219         220   1.1622530499988200     
         220         221   1.6903234927526352     
         219         222   1.3541174866006360     
         221         223   1.1700610535565097     
         222         223   1.4181677486015649     
         131         224   1.2238526884036198     
         223         224   1.2843484081917826     
         224         225   1.2808195412057253     
         225         226   1.2748264601303401     
         226         227   1.5763917569933059     
         227         228   1.2651264347292981     
         225         229   1.2531637208839530     
         228         229   1.2254841340535541     
         228         230   1.3356916748387397     
         230         231   1.0539447186355546     
         231         232   1.4172615260915440     
         232         233   1.4452817956979997     
         233         234   1.4551253309679459     
         234         235   1.4020575090700491     
         235         236   1.0350946227735276     
         236         237   1.2127547020733382     
         236         238   1.8192170527516971     
         237         238  0.18369478973822123     
         231         239   1.4347679369075370     
         235         239   1.4091268401393429     
         230         240   1.3740295431225782     
         240         241   1.1627155431871101     
         241         242   1.6890953324151083     
         203         243   1.2832186634384779     
         242         243   1.1704127818877468     
         240         244   1.3527700963191245     
         243         244   1.4189632560763339     
         205         245  0.99791250741572524     
         206         246  0.99831543756922958     
         208         247  0.96215755841879158     
         211         248  0.99470880592273481     
         214         249  0.94319016064369587     
         216         250  0.98667080713097621     
         217         251  0.98120305841418953     
         218         252  0.98865218310710523     
         220         253  0.99812460961114902     
         221         254  0.99862239423087251     
         226         255  0.99769115809401177     
         227         256  0.99799570605255572     
         229         257  0.96204567015119136     
         232         258  0.98886521184272747     
         233         259  0.98118831913591342     
         234         260  0.98623305983710041     
         237         261  0.94311218362736993     
         239         262  0.99510060490000463     
         241         263  0.99887506180853836     
         242         264  0.99869554292836504     
         132         265   1.2239511655967850     
         265         266   1.2819962037499701     
         266         267   1.2743771208571772     
         267         268   1.5766000455681457     
         268         269   1.2644079748286972     
         266         270   1.2525016764622727     
         269         270   1.2256420687070286     
         269         271   1.3353509617616075     
         271         272   1.0550101643272494     
         272         273   1.4359157808101040     
         273         274   1.4099142543113174     
         274         275   1.0344736027006740     
         275         276   1.2107137931097176     
         275         277   1.8216933872551684     
         276         277  0.18431675234604977     
         274         278   1.4012141195880952     
         278         279   1.4532163434605949     
         272         280   1.4161525903113201     
         279         280   1.4463079145684898     
         271         281   1.3734384251427634     
         281         282   1.1622679271436318     
         282         283   1.6903399795403586     
         281         284   1.3538994608248600     
         283         285   1.1700441894997839     
         284         285   1.4184219545463699     
         133         286   1.2235477717224201     
         285         286   1.2839857078903156     
         286         287   1.2816475019191425     
         287         288   1.2743923713526386     
         288         289   1.5770211507042549     
         289         290   1.2647443490565857     
         287         291   1.2529953897940029     
         290         291   1.2254607194445744     
         290         292   1.3363946510077223     
         292         293   1.0537097930610406     
         293         294   1.4174273500314036     
         294         295   1.4452462621198965     
         295         296   1.4552026632666897     
         296         297   1.4019818872347580     
         297         298   1.0351426137745372     
         298         299   1.2124936443383241     
         298         300   1.8193409692847282     
         299         300  0.18367010363936689     
         293         301   1.4348125358983601     
         297         301   1.4091009442130336     
         292         302   1.3734703000554109     
         302         303   1.1627771652739609     
         303         304   1.6891241171842670     
         265         305   1.2831521723994430     
         304         305   1.1706212104552494     
         302         306   1.3533726818756531     
         305         306   1.4187726920022581     
         267         307  0.99767056185713454     
         268         308  0.99830368846155892     
         270         309  0.96215195673868770     
         273         310  0.99471360089919236     
         276         311  0.94323857492725238     
         278         312  0.98667368011725320     
         279         313  0.98117770931608905     
         280         314  0.98865217713229581     
         282         315  0.99810367136794609     
         283         316  0.99860288248366935     
         288         317  0.99773294326029749     
         289         318  0.99802707023039161     
         291         319  0.96200972417088182     
         294         320  0.98882621529972947     
         295         321  0.98115524028313761     
         296         322  0.98621852077333338     
         299         323  0.94313385126417559     
         301         324  0.99510937206678696     
         303         325  0.99891391706967658     
         304         326  0.99866892650007388     
         134         327   1.2236876635808114     
         327         328   1.2821082393428926     
         328         329   1.2742303564037005     
         329         330   1.5768652910965779     
         330         331   1.2642379193329560     
         328         332   1.2524915524761857     
         331         332   1.2256772223403738     
         331         333   1.3355198041032736     
         333         334   1.0550180546246022     
         334         335   1.4359056674308968     
         335         336   1.4099192502087110     
         336         337   1.0343919353468363     
         337         338   1.2106929839815959     
         337         339   1.8217751640603814     
         338         339  0.18429541394740426     
         336         340   1.4011968217353945     
         340         341   1.4532610790794935     
         334         342   1.4161743668377227     
         341         342   1.4462894643156590     
         333         343   1.3733112571038679     
         343         344   1.1623442861501967     
         344         345   1.6902710765814062     
         343         346   1.3539772243374226     
         345         347   1.1700251208902104     
         346         347   1.4182925843102661     
         135         348   1.2234652799457990     
         347         348   1.2841500033650943     
         348         349   1.2814925808907200     
         349         350   1.2744804819818558     
         350         351   1.5768727604948036     
         351         352   1.2648240826462493     
         349         353   1.2529649044457072     
         352         353   1.2255362331605366     
         352         354   1.3362214639122467     
         354         355   1.0536482223948298     
         355         356   1.4175084481557774     
         356         357   1.4452119746380732     
         357         358   1.4552343487340038     
         358         359   1.4019449976904428     
         359         360   1.0351508377763545     
         360         361   1.2124065924054126     
         360         362   1.8193677755300040     
         361         362  0.18366033169103582     
         355         363   1.4347684302547712     
         359         363   1.4091020416740212     
         354         364   1.3737020990535729     
         364         365   1.1626813318406339     
         365         366   1.6894329468157356     
         327         367   1.2835253604923997     
         366         367   1.1703862642656364     
         364         368   1.3532581428521979     
         367         368   1.4188636019600187     
         329         369  0.99764849790974608     
         330         370  0.99826958841544011     
         332         371  0.96215291702144701     
         335         372  0.99472215060401492     
         338         373  0.94326929286829719     
         340         374  0.98666451396955279     
         341         375  0.98116927475200599     
         342         376  0.98863402886397411     
         344         377  0.99810902154475956     
         345         378  0.99860456189890201     
         350         379  0.99776921279620201     
         351         380  0.99803925869316013     
         353         381  0.96199100914880031     
         356         382  0.98881652435489664     
         357         383  0.98114406025356360     
         358         384  0.98621520902979498     
         361         385  0.94317642411555780     
         363         386  0.99510202070364828     
         365         387  0.99888895599319683     
         366         388  0.99868463358359649     
         136         389   1.2235953660421126     
         389         390   1.2824338414893768     
         390         391   1.2740247914014826     
         391         392   1.5768985502877260     
         392         393   1.2642561112437696     
         390         394   1.2524506618784867     
         393         394   1.2257617407407859     
         393         395   1.3353142780336027     
         395         396   1.0547205693630151     
         396         397   1.4359989367473847     
         397         398   1.4098448867607922     
         398         399   1.0344708755675127     
         399         400   1.2107258891590529     
         399         401   1.8216105376423222     
         400         401  0.18425615613672272     
         398         402   1.4011777368922518     
         402         403   1.4533171173234780     
         396         404   1.4163572715189459     
         403         404   1.4462087611248513     
         395         405   1.3737763015607622     
         405         406   1.1620411854808377     
         406         407   1.6906881841623140     
         405         408   1.3538097239203652     
         407         409   1.1694938255304390     
         408         409   1.4182454755855343     
         137         410   1.2217793004152167     
         409         410   1.2848606035800789     
         410         411   1.2817800580530037     
         411         412   1.2740663668666530     
         412         413   1.5768212167872386     
         413         414   1.2647928638908166     
         411         415   1.2531281468564113     
         414         415   1.2250974024273735     
         414         416   1.3365477113203834     
         416         417   1.0539399183581644     
         417         418   1.4172449960587576     
         418         419   1.4453382291460757     
         419         420   1.4551592276980141     
         420         421   1.4019621665919346     
         421         422   1.0352135355657925     
         422         423   1.2124352153919127     
         422         424   1.8192327920251288     
         423         424  0.18363963128726679     
         417         425   1.4347966452251308     
         421         425   1.4090045822005777     
         416         426   1.3732181938466765     
         426         427   1.1627619913338803     
         427         428   1.6892442873881652     
         389         429   1.2832331995144310     
         428         429   1.1704301187684973     
         426         430   1.3533211978776085     
         429         430   1.4190355738039551     
         391         431  0.99767820815042763     
         392         432  0.99825674469566661     
         394         433  0.96216408833447842     
         397         434  0.99472280529220802     
         400         435  0.94331301809296275     
         402         436  0.98664471470543147     
         403         437  0.98115146890738769     
         404         438  0.98860847506736715     
         406         439  0.99808432409855830     
         407         440  0.99882430236710207     
         412         441  0.99804446116474788     
         413         442  0.99799572748448084     
         415         443  0.96195212163652100     
         418         444  0.98881603741664459     
         419         445  0.98112277875014942     
         420         446  0.98621727297934403     
         423         447  0.94330262651385866     
         425         448  0.99510426409923858     
         427         449  0.99884309122064174     
         428         450  0.99867770333430250     
         138         451   1.2219684250874130     
         451         452   1.2835890088093858     
         452         453   1.2735132345827533     
         453         454   1.5772428048505052     
         454         455   1.2639499304101034     
         452         456   1.2519744809955826     
         455         456   1.2265138014720998     
         455         457   1.3347516499927923     
         457         458   1.0560454167234712     
         458         459   1.4352119763823079     
         459         460   1.4100604342521537     
         460         461   1.0345406322008850     
         461         462   1.2113917271786032     
         461         463   1.8209227621480026     
         462         463  0.18416520350702936     
         460         464   1.4010462482120423     
         464         465   1.4532108007779621     
         458         466   1.4157744747017085     
         465         466   1.4464538627713568     
         457         467   1.3730730634038184     
         467         468   1.1613079925920462     
         468         469   1.6917185085060138     
         467         470   1.3550760152713364     
         469         471   1.1684717191227376     
         470         471   1.4156781504055311     
         139         472   1.2114449218028778     
         471         472   1.2884858985147130     
         472         473   1.2872528484640222     
         473         474   1.2712339619919826     
         474         475   1.5797315020458287     
         475         476   1.2629530657745804     
         473         477   1.2513672822977902     
         476         477   1.2252829596808887     
         476         478   1.3382615983968353     
         478         479   1.0540305474162426     
         479         480   1.4172361069270920     
         480         481   1.4454388332507080     
         481         482   1.4550633580178396     
         482         483   1.4021275119446681     
         483         484   1.0349533644540829     
         484         485   1.2131222301336506     
         484         486   1.8187059039359745     
         485         486  0.18374784981420320     
         479         487   1.4347302551387919     
         483         487   1.4090512905432280     
         478         488   1.3716404419562431     
         488         489   1.1627223009100436     
         489         490   1.6892795736658881     
         451         491   1.2844134535260079     
         490         491   1.1700745363960456     
         488         492   1.3545096071338834     
         491         492   1.4183017967804454     
         453         493  0.99780527141946651     
         454         494  0.99806193011285638     
         456         495  0.96208500100486860     
         459         496  0.99484405026822476     
         462         497  0.94341142808488943     
         464         498  0.98657944786367757     
         465         499  0.98107227217670234     
         466         500  0.98862417164066763     
         468         501  0.99773775159637279     
         469         502  0.99850052400579925     
         474         503  0.99775718075500786     
         475         504  0.99793505568857055     
         477         505  0.96189373019781765     
         480         506  0.98884355141755642     
         481         507  0.98111895180403308     
         482         508  0.98624247633908080     
         485         509  0.94381675010831179     
         487         510  0.99502481842623558     
         489         511  0.99871292333119754     
         490         512  0.99891870583201581     
