           2           3   1.3855734157792601     
           3           4   1.1971970818378683     
           4           5   1.6437423295034610     
           5           6   1.2040114828309578     
           1           7  0.60687599116167801     
           3           7   1.2723912210223540     
           6           7   1.2658800792745268     
           6           8   1.3648347795352438     
           8           9   1.0517525419064333     
           9          10   1.4167130945232582     
          10          11   1.4626818564463140     
          11          12   1.3829743654423718     
          12          13   1.1245382607829943     
          13          14   2.9618660480002856     
          12          15   1.3824197050164007     
           9          16   1.4162822074318506     
          15          16   1.4632199939065651     
           8          17   1.3590273789031335     
          17          18   1.2165568947061443     
          18          19   1.6204661914593839     
           1          20  0.60357220754303942     
          17          20   1.2561958035403344     
          19          21   1.2267206457230933     
          20          21   1.2985308730654108     
          21          22   1.2857886198760637     
          22          23   1.2856455253782726     
          23          24   1.2268027590543673     
          24          25   1.6202733182696409     
          25          26   1.2166926037766816     
           1          27  0.60288442606128889     
          23          27   1.2989772914538975     
          26          27   1.2561649734264899     
          26          28   1.3587427827514929     
          28          29   1.0525713421413410     
          29          30   1.4161955188435940     
          30          31   1.4629590520846065     
          31          32   1.3827726233406208     
          32          33   1.1245906325315747     
          33          34   2.9617819419578675     
          32          35   1.3824274854953311     
          29          36   1.4160802520458298     
          35          36   1.4632477455636792     
          28          37   1.3645104330589148     
          37          38   1.2040152789874037     
          38          39   1.6436632482088998     
           2          40   1.3856845558851298     
          39          40   1.1972791134189391     
           1          41  0.60761179624757444     
          37          41   1.2659627890644403     
          40          41   1.2721180136108678     
           2          42  0.99694320543484050     
           4          43  0.99302628911070223     
           5          44  0.99855776653864947     
          10          45  0.98682237936879091     
          11          46  0.98524226855691088     
          15          47  0.98506289575837569     
          16          48  0.98664636041422782     
          18          49  0.99769013649944138     
          19          50  0.99852759192618223     
          24          51  0.99843465075748417     
          25          52  0.99768614528608635     
          30          53  0.98687050783822627     
          31          54  0.98525660731195552     
          35          55  0.98506462289623897     
          36          56  0.98668131153092742     
          38          57  0.99851719713938047     
          39          58  0.99301216215885924     
          60          61   1.3860698739615354     
          61          62   1.1967502873728020     
          62          63   1.6447556989958654     
          63          64   1.2033942351175144     
          59          65  0.60161030268442561     
          61          65   1.2732301750883641     
          64          65   1.2685438259390334     
          64          66   1.3638901091975233     
          66          67   1.0515527943411422     
          67          68   1.4167123894522460     
          68          69   1.4627059792600465     
          69          70   1.3829722762755323     
          70          71   1.1244985963777911     
          71          72   2.9619617476877114     
          70          73   1.3825721233654933     
          67          74   1.4164552309106571     
          73          74   1.4630637815869629     
          66          75   1.3603638845235093     
          75          76   1.2144002090111659     
          76          77   1.6241460938427119     
          59          78  0.59823033992743013     
          75          78   1.2584533764649259     
          77          79   1.2239671270612580     
          78          79   1.2984727257589344     
          79          80   1.2903403790030250     
          80          81   1.2904204519169662     
          81          82   1.2242053390622802     
          82          83   1.6238886248231950     
          83          84   1.2144938974694772     
          59          85  0.59818977911946247     
          81          85   1.2983746487606924     
          84          85   1.2585367101714502     
          84          86   1.3601284797469073     
          86          87   1.0522129119643078     
          87          88   1.4162506002766404     
          88          89   1.4629573425296061     
          89          90   1.3827820650693112     
          90          91   1.1245641072047954     
          91          92   2.9618829154957091     
          90          93   1.3825858401594431     
          87          94   1.4163305564767661     
          93          94   1.4630784663374468     
          86          95   1.3636264225901034     
          95          96   1.2032891793703355     
          96          97   1.6448368801441904     
          60          98   1.3863916315751466     
          97          98   1.1966819023264554     
          59          99  0.60183007615664819     
          95          99   1.2687945440020711     
          98          99   1.2729611971938266     
          60         100  0.99697073849968665     
          62         101  0.99298284244053880     
          63         102  0.99851425023879126     
          68         103  0.98678500622081655     
          69         104  0.98521498978424049     
          73         105  0.98502531154304673     
          74         106  0.98659790170921147     
          76         107  0.99767683410163210     
          77         108  0.99841743519335246     
          82         109  0.99831728181671942     
          83         110  0.99766058630845345     
          88         111  0.98681522388083409     
          89         112  0.98521162296204068     
          93         113  0.98503621404313513     
          94         114  0.98662903084600273     
          96         115  0.99848867175527622     
          97         116  0.99298027460528449     
         117         118   2.3607954695525795     
         118         119   1.3649228438859200     
          22         120   1.2318583435415111     
         117         120  0.16595030507960326     
         119         120   2.4600686530156501     
         117         121   1.3664324716242204     
         118         122  0.16577041846898130     
         121         122   2.4563765358271161     
         123         124   2.3553411272705023     
         124         125   1.3698353842641124     
         123         126  0.16482830070984680     
         125         126   2.4522890398506321     
         123         127   1.3697151323578187     
         124         128  0.16485008833692200     
         127         128   2.4526050970761757     
         129         130   2.3697667429732938     
         130         131   1.3592389859496310     
         129         132  0.16689888275335130     
         131         132   2.4650088729323731     
         129         133   1.3575687980525435     
          80         134   1.2241630992938100     
         130         134  0.16715863759189212     
         133         134   2.4692314744478736     
         122         136   1.2352520633980153     
         136         137   1.2799206693490768     
         137         138   1.2294387820381389     
         138         139   1.6160782948638512     
         139         140   1.2201009652130148     
         135         141  0.62239018696628956     
         137         141   1.2985842897203370     
         140         141   1.2448253078738818     
         140         142   1.3632930618688650     
         142         143   1.0524603237599732     
         143         144   1.4165362985876602     
         144         145   1.4629619098151549     
         145         146   1.3827413030449136     
         146         147   1.1246522742420391     
         147         148   2.9616410651438065     
         146         149   1.3826450370480001     
         143         150   1.4164664209314481     
         149         150   1.4630946737851578     
         142         151   1.3610913996576306     
         151         152   1.2209179321394767     
         152         153   1.6148772568428318     
         135         154  0.62251521152370271     
         151         154   1.2456700858564917     
         153         155   1.2305283396838729     
         154         155   1.2985227494151412     
         126         156   1.2384587729498355     
         155         156   1.2788397549733956     
         156         157   1.2788862805162566     
         157         158   1.2306678048789892     
         158         159   1.6146889521754837     
         159         160   1.2210106142094592     
         135         161  0.62276236304852561     
         157         161   1.2983726263702378     
         160         161   1.2457593798233240     
         160         162   1.3607867361075259     
         162         163   1.0530261246720491     
         163         164   1.4163347924898750     
         164         165   1.4630257444386567     
         165         166   1.3827314585539756     
         166         167   1.1246596024279818     
         167         168   2.9616428850558218     
         166         169   1.3825444791361590     
         163         170   1.4161442692946058     
         169         170   1.4632428829329958     
         162         171   1.3631197615463526     
         171         172   1.2201204737761735     
         172         173   1.6159851285000295     
         136         174   1.2799540737548230     
         173         174   1.2295514011875186     
         135         175  0.62240045269477395     
         171         175   1.2448861230951540     
         174         175   1.2984281183894899     
         138         176  0.99873544112174284     
         139         177  0.99829092307944867     
         144         178  0.98690003871861620     
         145         179  0.98522644985772523     
         149         180  0.98518069226620519     
         150         181  0.98686676057386569     
         152         182  0.99820239145867384     
         153         183  0.99863283928804036     
         158         184  0.99858904206525867     
         159         185  0.99818951880329365     
         164         186  0.98692486296520254     
         165         187  0.98523351042554419     
         169         188  0.98516941359702859     
         170         189  0.98689428654747335     
         172         190  0.99825753081590840     
         173         191  0.99869203247624017     
         128         193   1.2382117174082286     
         193         194   1.2794318544980681     
         194         195   1.2301885944717408     
         195         196   1.6154031074155402     
         196         197   1.2205543568406485     
         192         198  0.61940542528181008     
         194         198   1.2988311104646937     
         197         198   1.2472649661750055     
         197         199   1.3604028401153470     
         199         200   1.0521235876756325     
         200         201   1.4165391588775205     
         201         202   1.4630605915286330     
         202         203   1.3826640263986518     
         203         204   1.1246257421618175     
         204         205   2.9616786019801555     
         203         206   1.3828083172868451     
         200         207   1.4167078760613923     
         206         207   1.4628717721602049     
         199         208   1.3642255692196081     
         208         209   1.2184964145534585     
         209         210   1.6186947727622152     
         192         211  0.61938004175880745     
         208         211   1.2463122790365699     
         210         212   1.2273421346423905     
         211         212   1.2977919977382277     
         132         213   1.2277516175982928     
         212         213   1.2838749843541797     
         213         214   1.2841043427660812     
         214         215   1.2274108302297277     
         215         216   1.6185613569298993     
         216         217   1.2185494614410262     
         192         218  0.61960588413641782     
         214         218   1.2974961194039834     
         217         218   1.2465870564017936     
         217         219   1.3637169746081304     
         219         220   1.0528832797808254     
         220         221   1.4163467010443114     
         221         222   1.4631333806215141     
         222         223   1.3826333634252468     
         223         224   1.1246773481661156     
         224         225   2.9616462293242432     
         223         226   1.3826638266726150     
         220         227   1.4162170751160135     
         226         227   1.4630997714333345     
         219         228   1.3604050918167856     
         228         229   1.2205189527501605     
         229         230   1.6154743087341836     
         193         231   1.2793723297707029     
         230         231   1.2301415783335268     
         192         232  0.61933408101298348     
         228         232   1.2472081485175872     
         231         232   1.2989144887365083     
         195         233  0.99859555541045197     
         196         234  0.99818124416485998     
         201         235  0.98683885220850809     
         202         236  0.98515903879315547     
         206         237  0.98521622942837017     
         207         238  0.98687058148013529     
         209         239  0.99828869584961677     
         210         240  0.99864142217658936     
         215         241  0.99861733182349111     
         216         242  0.99825969814114313     
         221         243  0.98687004337142759     
         222         244  0.98518130358136125     
         226         245  0.98520019361941957     
         227         246  0.98690796964587313     
         229         247  0.99813456407275658     
         230         248  0.99860281318806743     
