   -0.07089689
   -0.01852216
    0.06189433
   -0.04116114
   -0.03731643
    0.06380495
   -0.17193846
    0.01372899
    0.00448499
   -0.03865978
    0.03138593
   -0.23813514
    0.03693860
   -0.06115244
    0.06318309
   -0.03517403
   -0.03793600
   -0.16946968
    0.06807857
    0.02201788
    0.06800751
   -0.03797747
   -0.03523401
    0.06317933
   -0.16952057
    0.01369904
    0.00449268
   -0.03869304
    0.03144095
   -0.23811387
    0.03696780
   -0.06131273
    0.06379149
   -0.03734029
   -0.04116625
    0.06188663
   -0.17193808
    0.02445002
    0.02637745
    0.01888992
    0.01945222
    0.01797857
    0.02460540
    0.16920197
    0.04035369
    0.01219097
    0.02060023
    0.02457016
    0.02449928
    0.02055943
    0.01945841
    0.01797408
    0.02458428
    0.16930197
    0.04030929
    0.01216268
    0.01884885
    0.02636893
   -0.07034228
   -0.01861567
    0.06180856
   -0.04119448
   -0.03729942
    0.06371161
   -0.17190105
    0.01362590
    0.00447483
   -0.03860896
    0.03139255
   -0.23819504
    0.03695487
   -0.06114007
    0.06311205
   -0.03510560
   -0.03786745
   -0.16928827
    0.06804569
    0.02198357
    0.06774528
   -0.03804587
   -0.03529702
    0.06309383
   -0.16951534
    0.01349212
    0.00445602
   -0.03863951
    0.03144270
   -0.23821766
    0.03690792
   -0.06133406
    0.06370515
   -0.03735484
   -0.04119578
    0.06178422
   -0.17186433
    0.02450579
    0.02632112
    0.01882435
    0.01941186
    0.01792012
    0.02464064
    0.16922432
    0.04046062
    0.01222782
    0.02048903
    0.02464420
    0.02419718
    0.02031729
    0.01943366
    0.01787653
    0.02463163
    0.16926169
    0.04027945
    0.01215965
    0.01873109
    0.02629996
   -0.01291344
   -0.02055868
   -0.01426006
   -0.01634571
   -0.01666965
   -0.01376091
   -0.02071659
   -0.01245353
   -0.01265278
   -0.02090168
   -0.01389627
   -0.01673734
   -0.01644043
   -0.01426053
   -0.02062826
   -0.01291016
   -0.06763433
    0.02170887
    0.06848082
   -0.03856799
   -0.03542080
    0.06294884
   -0.16875738
    0.01633991
    0.00553615
   -0.03685557
    0.03181444
   -0.23854257
    0.03701908
   -0.06145377
    0.06316644
   -0.03493783
   -0.03816533
   -0.16820987
    0.06810051
    0.02148437
    0.06822215
   -0.03857715
   -0.03533552
    0.06308310
   -0.16877422
    0.01614961
    0.00478186
   -0.03720361
    0.03167085
   -0.23809452
    0.03700027
   -0.06147762
    0.06330426
   -0.03462170
   -0.03800690
    0.06830961
   -0.16808278
    0.02469841
    0.01998118
    0.02185849
    0.02511466
    0.02036827
    0.16928723
    0.04012511
    0.01260482
    0.02044410
    0.02436616
    0.02484644
    0.02059931
    0.02088047
    0.02628128
    0.01860641
    0.16939034
    0.04024038
    0.01230078
    0.02074857
    0.02432743
