           1           2   1.3681417250302743     
           2           3   1.2453231316169202     
           3           4   1.5915314354016996     
           4           5   1.2604359707354957     
           2           6   1.2243556082499727     
           5           6   1.2487872094523624     
           5           7   1.2946929634026536     
           7           8   1.1837779790646952     
           8           9   2.6633024826960332     
           9          10   1.1522457909348445     
          10          11   1.3749691066661214     
          11          12   1.4613732510684210     
          12          13   1.4712811756389421     
          13          14   1.4710467975806312     
          10          15   1.3753283972753083     
          14          15   1.4612136136414438     
           7          16   1.3176326386550496     
          16          17   1.1632572515311748     
          17          18   1.6945279816175096     
          16          19   1.3807403087286518     
          18          20   1.1629892608457248     
          19          20   1.3948633489587698     
          20          21   1.3000248532643748     
          21          22   1.2864754666873923     
          22          23   1.2687436307200508     
          23          24   1.5796456974386768     
          24          25   1.2664534936098943     
          22          26   1.2432423107413619     
          25          26   1.2378210317123688     
          25          27   1.3004583911440668     
          27          28   1.1872303347089730     
          28          29   2.6594743189165837     
          29          30   1.1534251418083175     
          30          31   1.3742542167971505     
          31          32   1.4616420361588480     
          32          33   1.4709111134119213     
          33          34   1.4707844570533894     
          30          35   1.3744320194880861     
          34          35   1.4616651661461686     
          27          36   1.3026573980086193     
          36          37   1.1557718061491085     
          37          38   1.7071235038557842     
           1          39   1.3985754187574619     
          38          39   1.1457548486895388     
          36          40   1.4114695833966675     
          39          40   1.3561971719881774     
           1          41  0.99501852726010853     
           3          42  0.99152734740615167     
           4          43  0.99888958088007251     
           6          44  0.96072836206344203     
          11          45  0.98774900036606916     
          12          46  0.98130965176478779     
          14          47  0.98116143927458521     
          15          48  0.98760673947159916     
          17          49  0.99930611870795472     
          18          50  0.99826628579063426     
          23          51  0.99724558224289650     
          24          52  0.99832510808424890     
          26          53  0.95953439525784667     
          31          54  0.98758268347299460     
          32          55  0.98122220026237039     
          34          56  0.98130913237136452     
          35          57  0.98780646047087139     
          37          58  0.99993498369524458     
          38          59  0.99204969967393863     
          60          61   1.3679043513893965     
          61          62   1.2454061834578078     
          62          63   1.5913336687400190     
          63          64   1.2606097374631464     
          61          65   1.2245165485043141     
          64          65   1.2485881433229040     
          64          66   1.2946284444824980     
          66          67   1.1836909944699177     
          67          68   2.6634609237918387     
          68          69   1.1521978639305201     
          69          70   1.3750505827040718     
          70          71   1.4613384882273202     
          71          72   1.4713178670901561     
          72          73   1.4710438623056232     
          69          74   1.3753514625758569     
          73          74   1.4612122834323760     
          66          75   1.3180398660260151     
          75          76   1.1633690416706297     
          76          77   1.6943429096378224     
          75          78   1.3800644163765021     
          77          79   1.1631177819122391     
          78          79   1.3956494633771965     
          79          80   1.2989998404658198     
          80          81   1.2857816275901193     
          81          82   1.2691547537488490     
          82          83   1.5790703998438320     
          83          84   1.2668092922188505     
          81          85   1.2434743503474877     
          84          85   1.2376879768650271     
          84          86   1.3001030875082942     
          86          87   1.1872642422039570     
          87          88   2.6594577564750987     
          88          89   1.1534344298953483     
          89          90   1.3742817226612145     
          90          91   1.4616358486922953     
          91          92   1.4709140390046822     
          92          93   1.4707534502690045     
          89          94   1.3744018450239386     
          93          94   1.4616933970137602     
          86          95   1.3029666014727832     
          95          96   1.1557076952774759     
          96          97   1.7072143568802034     
          60          98   1.3985578002990657     
          97          98   1.1457098353682054     
          95          99   1.4111960379268209     
          98          99   1.3563127972677511     
          60         100  0.99502437398083354     
          62         101  0.99154557343511573     
          63         102  0.99889151302044876     
          65         103  0.96072959963652649     
          70         104  0.98774054230578079     
          71         105  0.98131888971154924     
          73         106  0.98116077548308889     
          74         107  0.98761961486469929     
          76         108  0.99932400009682332     
          77         109  0.99831038609074885     
          82         110  0.99724706448609446     
          83         111  0.99833354994108026     
          85         112  0.95956278075030976     
          90         113  0.98757637707356405     
          91         114  0.98123367961605423     
          93         115  0.98131666286444652     
          94         116  0.98782510860845407     
          96         117  0.99996128223198777     
          97         118  0.99206419109641464     
          21         119   1.2141078482316765     
         119         120   2.4725030550698168     
         120         121   1.3573751059397716     
         119         122  0.16960434501011656     
         121         122   2.3527757402603053     
         122         123   1.3855121886843593     
         121         124  0.16382897204358723     
         123         124   2.3513119490833723     
         124         125   1.3594642958554299     
         123         126  0.16895638564136833     
         125         126   2.4676878849779342     
         127         128   2.4591326365260202     
         128         129   1.3666726426057421     
         127         130  0.16792330497591540     
         129         130   2.3410283952581290     
         130         131   1.3939987866395596     
         129         132  0.16238691483593981     
         131         132   2.3408876836069314     
         132         133   1.3669802990930144     
         131         134  0.16790814857714970     
         133         134   2.4586434890404023     
         135         136   2.4587544160954811     
         136         137   1.3668984462891769     
         135         138  0.16795792172461241     
         137         138   2.3409431083996397     
         138         139   1.3940161946262999     
         137         140  0.16245968090996021     
         139         140   2.3410158888506585     
         140         141   1.3668182446312973     
         139         142  0.16801367586747232     
         141         142   2.4589960889479516     
         143         144   2.4593887680921562     
         144         145   1.3665403970900558     
         143         146  0.16815085965721224     
         145         146   2.3415071856835485     
         146         147   1.3936712670647895     
         145         148  0.16263083542091916     
         147         148   2.3415361953558067     
         148         149   1.3664985731375554     
         147         150  0.16816544798417563     
         149         150   2.4594816264643775     
         151         152   2.4595585789179113     
         152         153   1.3664435096094014     
         151         154  0.16819722813842200     
         153         154   2.3416372585818523     
         154         155   1.3936008080403328     
         153         156  0.16267185845282486     
         155         156   2.3416378898874424     
         156         157   1.3664442319287868     
         155         158  0.16819738693400063     
         157         158   2.4595602640188301     
         159         160   2.4594794329604697     
         160         161   1.3664969197688714     
         159         162  0.16817301270328613     
         161         162   2.3415436482948535     
         162         163   1.3936650989749000     
         161         164  0.16263734844722103     
         163         164   2.3415198358913680     
         164         165   1.3665302927785707     
         163         166  0.16815885449047599     
         165         166   2.4594032824555541     
         167         168   2.4590568387021463     
         168         169   1.3667781614993091     
         167         170  0.16803336961989002     
         169         170   2.3410849415378521     
         170         171   1.3939711681447178     
         169         172  0.16248004095643351     
         171         172   2.3410135249509949     
         172         173   1.3668549760888724     
         171         174  0.16798214179250287     
         173         174   2.4588293473892158     
         175         176   2.4586087754237704     
         176         177   1.3670170827529144     
         175         178  0.16790377753009247     
         177         178   2.3408003491188869     
         178         179   1.3940833607831773     
         177         180  0.16238334941668728     
         179         180   2.3408885278470821     
         180         181   1.3667706323185711     
         179         182  0.16789658871300744     
         181         182   2.4589540780715042     
         183         184   2.4660688806916489     
         184         185   1.3607972921683582     
         183         186  0.16880723438150580     
         185         186   2.3495908248949111     
         186         187   1.3869066526288494     
         185         188  0.16364073075957616     
         187         188   2.3510100731081112     
         188         189   1.3587571886108305     
          80         190   1.2155256887500621     
         187         190  0.16942747883866671     
         189         190   2.4707497929134177     
         126         191   1.2184715868606126     
         191         192   1.2794820737802177     
         192         193   1.2740473375407912     
         193         194   1.5721129793102437     
         194         195   1.2726513088359048     
         192         196   1.2447686424058393     
         195         196   1.2379608930130768     
         195         197   1.2920088515091346     
         197         198   1.1837851682299940     
         198         199   2.6639500113200159     
         199         200   1.1522141496802343     
         200         201   1.3754768958700065     
         201         202   1.4611133440813115     
         202         203   1.4711755351281162     
         203         204   1.4713541753572645     
         200         205   1.3751640317911558     
         204         205   1.4612280586230555     
         197         206   1.3209830374653226     
         206         207   1.1637027884317472     
         207         208   1.6928685632716696     
         206         209   1.3773953280976889     
         208         210   1.1648464543540964     
         209         210   1.3982577406294840     
         127         211   1.2254449153305449     
         210         211   1.2945175890338121     
         211         212   1.2773034161383618     
         212         213   1.2754984014304804     
         213         214   1.5706738292854860     
         214         215   1.2734220744469964     
         212         216   1.2451722812827195     
         215         216   1.2384488231875936     
         215         217   1.2906153972666969     
         217         218   1.1842174423563943     
         218         219   2.6633011528803365     
         219         220   1.1524343616302322     
         220         221   1.3752097746920151     
         221         222   1.4612774159710789     
         222         223   1.4710782567741600     
         223         224   1.4712303982058832     
         220         225   1.3750424260058240     
         224         225   1.4612783270482208     
         217         226   1.3210178797981946     
         226         227   1.1629529456496879     
         227         228   1.6940936275039886     
         191         229   1.2983702159948465     
         228         229   1.1639858141197024     
         226         230   1.3788094993492830     
         229         230   1.3955566036250258     
         193         231  0.99741571588233058     
         194         232  0.99880510848219195     
         196         233  0.96040546168964391     
         201         234  0.98767373925553026     
         202         235  0.98121397945758171     
         204         236  0.98130966571111256     
         205         237  0.98771100282216762     
         207         238  0.99962364466044484     
         208         239  0.99840536951126158     
         213         240  0.99735076862224947     
         214         241  0.99875173107648518     
         216         242  0.96053089944621672     
         221         243  0.98776720665005180     
         222         244  0.98130817998791942     
         224         245  0.98125201849152632     
         225         246  0.98764901053139498     
         227         247  0.99969751707339827     
         228         248  0.99840575271624143     
         134         249   1.2257532250128258     
         249         250   1.2767326534438244     
         250         251   1.2755821870541553     
         251         252   1.5704984306923420     
         252         253   1.2736965602679797     
         250         254   1.2456787628134871     
         253         254   1.2376760938551932     
         253         255   1.2910370682166790     
         255         256   1.1839542811711601     
         256         257   2.6637877385883777     
         257         258   1.1522692207569207     
         258         259   1.3753933608318860     
         259         260   1.4611772417959430     
         260         261   1.4711178347777789     
         261         262   1.4713118917333849     
         258         263   1.3751685896690931     
         262         263   1.4612314879618344     
         255         264   1.3216578247725128     
         264         265   1.1637758574984076     
         265         266   1.6926868430337128     
         264         267   1.3766614892517228     
         266         268   1.1649718061941923     
         267         268   1.3986852804047403     
         135         269   1.2257319579775154     
         268         269   1.2938979244085955     
         269         270   1.2768850391250182     
         270         271   1.2755543028110770     
         271         272   1.5705889252756366     
         272         273   1.2736654374659813     
         270         274   1.2456272485751110     
         273         274   1.2378373402283409     
         273         275   1.2908884002908876     
         275         276   1.1839258973163700     
         276         277   2.6638194402051472     
         277         278   1.1522600067426083     
         278         279   1.3753750274944485     
         279         280   1.4611942435333241     
         280         281   1.4711299643647944     
         281         282   1.4713086034708496     
         278         283   1.3752042190634137     
         282         283   1.4612064093080550     
         275         284   1.3218800079985404     
         284         285   1.1637654211080073     
         285         286   1.6926916614362211     
         249         287   1.2937577611026081     
         286         287   1.1649486705038699     
         284         288   1.3765055321095050     
         287         288   1.3987681040049764     
         251         289  0.99743970023212425     
         252         290  0.99882421771414942     
         254         291  0.96049920558693769     
         259         292  0.98772184593409251     
         260         293  0.98126033741938401     
         262         294  0.98131406479285554     
         263         295  0.98769403563917613     
         265         296  0.99968055850100346     
         266         297  0.99845109681411437     
         271         298  0.99740236170108032     
         272         299  0.99879522921436414     
         274         300  0.96051082112805353     
         279         301  0.98775173301697861     
         280         302  0.98129230843842452     
         282         303  0.98128065061866687     
         283         304  0.98766384967254539     
         285         305  0.99970337472850690     
         286         306  0.99849173105588218     
         142         307   1.2255316757028367     
         307         308   1.2773431008413414     
         308         309   1.2752863241071961     
         309         310   1.5710809381842441     
         310         311   1.2733648853521125     
         308         312   1.2455240296954786     
         311         312   1.2379310273350435     
         311         313   1.2912930487471705     
         313         314   1.1838993968241376     
         314         315   2.6638567905731416     
         315         316   1.1522272318023747     
         316         317   1.3754246048068528     
         317         318   1.4611358168048245     
         318         319   1.4711732122685748     
         319         320   1.4713509059881735     
         316         321   1.3752023839836558     
         320         321   1.4611844636778455     
         313         322   1.3215396675619462     
         322         323   1.1637615131596009     
         323         324   1.6927608449363802     
         322         325   1.3768816958229548     
         324         326   1.1649259535879721     
         325         326   1.3985649089773824     
         143         327   1.2252648818078029     
         326         327   1.2940559174758759     
         327         328   1.2774938986276965     
         328         329   1.2751362086388791     
         329         330   1.5712730252394589     
         330         331   1.2732356072693733     
         328         332   1.2455568578362017     
         331         332   1.2378418774053150     
         331         333   1.2915271807980542     
         333         334   1.1838769157390554     
         334         335   2.6638986512478930     
         335         336   1.1522121940673620     
         336         337   1.3754349683039135     
         337         338   1.4611310121290551     
         338         339   1.4711857874325118     
         339         340   1.4713582244039047     
         336         341   1.3752214883193727     
         340         341   1.4611703042622846     
         333         342   1.3213805168163189     
         342         343   1.1638425949565412     
         343         344   1.6926225269734612     
         307         345   1.2939432741708388     
         344         345   1.1650259916124213     
         342         346   1.3769394702301041     
         345         346   1.3985717538422693     
         309         347  0.99739826557481148     
         310         348  0.99878501562451061     
         312         349  0.96047545764957698     
         317         350  0.98771727560161071     
         318         351  0.98125380335567614     
         320         352  0.98128201195882714     
         321         353  0.98767180231031004     
         323         354  0.99966335259201566     
         324         355  0.99843759495703399     
         329         356  0.99738165430216763     
         330         357  0.99877944405629282     
         332         358  0.96047175603588575     
         337         359  0.98772236917078360     
         338         360  0.98126214605858741     
         340         361  0.98126963152879698     
         341         362  0.98766346915736813     
         343         363  0.99966811881498741     
         344         364  0.99844848948047926     
         150         365   1.2252028872953395     
         365         366   1.2776556944912929     
         366         367   1.2750759191255479     
         367         368   1.5713958725605863     
         368         369   1.2731674882053814     
         366         370   1.2454895978355573     
         369         370   1.2379679671846457     
         369         371   1.2915327315203564     
         371         372   1.1838716388760691     
         372         373   2.6638998529325102     
         373         374   1.1522001389517156     
         374         375   1.3754411043110135     
         375         376   1.4611107150581333     
         376         377   1.4712040220801148     
         377         378   1.4713836053922282     
         374         379   1.3752273485347306     
         378         379   1.4611522575470199     
         371         380   1.3213794135143015     
         380         381   1.1637709644255068     
         381         382   1.6927691274484060     
         380         383   1.3770505578312804     
         382         384   1.1649235094396386     
         383         384   1.3984735253140652     
         151         385   1.2251447492573742     
         384         385   1.2941518766098807     
         385         386   1.2776787849682991     
         386         387   1.2750341800366891     
         387         388   1.5714456155526229     
         388         389   1.2731316646174278     
         386         390   1.2455068148366231     
         389         390   1.2379300824174382     
         389         391   1.2916104562764239     
         391         392   1.1838688750318833     
         392         393   2.6639046494803638     
         393         394   1.1521986235859663     
         394         395   1.3754435631750306     
         395         396   1.4611087322232437     
         396         397   1.4712076131192178     
         397         398   1.4713838834581581     
         394         399   1.3752298598799464     
         398         399   1.4611504877131287     
         391         400   1.3213157318604258     
         400         401   1.1637969664517329     
         401         402   1.6927275513022808     
         365         403   1.2941312356981192     
         402         403   1.1649547783824814     
         400         404   1.3770821561094613     
         403         404   1.3984618210547808     
         367         405  0.99737255521643375     
         368         406  0.99876567540232175     
         370         407  0.96045717873408121     
         375         408  0.98771294987628133     
         376         409  0.98124403093573476     
         378         410  0.98126474171243105     
         379         411  0.98765965464492267     
         381         412  0.99965213597830127     
         382         413  0.99842487811491643     
         387         414  0.99737026868956102     
         388         415  0.99876509757580156     
         390         416  0.96045585296259883     
         395         417  0.98771334384077325     
         396         418  0.98124598098749050     
         398         419  0.98126195825213602     
         399         420  0.98765835537550206     
         401         421  0.99965213488909754     
         402         422  0.99842862806156973     
         158         423   1.2251442809374544     
         423         424   1.2776805264502231     
         424         425   1.2750358670058561     
         425         426   1.5714426426449735     
         426         427   1.2731328409186591     
         424         428   1.2455017072277754     
         427         428   1.2379369849700712     
         427         429   1.2916044741610313     
         429         430   1.1838691666795522     
         430         431   2.6639047300983272     
         431         432   1.1521982404171212     
         432         433   1.3754426233597621     
         433         434   1.4611096758479132     
         434         435   1.4712065788233228     
         435         436   1.4713856846434252     
         432         437   1.3752307870778429     
         436         437   1.4611489242507154     
         429         438   1.3213186886329891     
         438         439   1.1637925138187719     
         439         440   1.6927339629165035     
         438         441   1.3770846771267620     
         440         442   1.1649466008521336     
         441         442   1.3984587685443637     
         159         443   1.2251974464306250     
         442         443   1.2941520328627680     
         443         444   1.2776434737797759     
         444         445   1.2750779820799643     
         445         446   1.5713977319085881     
         446         447   1.2731671360970294     
         444         448   1.2454894031909960     
         447         448   1.2379670850174462     
         447         449   1.2915348657495787     
         449         450   1.1838719504067172     
         450         451   2.6638981633472958     
         451         452   1.1522006873265187     
         452         453   1.3754419571592935     
         453         454   1.4611091639020646     
         454         455   1.4712059150814927     
         455         456   1.4713831134457622     
         452         457   1.3752266682835252     
         456         457   1.4611525928185731     
         449         458   1.3213813703977686     
         458         459   1.1637683550829003     
         459         460   1.6927751976178156     
         423         461   1.2941547823741244     
         460         461   1.1649196558760881     
         458         462   1.3770508381110291     
         461         462   1.3984771044429127     
         425         463  0.99736819780149788     
         426         464  0.99876487899010469     
         428         465  0.96045478494936498     
         433         466  0.98771343950181301     
         434         467  0.98124556499450999     
         436         468  0.98126183105263309     
         437         469  0.98765794096929416     
         439         470  0.99965209643411257     
         440         471  0.99842232464404412     
         445         472  0.99737681129585198     
         446         473  0.99876538580202223     
         448         474  0.96045626971244014     
         453         475  0.98771235520243628     
         454         476  0.98124397026467036     
         456         477  0.98126409907503553     
         457         478  0.98765973385630978     
         459         479  0.99965123921610621     
         460         480  0.99842571572942396     
         166         481   1.2252498629957438     
         481         482   1.2775192633893588     
         482         483   1.2751171540284532     
         483         484   1.5713024844963475     
         484         485   1.2732186872138986     
         482         486   1.2455569034199954     
         485         486   1.2378475020086073     
         485         487   1.2915497639003577     
         487         488   1.1838751245274164     
         488         489   2.6638995361128961     
         489         490   1.1522109298163166     
         490         491   1.3754300286274725     
         491         492   1.4611315076860352     
         492         493   1.4711850494244862     
         493         494   1.4713638075553739     
         490         495   1.3752283347220540     
         494         495   1.4611655549755642     
         487         496   1.3213671665043025     
         496         497   1.1638394699278518     
         497         498   1.6926359019152035     
         496         499   1.3769568060249691     
         498         500   1.1650155820782577     
         499         500   1.3985623260600291     
         167         501   1.2254900413352043     
         500         501   1.2939590273476229     
         501         502   1.2773934897214450     
         502         503   1.2752670514545890     
         503         504   1.5711135433135843     
         504         505   1.2733439552346431     
         502         506   1.2455081594507160     
         505         506   1.2379420103564203     
         505         507   1.2913162412773329     
         507         508   1.1838982243486722     
         508         509   2.6638583202532469     
         509         510   1.1522248482701545     
         510         511   1.3754203161142093     
         511         512   1.4611357583389983     
         512         513   1.4711737940377740     
         513         514   1.4713572113626323     
         510         515   1.3752103582219959     
         514         515   1.4611784486858024     
         507         516   1.3215175167347355     
         516         517   1.1637586039844847     
         517         518   1.6927634641790423     
         481         519   1.2940697799394638     
         518         519   1.1649243769917317     
         516         520   1.3769090229133152     
         519         520   1.3985500380520668     
         483         521  0.99738235204101433     
         484         522  0.99877648479353776     
         486         523  0.96046830005363093     
         491         524  0.98772328098183582     
         492         525  0.98125979568016308     
         494         526  0.98126955713663433     
         495         527  0.98766093300677227     
         497         528  0.99966631126748695     
         498         529  0.99844750820129502     
         503         530  0.99739326676675588     
         504         531  0.99878264434616060     
         506         532  0.96047375347760111     
         511         533  0.98771857327366319     
         512         534  0.98125194146712869     
         514         535  0.98128078437802058     
         515         536  0.98766873591626858     
         517         537  0.99966269507742789     
         518         538  0.99843415835263971     
         174         539   1.2256763831255952     
         539         540   1.2769774059005992     
         540         541   1.2754975307781138     
         541         542   1.5706810276218071     
         542         543   1.2736041831854334     
         540         544   1.2456130877355447     
         543         544   1.2378266067310026     
         543         545   1.2909797934302722     
         545         546   1.1839219693484637     
         546         547   2.6638318487138428     
         547         548   1.1522552667902024     
         548         549   1.3753912568187785     
         549         550   1.4611839801648516     
         550         551   1.4711396010962610     
         551         552   1.4713056817612489     
         548         553   1.3751956494587887     
         552         553   1.4612101952864003     
         545         554   1.3217964450872877     
         554         555   1.1637812080060961     
         555         556   1.6926629250725440     
         554         557   1.3765780486689601     
         556         558   1.1649748951276633     
         557         558   1.3987223961058994     
         175         559   1.2257718627098722     
         558         559   1.2938213475155227     
         559         560   1.2767275142317076     
         560         561   1.2755739057591406     
         561         562   1.5705373744384550     
         562         563   1.2736832373977705     
         560         564   1.2456723503754688     
         563         564   1.2377105911663409     
         563         565   1.2910269171074309     
         565         566   1.1839485380540717     
         566         567   2.6637930739570623     
         567         568   1.1522675080224087     
         568         569   1.3754001437371657     
         569         570   1.4611719727690353     
         570         571   1.4711254622916043     
         571         572   1.4713096434570778     
         568         573   1.3751654573154795     
         572         573   1.4612316799546203     
         565         574   1.3216880496176642     
         574         575   1.1637761993649740     
         575         576   1.6926984061728263     
         539         577   1.2938845422212197     
         576         577   1.1649587472246883     
         574         578   1.3766468013356286     
         577         578   1.3987048571671452     
         541         579  0.99739957733584050     
         542         580  0.99879832647554712     
         544         581  0.96050922276681139     
         549         582  0.98774533983699475     
         550         583  0.98129167791135175     
         552         584  0.98127924472040073     
         553         585  0.98766786619651159     
         555         586  0.99970064675327908     
         556         587  0.99848133164381225     
         561         588  0.99744388153648167     
         562         589  0.99882223936082271     
         564         590  0.96049729285071006     
         569         591  0.98771944512881094     
         570         592  0.98126165131959753     
         572         593  0.98131045813659401     
         573         594  0.98769414412047163     
         575         595  0.99967557442349253     
         576         596  0.99845285887543855     
         182         597   1.2255805062513672     
         597         598   1.2771042001241941     
         598         599   1.2755742463782160     
         599         600   1.5705430510758840     
         600         601   1.2735389266306028     
         598         602   1.2452924532742458     
         601         602   1.2383251087785794     
         601         603   1.2905932148187453     
         603         604   1.1841704669950284     
         604         605   2.6633794280200087     
         605         606   1.1524140529862388     
         606         607   1.3752087740735146     
         607         608   1.4612872857984063     
         608         609   1.4710630530235622     
         609         610   1.4712487049871985     
         606         611   1.3750884659770215     
         610         611   1.4612611068415498     
         603         612   1.3212436602867712     
         612         613   1.1631108333030498     
         613         614   1.6938447381178003     
         612         615   1.3782905706894979     
         614         616   1.1641506573602856     
         615         616   1.3962158891993164     
         183         617   1.2198310269228263     
         616         617   1.2973692804745767     
         617         618   1.2790207729673531     
         618         619   1.2743685434486953     
         619         620   1.5717279235514481     
         620         621   1.2728838608867108     
         618         622   1.2449204686081727     
         621         622   1.2378870564402629     
         621         623   1.2918045871768660     
         623         624   1.1838312257523502     
         624         625   2.6639049089051103     
         625         626   1.1522322831916640     
         626         627   1.3754357947901601     
         627         628   1.4611446244713866     
         628         629   1.4711424491273093     
         629         630   1.4713532938872920     
         626         631   1.3751777767785500     
         630         631   1.4612260896995231     
         623         632   1.3210945049980662     
         632         633   1.1637072768484411     
         633         634   1.6928335724518879     
         597         635   1.2944040324936938     
         634         635   1.1648723955394009     
         632         636   1.3772487877730055     
         635         636   1.3983433828474856     
         599         637  0.99736809176331798     
         600         638  0.99875208120183012     
         602         639  0.96052604730704005     
         607         640  0.98777748508343732     
         608         641  0.98130836965125401     
         610         642  0.98126202158813058     
         611         643  0.98764331741832068     
         613         644  0.99970715907413699     
         614         645  0.99845168957711428     
         619         646  0.99740871441296008     
         620         647  0.99881165596480792     
         622         648  0.96042751831773687     
         627         649  0.98769114245133738     
         628         650  0.98122004851901545     
         630         651  0.98131874562146670     
         631         652  0.98770454007367381     
         633         653  0.99964516224154809     
         634         654  0.99841048867969473     
