           2           3   1.3886406701646303     
           3           4   1.2018655445745585     
           4           5   1.6386032156349362     
           5           6   1.2087771440128516     
           1           7  0.71196688736029978     
           3           7   1.2550512793782220     
           6           7   1.2453605226926399     
           6           8   1.3695906944787106     
           8           9   1.0432996633419300     
           9          10   1.4294044122185923     
          10          11   1.4468454714020109     
          11          12   1.4783093800591867     
          10          13  0.10151078019190166     
          12          13   1.4786674539944191     
           9          14   1.4295782031353828     
          11          14  0.10136424544164237     
          13          14   1.4465338957650042     
           8          15   1.3647468713161264     
          15          16   1.2188136349980818     
          16          17   1.6193869679045894     
           1          18  0.71236597365249976     
          15          18   1.2378977580096846     
          17          19   1.2286229964081457     
          18          19   1.2779672918305134     
          19          20   1.2974499567335178     
          20          21   1.2971849544759162     
          21          22   1.2292323309918223     
          22          23   1.6177758140960692     
          23          24   1.2197796911708567     
           1          25  0.71242393311196561     
          21          25   1.2771470166680245     
          24          25   1.2390585835557613     
          24          26   1.3621448904111488     
          26          27   1.0485982263032270     
          27          28   1.4273464988277960     
          28          29   1.4472344470739025     
          29          30   1.4784130736723855     
          28          31  0.10087465331146364     
          30          31   1.4777932615003220     
          27          32   1.4270500180440451     
          29          32  0.10112898011921126     
          31          32   1.4475557848962692     
          26          33   1.3685821983436424     
          33          34   1.2090500415550200     
          34          35   1.6379837065454126     
           2          36   1.3887019746781557     
          35          36   1.2019661432207642     
           1          37  0.71165651803480767     
          33          37   1.2459606103259393     
          36          37   1.2547348877139193     
           2          38  0.99618009961805720     
           4          39  0.99312769920773991     
           5          40  0.99794824754174105     
          10          41  0.98818406878768783     
          11          42  0.98357591064856553     
          13          43  0.98373735331763412     
          14          44  0.98824052395228967     
          16          45  0.99688259752479069     
          17          46  0.99811966935348762     
          22          47  0.99812828010172028     
          23          48  0.99673667696146973     
          28          49  0.98857763041137459     
          29          50  0.98371017929324467     
          31          51  0.98347468562725837     
          32          52  0.98822017720486999     
          34          53  0.99771987100910808     
          35          54  0.99307482787641754     
          56          57   1.3885092786178725     
          57          58   1.2018088680902257     
          58          59   1.6385158905294819     
          59          60   1.2088844018049472     
          55          61  0.71046724995150812     
          57          61   1.2561806815131920     
          60          61   1.2452193785570123     
          60          62   1.3706641773609509     
          62          63   1.0431730693323575     
          63          64   1.4293962682421946     
          64          65   1.4468842888333875     
          65          66   1.4781683741627230     
          64          67  0.10154720094171936     
          66          67   1.4787361662018024     
          63          68   1.4297576830402245     
          65          68  0.10139117341083609     
          67          68   1.4464747235255040     
          62          69   1.3643310316618491     
          69          70   1.2201011741868055     
          70          71   1.6171434459187157     
          55          72  0.71067454175455169     
          69          72   1.2381943954385333     
          71          73   1.2301098324815725     
          72          73   1.2803139118006888     
          73          74   1.2941572420345586     
          74          75   1.2942205117382122     
          75          76   1.2302325456348735     
          76          77   1.6168361572947825     
          77          78   1.2203665731285014     
          55          79  0.71124074897021150     
          75          79   1.2798734482827141     
          78          79   1.2383448874136296     
          78          80   1.3634398306248399     
          80          81   1.0461176835659538     
          81          82   1.4279710919198492     
          82          83   1.4473421050868014     
          83          84   1.4780853813457282     
          82          85  0.10106749565969113     
          84          85   1.4783923181999592     
          81          86   1.4286157299037474     
          83          86  0.10127809333101266     
          85          86   1.4468571961280410     
          80          87   1.3696172288252169     
          87          88   1.2089839745910300     
          88          89   1.6382835350209854     
          56          90   1.3888499038934123     
          89          90   1.2018672520354829     
          55          91  0.71050938397166996     
          87          91   1.2459061993306282     
          90          91   1.2556853937445487     
          56          92  0.99624953457589627     
          58          93  0.99312274768011477     
          59          94  0.99801777670380953     
          64          95  0.98811956360349706     
          65          96  0.98358565741508897     
          67          97  0.98376870637375902     
          68          98  0.98824119090693341     
          70          99  0.99698504439708691     
          71         100  0.99830240949918936     
          76         101  0.99829067200188448     
          77         102  0.99682184771238547     
          82         103  0.98847277501444386     
          83         104  0.98378235721674401     
          85         105  0.98354713613494382     
          86         106  0.98819527128575879     
          88         107  0.99789280823981874     
          89         108  0.99309862666606963     
          20         110   1.2163632513359022     
         109         110   2.5010779668172387     
         109         111   1.3250637658462736     
         110         112  0.17663046730088314     
         111         112   2.4986004545393792     
         113         114   2.4921343791335304     
         113         115   1.3314589818465268     
          74         116   1.2225791429613475     
         114         116  0.17655657054370882     
         115         116   2.4945532653865374     
         112         118   1.2192063695121251     
         118         119   1.2924127538971446     
         119         120   1.2304286436339680     
         120         121   1.6158078177814763     
         121         122   1.2217718158819073     
         117         123  0.71155392487676017     
         119         123   1.2795475890815562     
         122         123   1.2336362618844590     
         122         124   1.3652898257033022     
         124         125   1.0521158781942890     
         125         126   1.4259588466966380     
         126         127   1.4478596015107850     
         127         128   1.4778782869615745     
         126         129  0.10067954998098860     
         128         129   1.4778815575153186     
         125         130   1.4260829415697016     
         127         130  0.10063681215757828     
         129         130   1.4477814067203385     
         124         131   1.3643404072564305     
         131         132   1.2225982386895369     
         132         133   1.6144104825625745     
         117         134  0.71103854863358040     
         131         134   1.2337267722559577     
         133         135   1.2317072401030091     
         134         135   1.2805689720529601     
         114         136   1.2259861375772227     
         135         136   1.2896781744896464     
         136         137   1.2895765497734142     
         137         138   1.2315400289115939     
         138         139   1.6145100065239837     
         139         140   1.2226289892060138     
         117         141  0.71156196024709562     
         137         141   1.2802727989273686     
         140         141   1.2339887963825700     
         140         142   1.3641159575011235     
         142         143   1.0510850110866545     
         143         144   1.4262258458132366     
         144         145   1.4478558829646877     
         145         146   1.4777166228086178     
         144         147  0.10079396209323296     
         146         147   1.4782017569035242     
         143         148   1.4267510459251118     
         145         148  0.10075572031763379     
         147         148   1.4474551889203990     
         142         149   1.3662631578430309     
         149         150   1.2215397711825844     
         150         151   1.6161787419462375     
         118         152   1.2925834656815123     
         151         152   1.2302672955231766     
         117         153  0.71099211822132224     
         149         153   1.2333627105020539     
         152         153   1.2800235172761500     
         120         154  0.99854840552285262     
         121         155  0.99744946878855334     
         126         156  0.98874469948479726     
         127         157  0.98374805021489642     
         129         158  0.98378842994919746     
         130         159  0.98875095957756920     
         132         160  0.99744941398599074     
         133         161  0.99872051907689763     
         138         162  0.99882536843417391     
         139         163  0.99747944022629897     
         144         164  0.98867008477333129     
         145         165  0.98377076939979446     
         147         166  0.98376282816716643     
         148         167  0.98869793080879742     
         150         168  0.99749758080894646     
         151         169  0.99855614072263099     
