           2           3   1.3848776824767788     
           3           4   1.1994506246764034     
           4           5   1.6416529710082386     
           5           6   1.2077871661396575     
           1           7  0.56812304958368121     
           3           7   1.2853200882553331     
           6           7   1.2733147803495091     
           6           8   1.3708760119339543     
           8           9   1.3633537880831634     
           9          10   1.2205390141325005     
          10          11   1.6190251694439539     
           1          12  0.56343541165568112     
           9          12   1.2664344495521316     
          11          13   1.2304102372304346     
          12          13   1.3124608131811104     
          13          14   1.2906660264629191     
          14          15   1.2916447765816037     
          15          16   1.2306226167627927     
          16          17   1.6185552623480155     
          17          18   1.2207092114287494     
          18          19   1.3613766670461394     
          19          20   1.0499758145368470     
          20          21   1.4329971621314832     
          21          22   1.4297430472771824     
          22          23   1.0086853878805822     
          22          24   1.4376567248266907     
          24          25   1.4239212596734196     
          25          26   1.0089742454925745     
          20          27   1.4205983784763776     
          25          27   1.4423712816462166     
          19          28   1.3699531914107681     
          28          29   1.2079580338232081     
          29          30   1.6415596626859117     
           2          31   1.3849012468537250     
          30          31   1.1996668497299865     
           1          32  0.56855748624177971     
          28          32   1.2736034229375741     
          31          32   1.2851885856089562     
           1          33  0.56309844377192686     
          15          33   1.3114649554085862     
          18          33   1.2676706666856541     
           8          34   1.0461377937702685     
          34          35   1.4274208683133767     
          35          36   1.4361756188885404     
          36          37   1.0088318973972972     
          36          38   1.4301488702429792     
          38          39   1.4317287252964599     
          39          40   1.0090278680959801     
          34          41   1.4295542680884092     
          39          41   1.4346912032046539     
           2          42  0.99891645171044752     
           4          43  0.99490368262459539     
           5          44   1.0009444432427697     
          10          45  0.99988843243457082     
          11          46  0.99920421250299751     
          16          47  0.99927665901463492     
          17          48  0.99956390501155101     
          21          49  0.99671633028084727     
          23          50   1.0003090123227969     
          23          51  0.98833055801059522     
          23          52  0.99494836253838237     
          24          53  0.99497433033078742     
          26          54  0.99878115090137121     
          26          55  0.99580259664515403     
          26          56  0.98786899733289946     
          27          57  0.99582623023856442     
          29          58   1.0008953211979914     
          30          59  0.99488931786438140     
          35          60  0.99611879002700654     
          37          61  0.99791352553894352     
          37          62  0.99764088877549773     
          37          63  0.98770909496744219     
          38          64  0.99495023553000572     
          40          65  0.98802293785427520     
          40          66  0.99823877124851956     
          40          67  0.99647183099686443     
          41          68  0.99639366294315579     
          70          71   1.3856134038689625     
          71          72   1.1997863422164190     
          72          73   1.6412984218395665     
          73          74   1.2078642414502823     
          69          75  0.56840604189389254     
          71          75   1.2839238409930009     
          74          75   1.2762805302664089     
          74          76   1.3674810444865451     
          76          77   1.3646084648092445     
          77          78   1.2156729390911503     
          78          79   1.6269480279231796     
          69          80  0.56285567241906276     
          77          80   1.2703435433890868     
          79          81   1.2225749314125336     
          80          81   1.3049970479695232     
          81          82   1.3083958740973332     
          82          83   1.3079402053773235     
          83          84   1.2236584705699665     
          84          85   1.6253620572388159     
          85          86   1.2164797673583467     
          86          87   1.3624114462328323     
          87          88   1.0497486628291024     
          88          89   1.4326472012925040     
          89          90   1.4298982974116561     
          90          91   1.0087426051338662     
          90          92   1.4374398507601061     
          92          93   1.4241006689570772     
          93          94   1.0090340325234923     
          88          95   1.4205861605597099     
          93          95   1.4419697082607232     
          87          96   1.3679573902906106     
          96          97   1.2074633757755713     
          97          98   1.6419745845667268     
          70          99   1.3861293822881089     
          98          99   1.1994451312680516     
          69         100  0.56733361521790804     
          96         100   1.2761900496518794     
          99         100   1.2841292955707799     
          69         101  0.56397250358335937     
          83         101   1.3043997266238154     
          86         101   1.2713117475800493     
          76         102   1.0475220562505203     
         102         103   1.4263933527449122     
         103         104   1.4365071047309430     
         104         105   1.0089460794089928     
         104         106   1.4298560057976761     
         106         107   1.4317840006947158     
         107         108   1.0091237892906790     
         102         109   1.4285400538642434     
         107         109   1.4348078315595205     
          70         110  0.99884730192140692     
          72         111  0.99467439667013358     
          73         112   1.0006063982376878     
          78         113  0.99921523649953436     
          79         114  0.99860061645552400     
          84         115  0.99874945602245346     
          85         116  0.99922461594117207     
          89         117  0.99658321992289045     
          91         118   1.0000273011020107     
          91         119  0.98796330248835174     
          91         120  0.99508039314590579     
          92         121  0.99493116212935029     
          94         122  0.99864163232729708     
          94         123  0.99587087676195418     
          94         124  0.98767455220484912     
          95         125  0.99604522252074423     
          97         126   1.0005246504636125     
          98         127  0.99466338061573489     
         103         128  0.99615526513095365     
         105         129  0.99773890336787607     
         105         130  0.99775116685049303     
         105         131  0.98760522225873082     
         106         132  0.99491025783713649     
         108         133  0.98786918569899929     
         108         134  0.99795155837762028     
         108         135  0.99656574563798228     
         109         136  0.99609829918811765     
          14         137   1.2203524195478852     
         137         138   2.6044178039359824     
          82         140   1.1856832584418993     
         139         140   2.6306821845141006     
         138         142   1.2208515931200381     
         142         143   1.2888178786702622     
         143         144   1.2306966284940506     
         144         145   1.6183762306511495     
         145         146   1.2216877445690937     
         141         147  0.56543374020298831     
         143         147   1.3139335346945844     
         146         147   1.2633603437968313     
         146         148   1.3662519722460182     
         148         149   1.3699742732854390     
         149         150   1.2177516927257086     
         150         151   1.6251783025110023     
         141         152  0.56392703660749000     
         149         152   1.2641515215758092     
         151         153   1.2232896323163380     
         152         153   1.3084398403935460     
         139         154   1.1860642887198241     
         153         154   1.3035465223371965     
         154         155   1.3043756966314153     
         155         156   1.2237688666722057     
         156         157   1.6245305837252788     
         157         158   1.2180172342235651     
         158         159   1.3691405398755063     
         159         160   1.0474903385565655     
         160         161   1.4327522209841832     
         161         162   1.4314421317924546     
         162         163   1.0088975118183170     
         162         164   1.4357130334138011     
         164         165   1.4263591468450834     
         165         166   1.0088110107663408     
         160         167   1.4237431222199339     
         165         167   1.4400313974871568     
         159         168   1.3663871572646928     
         168         169   1.2215785859137065     
         169         170   1.6184497335703618     
         142         171   1.2893617479850734     
         170         171   1.2306319068437312     
         141         172  0.56467806111272578     
         168         172   1.2634164389039266     
         171         172   1.3139572087120022     
         141         173  0.56516748222926505     
         155         173   1.3078126813478892     
         158         173   1.2643290252675656     
         148         174   1.0467709356545962     
         174         175   1.4294790503437746     
         175         176   1.4346222506435116     
         176         177   1.0088464341324643     
         176         178   1.4319790232942888     
         178         179   1.4301597399731207     
         179         180   1.0089036425669808     
         174         181   1.4277167957913945     
         179         181   1.4364094829917651     
         144         182  0.99946144161764494     
         145         183   1.0005911800357421     
         150         184   1.0002981954929957     
         151         185  0.99933391358029355     
         156         186  0.99916633074123540     
         157         187   1.0003953464245592     
         161         188  0.99677423926945874     
         163         189  0.99974643222155224     
         163         190  0.98807593349822920     
         163         191  0.99551497605545203     
         164         192  0.99512491153186966     
         166         193  0.99878695510871784     
         166         194  0.99631654125922742     
         166         195  0.98815296440446199     
         167         196  0.99606726958253611     
         169         197   1.0006460909981687     
         170         198  0.99956314694783688     
         175         199  0.99631320967862003     
         177         200  0.99857328272307644     
         177         201  0.98730795274882921     
         177         202  0.99739830354982306     
         178         203  0.99507433154937530     
         180         204  0.99820140229180276     
         180         205  0.99705520911446366     
         180         206  0.98793606583896032     
         181         207  0.99651025863844533     
