           2           3   1.3851590827445781     
           3           4   1.1980234606090296     
           4           5   1.6423420557801427     
           5           6   1.2060637306881512     
           1           7  0.60639344991889443     
           3           7   1.2729921205692312     
           6           7   1.2640917344707912     
           6           8   1.3671907089645032     
           8           9   1.3611676418702090     
           9          10   1.2176234085267612     
          10          11   1.6204641406588514     
           1          12  0.60347945091609112     
           9          12   1.2556271893458879     
          11          13   1.2267161267505331     
          12          13   1.2984432155853600     
          13          14   1.2870209092198002     
          14          15   1.2879562345527897     
          15          16   1.2261213025001068     
          16          17   1.6214429342032390     
          17          18   1.2169754316381318     
          18          19   1.3629788679703809     
          19          20   1.0451759552910085     
          20          21   1.4333617050520244     
          21          22   1.4299597838072873     
          22          23   1.0091503320167605     
          22          24   1.4367140702819019     
          24          25   1.4257720657234823     
          25          26   1.0093463850188573     
          20          27   1.4235328105152942     
          25          27   1.4398744456098702     
          19          28   1.3677294706217975     
          28          29   1.2060022107041479     
          29          30   1.6424793148594028     
           2          31   1.3851484253673689     
          30          31   1.1979918627997876     
           1          32  0.60659622181298900     
          28          32   1.2639477915742066     
          31          32   1.2731002842359298     
           1          33  0.60307032686237294     
          15          33   1.2987407513038296     
          18          33   1.2550616105759134     
           8          34   1.0486763299789770     
          34          35   1.4262133823592966     
          35          36   1.4361534840687133     
          36          37   1.0091970492198115     
          36          38   1.4301176866633800     
          38          39   1.4314368560710020     
          39          40   1.0093447387632579     
          34          41   1.4272992452058912     
          39          41   1.4349879897521591     
           2          42  0.99798678430925558     
           4          43  0.99402324518328944     
           5          44  0.99992499018851932     
          10          45  0.99908626633656961     
          11          46  0.99931543135779999     
          16          47  0.99929700703567981     
          17          48  0.99924771569309268     
          21          49  0.99607787972970974     
          23          50  0.99916089212910286     
          23          51  0.98725879104195491     
          23          52  0.99569178347529164     
          24          53  0.99477868213622012     
          26          54  0.99865421248065334     
          26          55  0.99540634430740194     
          26          56  0.98757691404392545     
          27          57  0.99550207247902023     
          29          58   1.0001556621617909     
          30          59  0.99407831786750411     
          35          60  0.99595580540128825     
          37          61  0.99724238212073113     
          37          62  0.99756073608415574     
          37          63  0.98738193463349422     
          38          64  0.99480239885017341     
          40          65  0.98750202946294807     
          40          66  0.99760093587876852     
          40          67  0.99647285201084335     
          41          68  0.99592866098485633     
          70          71   1.3868471679270360     
          71          72   1.1968275918566795     
          72          73   1.6451003951721372     
          73          74   1.2043841440725713     
          69          75  0.59218731141985481     
          71          75   1.2749855417302596     
          74          75   1.2723014122244702     
          74          76   1.3638692429525121     
          76          77   1.3653800945793950     
          77          78   1.2116086133155628     
          78          79   1.6304534023100012     
          69          80  0.59001909675247122     
          77          80   1.2619602401253773     
          79          81   1.2198296959168453     
          80          81   1.2978103270574046     
          81          82   1.2987371338895979     
          82          83   1.2992815050304534     
          83          84   1.2197683110295607     
          84          85   1.6305716589822745     
          85          86   1.2114475342121440     
          86          87   1.3661480061856532     
          87          88   1.0450586673859152     
          88          89   1.4331075556724266     
          89          90   1.4301038798945918     
          90          91   1.0092187772824603     
          90          92   1.4365180637983894     
          92          93   1.4260169698552214     
          93          94   1.0094172987875243     
          88          95   1.4236715585114066     
          93          95   1.4395754940346830     
          87          96   1.3649290250938206     
          96          97   1.2040006685093838     
          97          98   1.6457551349942063     
          70          99   1.3874781856709568     
          98          99   1.1964852196018814     
          69         100  0.59235867440845491     
          96         100   1.2720254387260204     
          99         100   1.2749266412152886     
          69         101  0.58965183059060422     
          83         101   1.2979569181633750     
          86         101   1.2618388465900754     
          76         102   1.0481256449719036     
         102         103   1.4262111418207555     
         103         104   1.4361342894786195     
         104         105   1.0092938622715395     
         104         106   1.4300377205102879     
         106         107   1.4316636539046592     
         107         108   1.0094236445178377     
         102         109   1.4276169136544341     
         107         109   1.4346592764232948     
          70         110  0.99807828737402571     
          72         111  0.99392089480349366     
          73         112  0.99982585752971265     
          78         113  0.99899824290845485     
          79         114  0.99912394757020484     
          84         115  0.99909905158561774     
          85         116  0.99917803492255297     
          89         117  0.99598828576478726     
          91         118  0.99903861861554155     
          91         119  0.98713837349019995     
          91         120  0.99571288917808609     
          92         121  0.99473523231543504     
          94         122  0.99855291066874741     
          94         123  0.99542411480007398     
          94         124  0.98743411858065255     
          95         125  0.99540701019707600     
          97         126   1.0000402953380343     
          98         127  0.99396866768208225     
         103         128  0.99585254780337928     
         105         129  0.99717274010534762     
         105         130  0.99746556526504049     
         105         131  0.98725560471242946     
         106         132  0.99473810652712003     
         108         133  0.98739186781523858     
         108         134  0.99757405389251841     
         108         135  0.99641638822157996     
         109         136  0.99582946144009910     
         137         138   2.3625930452709061     
         138         139   1.3631982198698851     
          14         140   1.2297873496938345     
         137         140  0.16631558890922193     
         139         140   2.4625806260757992     
         137         141   1.3651913531933630     
         138         142  0.16599262433263315     
         141         142   2.4575039073703548     
         143         144   2.3549392058118297     
         144         145   1.3701154823334181     
         143         146  0.16478088544191494     
         145         146   2.4516327770041952     
         143         147   1.3697564891955551     
         144         148  0.16482443843760039     
         147         148   2.4524883465449920     
         149         150   2.3836539245227963     
         150         151   1.3490163091560181     
         149         152  0.16900979647594225     
         151         152   2.4771859678277970     
         149         153   1.3464990831683694     
          82         154   1.2119822172581172     
         150         154  0.16964531352689877     
         153         154   2.4843854563115220     
         142         156   1.2344175979976260     
         156         157   1.2804409488441193     
         157         158   1.2297882520693373     
         158         159   1.6154914811391905     
         159         160   1.2217196789992435     
         155         161  0.62265720632948063     
         157         161   1.2989118473322134     
         160         161   1.2434607570439369     
         160         162   1.3659378391030681     
         162         163   1.3637042635211889     
         163         164   1.2227610636159483     
         164         165   1.6139108130387743     
         155         166  0.62253468213325014     
         163         166   1.2441562526086378     
         165         167   1.2312632929748972     
         166         167   1.2994380881224123     
         146         168   1.2389604647288943     
         167         168   1.2784531370577490     
         168         169   1.2785317201293005     
         169         170   1.2312125694709621     
         170         171   1.6139307642718996     
         171         172   1.2227307426365430     
         172         173   1.3634131593606200     
         173         174   1.0490736276806014     
         174         175   1.4303238049836426     
         175         176   1.4322778626040975     
         176         177   1.0092160752652346     
         176         178   1.4345028671199176     
         178         179   1.4273249650994646     
         179         180   1.0092429123589548     
         174         181   1.4236438879476812     
         179         181   1.4388834349308004     
         173         182   1.3658668792699025     
         182         183   1.2217622066780898     
         183         184   1.6153824315522709     
         156         185   1.2802390921945483     
         184         185   1.2299492829662177     
         155         186  0.62252131385233089     
         182         186   1.2434459907915367     
         185         186   1.2990067815029085     
         155         187  0.62275709137452351     
         169         187   1.2992146117765055     
         172         187   1.2443186263969273     
         162         188   1.0485760514158509     
         188         189   1.4288429597220529     
         189         190   1.4338041616422239     
         190         191   1.0092582855881975     
         190         192   1.4327067751905578     
         192         193   1.4291991597754450     
         193         194   1.0092253028928899     
         188         195   1.4257192262552425     
         193         195   1.4370089128251768     
         158         196  0.99949232126954179     
         159         197  0.99968981762666442     
         164         198  0.99967849515385643     
         165         199  0.99942991254795643     
         170         200  0.99945341601292148     
         171         201  0.99961477039379132     
         175         202  0.99626336908010305     
         177         203  0.99894593721872205     
         177         204  0.98734520422918104     
         177         205  0.99569422243945782     
         178         206  0.99488313781287818     
         180         207  0.99824034363945324     
         180         208  0.99636847816597962     
         180         209  0.98731026921188036     
         181         210  0.99588600438944674     
         183         211  0.99970214369065946     
         184         212  0.99950409416775887     
         189         213  0.99615974632568394     
         191         214  0.99868117038246940     
         191         215  0.98667920849987878     
         191         216  0.99650328503573116     
         192         217  0.99479042520280792     
         194         218  0.99748459910456533     
         194         219  0.99707371757333441     
         194         220  0.98741249425406530     
         195         221  0.99602939075756847     
         148         223   1.2383732314544365     
         223         224   1.2800661227957304     
         224         225   1.2303302760875701     
         225         226   1.6151921951820840     
         226         227   1.2219228042109842     
         222         228  0.61497850279800781     
         224         228   1.2998875356693749     
         227         228   1.2483328954753303     
         227         229   1.3614816352504151     
         229         230   1.3681988083000032     
         230         231   1.2178617985691849     
         231         232   1.6217894490105418     
         222         233  0.61525228501017648     
         230         233   1.2470463355352406     
         232         234   1.2248862337552244     
         233         234   1.2973116559004294     
         152         235   1.2176032721452081     
         234         235   1.2896054448069698     
         235         236   1.2892915798844851     
         236         237   1.2250840112518995     
         237         238   1.6214800832464846     
         238         239   1.2180251354343750     
         239         240   1.3676371304408270     
         240         241   1.0481169389253040     
         241         242   1.4309902408592263     
         242         243   1.4319710741911542     
         243         244   1.0093189508422358     
         243         245   1.4346433003791759     
         245         246   1.4273856106914791     
         246         247   1.0092187403985153     
         241         248   1.4238229716296484     
         246         248   1.4387060187028877     
         240         249   1.3624473404577573     
         249         250   1.2216943955078325     
         250         251   1.6156193435846897     
         223         252   1.2797906580901226     
         251         252   1.2300599027857630     
         222         253  0.61441247280876987     
         249         253   1.2478727415830300     
         252         253   1.3004668525066658     
         222         254  0.61552867138063516     
         236         254   1.2970795583532095     
         239         254   1.2473843904754185     
         229         255   1.0487129774796558     
         255         256   1.4290375268681228     
         256         257   1.4334807339784332     
         257         258   1.0092409927523516     
         257         259   1.4330284143209167     
         259         260   1.4288940781899697     
         260         261   1.0092949069165904     
         255         262   1.4252896878386272     
         260         262   1.4373070626518136     
         225         263  0.99938406716882988     
         226         264  0.99952244692657766     
         231         265  0.99968850116059282     
         232         266  0.99931889198497970     
         237         267  0.99940652823332243     
         238         268  0.99972166879423552     
         242         269  0.99619061354895100     
         244         270  0.99901294907623639     
         244         271  0.98737478037093862     
         244         272  0.99535105496512299     
         245         273  0.99479133417538479     
         247         274  0.99810911007471514     
         247         275  0.99653011651229084     
         247         276  0.98730767529675700     
         248         277  0.99585594598883787     
         250         278  0.99954253574037222     
         251         279  0.99940405723971704     
         256         280  0.99616046143623915     
         258         281  0.99869301510078623     
         258         282  0.98682318558784554     
         258         283  0.99642754177718695     
         259         284  0.99475559735761399     
         261         285  0.99735686688670933     
         261         286  0.99692389263741676     
         261         287  0.98740850051751516     
         262         288  0.99599267644857215     
