    0.26635173
   -0.03123623
    0.05580994
   -0.04321092
   -0.04008292
    0.05571778
   -0.21650135
    0.00508153
    0.01723532
   -0.01749705
   -0.01214358
   -0.01147032
    0.14165164
   -0.30637704
   -0.01845125
   -0.01955986
    0.05449380
   -0.04024452
   -0.03999205
   -0.21257995
    0.06092555
    0.01008405
    0.06088886
   -0.04001134
   -0.04025946
    0.05451283
   -0.21263912
    0.00505787
    0.01719408
   -0.01957392
   -0.01851934
   -0.01152144
    0.14160021
   -0.30642393
   -0.01215277
   -0.01749484
    0.05571171
   -0.04008444
   -0.04321422
    0.05578537
   -0.21643114
    0.01684423
    0.02343099
    0.01689655
    0.02640709
    0.03540404
    0.03281535
    0.03626325
    0.02368085
    0.01854568
    0.02234290
    0.02227271
    0.01848131
    0.02363956
    0.03619129
    0.03272007
    0.03543299
    0.02640520
    0.01686526
    0.02342759
    0.26641537
   -0.03123442
    0.05580704
   -0.04322936
   -0.04010229
    0.05569328
   -0.21649263
    0.00508891
    0.01727141
   -0.01750156
   -0.01213468
   -0.01146011
    0.14162912
   -0.30642441
   -0.01842982
   -0.01955332
    0.05449085
   -0.04022870
   -0.03997743
   -0.21259179
    0.06096200
    0.01008231
    0.06085740
   -0.04002355
   -0.04026634
    0.05451254
   -0.21262167
    0.00504796
    0.01715433
   -0.01958760
   -0.01854361
   -0.01153740
    0.14158349
   -0.30642690
   -0.01216339
   -0.01748617
    0.05573228
   -0.04006590
   -0.04319724
    0.05578177
   -0.21644223
    0.01684752
    0.02341995
    0.01690389
    0.02642296
    0.03540320
    0.03292623
    0.03628636
    0.02370499
    0.01857024
    0.02236130
    0.02226353
    0.01845506
    0.02361055
    0.03616790
    0.03267536
    0.03543633
    0.02639045
    0.01685703
    0.02343838
   -0.03031055
   -0.02820633
   -0.03030454
   -0.02820447
