           2           3   1.3843193567667604     
           3           4   1.1939008001318736     
           4           5   1.6481459911850684     
           5           6   1.1962665662051604     
           1           7  0.56796574359914909     
           3           7   1.2853866420937730     
           6           7   1.2723178065789444     
           6           8   1.3927995633134256     
           8           9   1.3899893298614856     
           9          10   1.2069314039701537     
          10          11   1.6273665270885020     
           1          12  0.56069603985019190     
           9          12   1.2619469056816885     
          11          13   1.2217715546933554     
          12          13   1.3138425410074890     
          13          14   1.2855686102065715     
          14          15   1.2857889576053874     
          15          16   1.2217697581197433     
          16          17   1.6273626609011598     
          17          18   1.2069176986770098     
           1          19  0.56062083728714962     
          15          19   1.3137774574581171     
          18          19   1.2620120768602252     
          18          20   1.3899407715281578     
          20          21   1.3928242551167405     
          21          22   1.1962513074779078     
          22          23   1.6481594628229541     
           2          24   1.3843516651274712     
          23          24   1.1938972529871363     
           1          25  0.56804752848024831     
          21          25   1.2723073326695247     
          24          25   1.2853572966236437     
           2          26  0.99766592508296870     
           4          27  0.99438107818435373     
           5          28  0.99461375612176062     
           8          29  0.99829477171224246     
          10          30  0.99389801233544761     
          11          31  0.99961526049796157     
          16          32  0.99958909197556822     
          17          33  0.99391535813995968     
          20          34  0.99830242967407090     
          22          35  0.99461607983171252     
          23          36  0.99438116734789950     
          38          39   1.3844866552441688     
          39          40   1.1938041161587876     
          40          41   1.6482860837069297     
          41          42   1.1961607581599414     
          37          43  0.56763216827878171     
          39          43   1.2853258557736384     
          42          43   1.2730252538822044     
          42          44   1.3921529575375293     
          44          45   1.3908660804236441     
          45          46   1.2056485955159915     
          46          47   1.6295482940914643     
          37          48  0.56083210933682848     
          45          48   1.2626150857235789     
          47          49   1.2200335701070648     
          48          49   1.3124439423108993     
          49          50   1.2894398325716017     
          50          51   1.2897554656880621     
          51          52   1.2200249998189934     
          52          53   1.6295431527253861     
          53          54   1.2056279860827115     
          37          55  0.56071126699159091     
          51          55   1.3123576219150379     
          54          55   1.2627153931906083     
          54          56   1.3907957797596373     
          56          57   1.3921893305722459     
          57          58   1.1961446839291654     
          58          59   1.6482982055806554     
          38          60   1.3845287961833297     
          59          60   1.1938058809233405     
          37          61  0.56777076316685016     
          57          61   1.2730037505431417     
          60          61   1.2852808420530732     
          38          62  0.99760683107689996     
          40          63  0.99428615735644210     
          41          64  0.99450441651639998     
          44          65  0.99818373077430256     
          46          66  0.99378352447418905     
          47          67  0.99946066137897116     
          52          68  0.99942406003448003     
          53          69  0.99380853154438820     
          56          70  0.99819445903046999     
          58          71  0.99450765829484100     
          59          72  0.99428604116699093     
          73          74   2.3611602413647397     
          74          75   1.3644366321530332     
          14          76   1.2321311721775567     
          73          76  0.16640405166606309     
          75          76   2.4587579707210305     
          73          77   1.3657124721434228     
          74          78  0.16635965314455395     
          77          78   2.4561447691859368     
          79          80   2.3696758877150184     
          80          81   1.3586588836883799     
          79          82  0.16703726134502306     
          81          82   2.4640234258562290     
          79          83   1.3571123625792456     
          50          84   1.2247016853016603     
          80          84  0.16707167037893178     
          83          84   2.4672079424338555     
          78          86   1.2348579523083549     
          86          87   1.2822485905511036     
          87          88   1.2233368197269285     
          88          89   1.6252129865875198     
          89          90   1.2092481620081281     
          85          91  0.56204413137043685     
          87          91   1.3153372031906612     
          90          91   1.2583067068192726     
          90          92   1.3915211248583310     
          92          93   1.3930617522191973     
          93          94   1.2081418855575858     
          94          95   1.6271150820001306     
          85          96  0.56240545291477029     
          93          96   1.2581763020241641     
          95          97   1.2217493243469335     
          96          97   1.3141417667582951     
          82          98   1.2276995345169432     
          97          98   1.2854843829997131     
          98          99   1.2856343161838317     
          99         100   1.2217322364442713     
         100         101   1.6271282425187708     
         101         102   1.2081282594538443     
          85         103  0.56230708615679748     
          99         103   1.3141291370073507     
         102         103   1.2582147868218312     
         102         104   1.3930426599545944     
         104         105   1.3915403454751094     
         105         106   1.2092581669691500     
         106         107   1.6252055287050970     
          86         108   1.2821152281590240     
         107         108   1.2233450642652772     
          85         109  0.56214334821520706     
         105         109   1.2582699008028797     
         108         109   1.3153542010664547     
          88         110  0.99995195784417390     
          89         111  0.99450841321983219     
          92         112  0.99870274294558203     
          94         113  0.99451248498501132     
          95         114  0.99990812172297960     
         100         115  0.99989367546953833     
         101         116  0.99452285807631113     
         104         117  0.99870318845306283     
         106         118  0.99449867935176040     
         107         119  0.99996476153022518     
