   -0.07998169
   -0.01736369
    0.06127211
   -0.03985295
   -0.03975476
    0.06310130
   -0.17195985
    0.00995568
    0.02091365
   -0.01439320
   -0.00892583
    0.04262619
    0.29571023
   -0.27713479
   -0.27638965
   -0.00947183
   -0.01492386
    0.06249556
   -0.03834117
   -0.03730388
   -0.16984048
    0.06746711
    0.02239216
    0.06730294
   -0.03737367
   -0.03835816
    0.06241656
   -0.16996437
    0.00993053
    0.02094252
   -0.01496870
   -0.00948510
    0.04261216
    0.29584652
   -0.27722606
   -0.27625311
   -0.00890141
   -0.01436256
    0.06316822
   -0.03974281
   -0.03981083
    0.06129646
   -0.17189031
    0.02661235
    0.02913423
    0.02246799
    0.03541985
    0.05109161
    0.04999999
    0.03446142
    0.02432184
    0.02741616
    0.02730424
    0.02430840
    0.03448766
    0.04995068
    0.05114905
    0.03547451
    0.02253345
    0.02913306
   -0.07998334
   -0.01737077
    0.06127057
   -0.03985553
   -0.03975819
    0.06308628
   -0.17195877
    0.00995431
    0.02093082
   -0.01439420
   -0.00892313
    0.04262810
    0.29577419
   -0.27718194
   -0.27629829
   -0.00945774
   -0.01491621
    0.06248601
   -0.03834225
   -0.03730536
   -0.16984835
    0.06747278
    0.02238198
    0.06730892
   -0.03737349
   -0.03835621
    0.06240812
   -0.16996418
    0.00992835
    0.02094842
   -0.01496730
   -0.00948003
    0.04261585
    0.29585051
   -0.27722707
   -0.27623568
   -0.00889731
   -0.01436141
    0.06316521
   -0.03974218
   -0.03981063
    0.06129746
   -0.17188423
    0.02661727
    0.02913006
    0.02246949
    0.03543977
    0.05109548
    0.05000905
    0.03448606
    0.02433023
    0.02741499
    0.02730552
    0.02431134
    0.03450210
    0.04995414
    0.05115271
    0.03547691
    0.02253470
    0.02912947
   -0.01572021
   -0.01572122
   -0.02021938
   -0.01491806
   -0.02022027
   -0.01491843
