    0.26600901
   -0.01997503
    0.05471424
   -0.04058196
   -0.04042474
    0.06162924
   -0.21168497
    0.01025038
   -0.02229627
   -0.03649780
    0.02712711
   -0.01939778
    0.05090304
   -0.26731647
    0.05006852
   -0.02058234
    0.06038145
   -0.04000453
   -0.03826937
   -0.20946767
    0.05992170
    0.01876543
    0.05988931
   -0.03833204
   -0.04007504
    0.06030223
   -0.20955580
    0.01023367
   -0.02230538
   -0.03653214
    0.02711645
   -0.01950369
    0.05086706
   -0.26735858
    0.05006967
   -0.02050943
    0.06169147
   -0.04038401
   -0.04054968
    0.05470514
   -0.21161834
    0.02105078
    0.02544760
    0.02079423
    0.03306948
    0.02776008
    0.02587847
    0.03053926
    0.02144478
    0.02286370
    0.02280067
    0.02137696
    0.03307181
    0.02768168
    0.02588042
    0.03050687
    0.02086381
    0.02546900
    0.26601023
   -0.01997673
    0.05471510
   -0.04058203
   -0.04042642
    0.06162508
   -0.21168752
    0.01025010
   -0.02229855
   -0.03649732
    0.02712712
   -0.01939067
    0.05090221
   -0.26731430
    0.05007100
   -0.02058825
    0.06038463
   -0.04000084
   -0.03826807
   -0.20946325
    0.05992328
    0.01876586
    0.05988401
   -0.03833422
   -0.04007955
    0.06030019
   -0.20955547
    0.01023261
   -0.02230509
   -0.03653354
    0.02711650
   -0.01950671
    0.05086749
   -0.26735857
    0.05007062
   -0.02050478
    0.06169413
   -0.04038181
   -0.04054840
    0.05470602
   -0.21161856
    0.02104993
    0.02544627
    0.02079089
    0.03306610
    0.02776498
    0.02587663
    0.03054221
    0.02144667
    0.02286557
    0.02279923
    0.02137432
    0.03307119
    0.02767875
    0.02588104
    0.03050705
    0.02086689
    0.02547021
   -0.01814434
   -0.01814373
   -0.02203498
   -0.01774075
   -0.02203223
   -0.01774084
