    0.27791146
   -0.02520239
    0.05290311
   -0.04419464
   -0.04010253
    0.05571097
   -0.21685304
    0.00706168
    0.00403899
   -0.03914665
    0.03131732
   -0.23951739
    0.03606183
   -0.06064292
    0.05545170
   -0.03808819
   -0.03946197
   -0.21451118
    0.05895592
    0.01627356
    0.05920705
   -0.03930837
   -0.03792248
    0.05529968
   -0.21453539
    0.00703989
    0.00399612
   -0.03897189
    0.03100722
   -0.23994902
    0.03574970
   -0.05968703
    0.05586135
   -0.04010630
   -0.04416631
    0.05284077
   -0.21675044
    0.01814920
    0.02015459
    0.01285335
    0.01554021
    0.01576190
    0.02298564
    0.16743390
    0.03851209
    0.00905222
    0.01469206
    0.01894891
    0.01937471
    0.01461880
    0.01545650
    0.01556035
    0.02316908
    0.16668112
    0.03844118
    0.00928878
    0.01300321
    0.02011753
    0.27861504
   -0.02529599
    0.05275541
   -0.04421949
   -0.04007592
    0.05560214
   -0.21672358
    0.00701436
    0.00399224
   -0.03896265
    0.03099453
   -0.23996161
    0.03577325
   -0.05969959
    0.05528988
   -0.03783487
   -0.03919240
   -0.21404553
    0.05913702
    0.01638989
    0.05854124
   -0.03962999
   -0.03821522
    0.05530758
   -0.21452775
    0.00679765
    0.00394703
   -0.03900672
    0.03106464
   -0.23994252
    0.03570191
   -0.06005097
    0.05562688
   -0.04012556
   -0.04419473
    0.05272698
   -0.21668111
    0.01820693
    0.02011694
    0.01295419
    0.01550681
    0.01556671
    0.02316573
    0.16664495
    0.03854568
    0.00932790
    0.01449795
    0.01937672
    0.01881742
    0.01434450
    0.01552957
    0.01556483
    0.02314721
    0.16676726
    0.03832691
    0.00917220
    0.01285964
    0.02010694
   -0.02349777
   -0.01987046
   -0.02395161
   -0.01940517
   -0.02404571
   -0.01945521
   -0.02345544
   -0.01987316
    0.29151541
    0.01590086
    0.05931998
   -0.04026592
   -0.03836907
    0.05512755
   -0.21407661
    0.00950021
    0.00502494
   -0.03687910
    0.03171129
   -0.24028621
    0.03577390
   -0.06069513
    0.05564513
   -0.03791237
   -0.03971166
   -0.21368044
    0.05866728
    0.01558856
    0.05914816
   -0.04029526
   -0.03825616
    0.05527721
   -0.21420519
    0.00928151
    0.00412975
   -0.03737628
    0.03154544
   -0.23981572
    0.03574978
   -0.06071866
    0.05587826
   -0.03758232
   -0.03955193
    0.05881717
   -0.21339366
    0.01918882
    0.01383949
    0.01846281
    0.02354947
    0.01849230
    0.16697357
    0.03775964
    0.00916613
    0.01459973
    0.01852139
    0.01920725
    0.01470955
    0.01748739
    0.02484283
    0.01648804
    0.16701472
    0.03789034
    0.00867813
    0.01468479
    0.01866277
