           2           3   1.3897145463504594     
           3           4   1.2014740574246903     
           4           5   1.6383052393185387     
           5           6   1.2073640072321954     
           1           7  0.71833290526704430     
           3           7   1.2434766533303125     
           6           7   1.2486339488953855     
           6           8   1.3580064572252273     
           8           9   1.0590487229533692     
           9          10   1.4041796476775610     
          10          11   1.4766247595177304     
          11          12   1.3701918917632632     
          12          13   1.1404857254774903     
          13          14  0.97138571336669854     
          12          15   1.3837853716081918     
           9          16   1.4148627673913545     
          15          16   1.4606764211416343     
           8          17   1.3652762284962336     
          17          18   1.2122410347685721     
          18          19   1.6277663899829771     
           1          20  0.71537006768501321     
          17          20   1.2389124690411135     
          19          21   1.2211591008187939     
          20          21   1.2653983600022460     
          21          22   1.3045323283783765     
          22          23   1.3011529508438515     
          23          24   1.2219850568241035     
          24          25   1.6278842196218810     
          25          26   1.2112551440974142     
           1          27  0.71489570601785324     
          23          27   1.2691543425270349     
          26          27   1.2352826960768695     
          26          28   1.3691899455246666     
          28          29   1.0589207340614919     
          29          30   1.4151105418309715     
          30          31   1.4604948743392008     
          31          32   1.3839066485512934     
          32          33   1.1401582208438039     
          33          34  0.97144529487783327     
          32          35   1.3704264630018097     
          29          36   1.4040853531071937     
          35          36   1.4766443268944325     
          28          37   1.3543187469581612     
          37          38   1.2081366311686297     
          38          39   1.6383103399977350     
           2          40   1.3932945792429552     
          39          40   1.2004453786771014     
           1          41  0.71889664522337426     
          37          41   1.2519913710662667     
          40          41   1.2401099454725755     
           2          42  0.99803313376350078     
           4          43  0.99532651418531293     
           5          44  0.99995394354223666     
          10          45  0.99126667759450859     
          11          46  0.98981867931521306     
          13          47  0.97266844263416818     
          14          48  0.99545881140031933     
          14          49   1.0064374457501546     
          14          50  0.99901472222481413     
          15          51  0.99128940986223890     
          16          52  0.99123976055828877     
          18          53  0.99929366647831586     
          19          54  0.99995036495763645     
          24          55  0.99992302365242358     
          25          56  0.99924701444048414     
          30          57  0.99124315689246656     
          31          58  0.99126859604739015     
          33          59  0.97282856737038670     
          34          60   1.0064417479682783     
          34          61  0.99901614640095660     
          34          62  0.99546038310955465     
          35          63  0.98983807030226278     
          36          64  0.99124875233290954     
          38          65  0.99997713577599556     
          39          66  0.99542356229967965     
          68          69   1.3907903909284058     
          69          70   1.2010959997557875     
          70          71   1.6384487219262565     
          71          72   1.2075009274105879     
          67          73  0.71863230410117296     
          69          73   1.2425812489212320     
          72          73   1.2494073789143161     
          72          74   1.3573531459049317     
          74          75   1.0585256437694919     
          75          76   1.4044072266330403     
          76          77   1.4764686282305006     
          77          78   1.3704800880360866     
          78          79   1.1399845704076788     
          79          80  0.97154222818221125     
          78          81   1.3841137450413727     
          75          82   1.4152877940922151     
          81          82   1.4603775977357831     
          74          83   1.3664604626942369     
          83          84   1.2118893046326513     
          84          85   1.6280043337323435     
          67          86  0.71530478063720171     
          83          86   1.2381532780287532     
          85          87   1.2211237971452813     
          86          87   1.2662889815837435     
          87          88   1.3039690308334875     
          88          89   1.3017105815295222     
          89          90   1.2221099851811312     
          90          91   1.6274264453280509     
          91          92   1.2116760600824481     
          67          93  0.71502878161172501     
          89          93   1.2682363492775282     
          92          93   1.2360712535658447     
          92          94   1.3677443648833534     
          94          95   1.0595531333563462     
          95          96   1.4146522985660122     
          96          97   1.4607526423560424     
          97          98   1.3837764122050418     
          98          99   1.1401983354710592     
          99         100  0.97144591950002568     
          98         101   1.3703785969227280     
          95         102   1.4039567138331006     
         101         102   1.4766948006833582     
          94         103   1.3553483833095439     
         103         104   1.2078834155785065     
         104         105   1.6382930913535296     
          68         106   1.3923176724396862     
         105         106   1.2007427783329321     
          67         107  0.71914294943533252     
         103         107   1.2508625544080729     
         106         107   1.2409481481438422     
          68         108  0.99801696931217110     
          70         109  0.99537236077960434     
          71         110  0.99999716387957760     
          76         111  0.99124745391574731     
          77         112  0.98981552066670597     
          79         113  0.97277560739822866     
          80         114  0.99548808223519447     
          80         115   1.0064684032176088     
          80         116  0.99901592105303094     
          81         117  0.99131644664172913     
          82         118  0.99124143056895819     
          84         119  0.99931627944943557     
          85         120   1.0000865625133817     
          90         121  0.99984282944820879     
          91         122  0.99928361681081446     
          96         123  0.99126947943707988     
          97         124  0.99123924668777041     
          99         125  0.97282751306202941     
         100         126   1.0064255171172753     
         100         127  0.99901381417827684     
         100         128  0.99548116888271299     
         101         129  0.98985154244989537     
         102         130  0.99126632732672793     
         104         131  0.99992444691245141     
         105         132  0.99539129549201777     
          22         134   1.2135419630379300     
         133         134   2.5117531581243444     
         133         135   1.3243186370679005     
         134         136  0.18759038899489575     
         135         136   2.5098875399450917     
         137         138   2.5098811835229968     
         137         139   1.3243534117825388     
          88         140   1.2135609519815564     
         138         140  0.18758671796484774     
         139         140   2.5117242982424912     
         136         142   1.2164490165019066     
         142         143   1.3019648925443854     
         143         144   1.2235138513552997     
         144         145   1.6247542006962103     
         145         146   1.2149920038685476     
         141         147  0.71364376351153713     
         143         147   1.2663662855880709     
         146         147   1.2384748639520804     
         146         148   1.3615838040585144     
         148         149   1.0615083126181764     
         149         150   1.4033388982341386     
         150         151   1.4778188473519123     
         151         152   1.3695401283619268     
         152         153   1.1409192615388324     
         153         154  0.97129202161047812     
         152         155   1.3835597161038304     
         149         156   1.4133087002246556     
         155         156   1.4612452575096819     
         148         157   1.3597788776650368     
         157         158   1.2160124288454763     
         158         159   1.6230382119344606     
         141         160  0.71135821837050528     
         157         160   1.2384861053928320     
         159         161   1.2251809449902715     
         160         161   1.2678971885420152     
         138         162   1.2164486359121325     
         161         162   1.2981952978872375     
         162         163   1.3016840266479652     
         163         164   1.2237968945348423     
         164         165   1.6244078087435929     
         165         166   1.2152584238466240     
         141         167  0.71324121028000320     
         163         167   1.2661637303099078     
         166         167   1.2390222469310579     
         166         168   1.3608729168451628     
         168         169   1.0607728086970567     
         169         170   1.4138241586907034     
         170         171   1.4610157245615372     
         171         172   1.3835395920635341     
         172         173   1.1410631391065216     
         173         174  0.97130568813139428     
         172         175   1.3694712906894544     
         169         176   1.4034439351733023     
         175         176   1.4777746672906742     
         168         177   1.3610819695153458     
         177         178   1.2155760840879752     
         178         179   1.6236864948071179     
         142         180   1.2980834298887902     
         179         180   1.2247379654839916     
         141         181  0.71182047910484492     
         177         181   1.2377357268226095     
         180         181   1.2683796720147962     
         144         182   1.0000069152637785     
         145         183  0.99965636412108927     
         150         184  0.99124866307975157     
         151         185  0.98954608754548978     
         153         186  0.97228564380664451     
         154         187   1.0062926712835154     
         154         188  0.99623679704403234     
         154         189  0.99906177381205552     
         155         190  0.99162462892342040     
         156         191  0.99131413500581800     
         158         192  0.99959345345337702     
         159         193   1.0000560710258861     
         164         194   1.0000917244279159     
         165         195  0.99964971809052561     
         170         196  0.99133139753671062     
         171         197  0.99159739881542086     
         173         198  0.97222230483628480     
         174         199  0.99619626178486331     
         174         200  0.99904000295450379     
         174         201   1.0063018146368587     
         175         202  0.98953635958953190     
         176         203  0.99117286979647290     
         178         204  0.99964906558090061     
         179         205   1.0000763251105971     
