   -0.02667237
    0.06064808
   -0.03782412
   -0.03426524
    0.06078471
   -0.16091520
    0.00764289
    0.05759233
   -0.03801143
   -0.03681837
   -0.28648256
    0.06336082
    0.01597153
    0.06500821
   -0.03329970
   -0.03379758
    0.06032641
    0.00631068
    0.00485018
   -0.02572273
   -0.00117467
   -0.06104677
   -0.03162181
   -0.00102356
   -0.06103466
   -0.02603575
    0.05864876
   -0.03927917
   -0.04222960
    0.05754668
   -0.29019991
   -0.15812231
    0.00502243
   -0.02479666
   -0.00051317
   -0.06070362
   -0.03139970
   -0.00137898
   -0.06126325
   -0.02658701
    0.02405044
    0.03485127
    0.02503230
    0.16213574
    0.01653347
    0.01854879
    0.02820404
    0.02579220
    0.02299137
    0.02496329
    0.02017157
    0.02117113
    0.02938240
    0.02317181
    0.02073312
    0.02426692
    0.02447960
    0.01558983
    0.02495455
    0.15991216
    0.02424715
    0.02222245
    0.01889102
    0.02778811
    0.02948589
    0.02055061
    0.02522389
    0.02057843
    0.02350151
   -0.02672107
    0.06062802
   -0.03783888
   -0.03424497
    0.06075933
   -0.16091230
    0.00761466
    0.05752051
   -0.03803450
   -0.03682757
   -0.28650234
    0.06326630
    0.01594524
    0.06495626
   -0.03319563
   -0.03377575
    0.06038094
    0.00624283
    0.00489739
   -0.02554160
   -0.00107836
   -0.06105846
   -0.03152008
   -0.00099663
   -0.06101850
   -0.02608069
    0.05864286
   -0.03929304
   -0.04224897
    0.05751730
   -0.29019007
   -0.15813286
    0.00500513
   -0.02469433
   -0.00041950
   -0.06063002
   -0.03133326
   -0.00141275
   -0.06132490
   -0.02661783
    0.02400802
    0.03480547
    0.02498331
    0.16206145
    0.01664248
    0.01843868
    0.02775849
    0.02578303
    0.02310647
    0.02481037
    0.02024099
    0.02122038
    0.02955604
    0.02270315
    0.02095784
    0.02415544
    0.02430780
    0.01548097
    0.02490807
    0.15981446
    0.02439367
    0.02224527
    0.01890755
    0.02778119
    0.02961352
    0.02038247
    0.02524391
    0.02044932
    0.02340179
   -0.02907337
   -0.02480964
   -0.02819710
   -0.02698090
   -0.02701327
   -0.02822624
   -0.02483195
   -0.02903749
    0.01037373
    0.06412065
   -0.03668563
   -0.03471329
    0.05808276
   -0.15827052
    0.00954469
    0.05572122
   -0.03888410
   -0.03920284
   -0.28610799
    0.06243475
    0.01361389
    0.06478027
   -0.03432376
   -0.03404152
    0.05874507
    0.00955608
    0.00573382
   -0.02438810
   -0.00069438
   -0.06065302
   -0.03129661
   -0.00090472
   -0.06076931
   -0.02534606
    0.05626842
   -0.03836104
   -0.03919874
    0.06248482
   -0.28724245
   -0.15728647
    0.00569238
   -0.02576404
   -0.00121534
   -0.06096634
   -0.03137373
   -0.00064850
   -0.06065600
   -0.02432853
    0.02449889
    0.02343099
    0.15955590
    0.01452466
    0.01634871
    0.02581216
    0.02413291
    0.02325369
    0.02369209
    0.02066160
    0.02119384
    0.02888096
    0.02190602
    0.02600027
    0.01882815
    0.02471828
    0.01452052
    0.01543817
    0.15922034
    0.02410173
    0.01895554
    0.02178231
    0.02493917
    0.02890211
    0.02249352
    0.02050791
    0.02393474
    0.02367441
    0.01196330
    0.06464232
   -0.03513830
   -0.03421832
    0.05812402
   -0.15762260
    0.00983376
    0.05556341
   -0.03876222
   -0.03967515
   -0.28632442
    0.06228247
    0.01200790
    0.06460452
   -0.03516718
   -0.03424718
    0.05810615
    0.00983763
    0.00573414
   -0.02427260
   -0.00076612
   -0.06059730
   -0.03129680
   -0.00102469
   -0.06076549
   -0.02527847
    0.05557676
   -0.03873194
   -0.03965233
    0.06231569
   -0.28633509
   -0.15761062
    0.00574038
   -0.02528668
   -0.00102685
   -0.06076081
   -0.03129561
   -0.00076124
   -0.06060113
   -0.02427690
    0.02505470
    0.02353644
    0.15919485
    0.01428276
    0.01564737
    0.02506484
    0.02355633
    0.02311466
    0.02368051
    0.02058071
    0.02169341
    0.02866330
    0.02219938
    0.02558654
    0.01849989
    0.02480839
    0.01425474
    0.01563255
    0.15917198
    0.02481102
    0.01850736
    0.02217356
    0.02555748
    0.02865531
    0.02180098
    0.02043769
    0.02376231
    0.02310902
    0.01359930
    0.06477210
   -0.03437488
   -0.03409098
    0.05869346
   -0.15731087
    0.00954344
    0.05628789
   -0.03843071
   -0.03926162
   -0.28729928
    0.06247808
    0.01045069
    0.06416052
   -0.03679537
   -0.03475384
    0.05796721
    0.00963167
    0.00566899
   -0.02446253
   -0.00071991
   -0.06063884
   -0.03145650
   -0.00123211
   -0.06097981
   -0.02567189
    0.05567612
   -0.03886795
   -0.03922722
    0.06244416
   -0.28610775
   -0.15826994
    0.00575744
   -0.02535926
   -0.00091919
   -0.06073590
   -0.03137246
   -0.00077738
   -0.06072827
   -0.02446939
    0.02581686
    0.02415289
    0.15927264
    0.01445196
    0.01566512
    0.02495325
    0.02341929
    0.02350487
    0.02364488
    0.02090620
    0.02238969
    0.02872756
    0.02207264
    0.02499928
    0.01883368
    0.02429605
    0.01465234
    0.01634859
    0.15961826
    0.02476943
    0.01877682
    0.02201054
    0.02613271
    0.02868042
    0.02152563
    0.02027417
    0.02383413
    0.02312346
