   -0.06157114
   -0.01404141
    0.06463852
   -0.03625716
   -0.03534930
    0.06598525
   -0.16793005
    0.01400930
    0.01659146
   -0.01648297
   -0.01168166
    0.01618471
    0.11250670
   -0.26677187
   -0.01122162
   -0.01606363
    0.06511664
   -0.03418245
   -0.03437618
   -0.16609270
    0.07006767
    0.02487624
    0.07007009
   -0.03441053
   -0.03417533
    0.06509713
   -0.16617545
    0.01400004
    0.01658257
   -0.01654668
   -0.01170036
    0.01616617
    0.11249658
   -0.26682336
   -0.01123559
   -0.01599062
    0.06600272
   -0.03534631
   -0.03624483
    0.06463641
   -0.16785084
    0.03221473
    0.03445059
    0.02634181
    0.03202562
    0.04193008
    0.04283829
    0.03276919
    0.02796788
    0.03103709
    0.03105393
    0.02789131
    0.03198701
    0.04188488
    0.04285474
    0.03275548
    0.02638416
    0.03443375
   -0.06265718
   -0.01382386
    0.06479556
   -0.03616268
   -0.03533978
    0.06619203
   -0.16808615
    0.01409014
    0.01665112
   -0.01650551
   -0.01170441
    0.01612370
    0.11247909
   -0.26690269
   -0.01120552
   -0.01610346
    0.06547873
   -0.03426580
   -0.03431357
   -0.16640732
    0.06997991
    0.02517666
    0.06999770
   -0.03432542
   -0.03425926
    0.06547042
   -0.16641280
    0.01408950
    0.01665036
   -0.01657022
   -0.01169929
    0.01611367
    0.11247728
   -0.26692662
   -0.01122228
   -0.01603271
    0.06619005
   -0.03533683
   -0.03615431
    0.06478170
   -0.16801076
    0.03223325
    0.03456651
    0.02654519
    0.03205233
    0.04190037
    0.04287621
    0.03280505
    0.02800691
    0.03086113
    0.03090451
    0.02795707
    0.03203907
    0.04187859
    0.04289113
    0.03282673
    0.02660170
    0.03454747
   -0.01754317
   -0.01540521
   -0.01781113
   -0.01483383
   -0.01734615
   -0.01470317
   -0.01721848
   -0.01480212
   -0.01707035
   -0.01405314
   -0.01677438
   -0.01465059
   -0.05987108
    0.02463576
    0.07015774
   -0.03467045
   -0.03388625
    0.06504874
   -0.16531330
    0.01628417
    0.01674581
   -0.01600016
   -0.01120075
    0.01663194
    0.11277026
   -0.26605892
   -0.01105923
   -0.01589956
    0.06505470
   -0.03370889
   -0.03445156
   -0.16521774
    0.07042972
    0.02476430
    0.07043299
   -0.03446962
   -0.03371150
    0.06505696
   -0.16524457
    0.01630986
    0.01673042
   -0.01595961
   -0.01118689
    0.01664405
    0.11277735
   -0.26603117
   -0.01107024
   -0.01591267
    0.06502512
   -0.03384926
   -0.03464921
    0.07022956
   -0.16530862
    0.03064382
    0.02771720
    0.03277114
    0.04273828
    0.04301213
    0.03293010
    0.02791381
    0.03099501
    0.03096442
    0.02790380
    0.03274703
    0.04276381
    0.04300964
    0.03290731
    0.02770971
    0.03068526
   -0.06093732
    0.02500102
    0.07057560
   -0.03435899
   -0.03371540
    0.06528180
   -0.16532636
    0.01632999
    0.01679780
   -0.01597614
   -0.01110437
    0.01657773
    0.11274988
   -0.26614038
   -0.01115248
   -0.01599163
    0.06539236
   -0.03397015
   -0.03460762
   -0.16552554
    0.07012946
    0.02487289
    0.07010054
   -0.03462205
   -0.03398523
    0.06540426
   -0.16553893
    0.01631796
    0.01680636
   -0.01596215
   -0.01110716
    0.01657232
    0.11273711
   -0.26617811
   -0.01115354
   -0.01601322
    0.06527852
   -0.03371698
   -0.03435570
    0.07057346
   -0.16535989
    0.03109823
    0.02812701
    0.03293350
    0.04293009
    0.04283201
    0.03285157
    0.02774445
    0.03050432
    0.03045012
    0.02773522
    0.03294124
    0.04293135
    0.04280492
    0.03285780
    0.02812116
    0.03110964
