    0.28560994
   -0.02703576
    0.05755475
   -0.04107169
   -0.03610758
    0.05769168
   -0.21357024
    0.00972206
   -0.00648549
   -0.02573322
   -0.04111484
    0.05732751
   -0.30797365
   -0.04166597
   -0.02641868
    0.05683861
   -0.03674678
   -0.03834039
   -0.21047291
    0.06240160
    0.01361181
    0.06234081
   -0.03838845
   -0.03678770
    0.05681253
   -0.21050893
    0.00971042
   -0.00649637
   -0.02570137
   -0.04112615
    0.05734490
   -0.30793214
   -0.04168771
   -0.02641997
    0.05769891
   -0.03610191
   -0.04107975
    0.05754433
   -0.21355127
    0.02069554
    0.02616643
    0.01830915
    0.01792345
    0.02641069
    0.16285045
    0.16231550
    0.02561578
    0.01697008
    0.01933579
    0.02425745
    0.02416368
    0.01928480
    0.01795956
    0.02643059
    0.16286920
    0.16232264
    0.02559511
    0.01693050
    0.01828863
    0.02615582
    0.28392751
   -0.02678302
    0.05759634
   -0.04097704
   -0.03607929
    0.05783335
   -0.21364125
    0.00979118
   -0.00649058
   -0.02577077
   -0.04112831
    0.05734262
   -0.30796658
   -0.04163891
   -0.02640080
    0.05700775
   -0.03664872
   -0.03820869
   -0.21057138
    0.06251101
    0.01380871
    0.06243502
   -0.03827679
   -0.03669702
    0.05697241
   -0.21064605
    0.00976913
   -0.00651472
   -0.02571290
   -0.04114174
    0.05736783
   -0.30790684
   -0.04167430
   -0.02641675
    0.05784595
   -0.03607061
   -0.04099013
    0.05757798
   -0.21359571
    0.02079322
    0.02623113
    0.01835245
    0.01789248
    0.02638010
    0.16286281
    0.16237002
    0.02567074
    0.01702478
    0.01944917
    0.02433253
    0.02422249
    0.01938141
    0.01794412
    0.02642954
    0.16290799
    0.16238201
    0.02563567
    0.01695098
    0.01834227
    0.02622336
   -0.02283183
   -0.02611514
   -0.02663971
   -0.02534202
   -0.03020366
   -0.02255238
   -0.02469045
   -0.02459767
   -0.02880873
   -0.02421139
   -0.02869302
   -0.02427420
   -0.02593387
   -0.02259141
   -0.03008726
   -0.02232807
   -0.02643786
   -0.02514279
    0.32162292
    0.00759344
    0.06183996
   -0.04077659
   -0.03697218
    0.05396869
   -0.20879482
    0.01116080
   -0.00589511
   -0.02585146
   -0.04134818
    0.05724162
   -0.30808765
   -0.04112521
   -0.02568051
    0.05427903
   -0.03652101
   -0.03990770
   -0.20835557
    0.06205237
    0.00916124
    0.06201900
   -0.03991937
   -0.03652439
    0.05425419
   -0.20830111
    0.01113692
   -0.00593435
   -0.02580487
   -0.04137888
    0.05732561
   -0.30794132
   -0.04113778
   -0.02561736
    0.05396267
   -0.03699558
   -0.04079954
    0.06181099
   -0.20881004
    0.02210051
    0.01822664
    0.01723714
    0.02545122
    0.16187564
    0.16191565
    0.02603619
    0.01771872
    0.01840029
    0.02312176
    0.02311602
    0.01832704
    0.01726087
    0.02548503
    0.16203673
    0.16198800
    0.02606073
    0.01774497
    0.01816602
    0.02203169
    0.32087895
    0.00936277
    0.06206677
   -0.03982822
   -0.03651143
    0.05436135
   -0.20838674
    0.01116678
   -0.00593637
   -0.02568167
   -0.04116057
    0.05728156
   -0.30800337
   -0.04135598
   -0.02585952
    0.05407602
   -0.03691913
   -0.04074238
   -0.20884875
    0.06187578
    0.00765438
    0.06185327
   -0.04072884
   -0.03690684
    0.05407348
   -0.20884215
    0.01115019
   -0.00593772
   -0.02562025
   -0.04112407
    0.05732500
   -0.30792068
   -0.04136629
   -0.02582164
    0.05435334
   -0.03652821
   -0.03984392
    0.06203605
   -0.20839030
    0.02319936
    0.01844429
    0.01772562
    0.02603740
    0.16196275
    0.16196171
    0.02549140
    0.01727277
    0.01825023
    0.02205891
    0.02207718
    0.01821825
    0.01777513
    0.02610367
    0.16194627
    0.16202787
    0.02545217
    0.01723662
    0.01839878
    0.02318369
