           2           3   1.3871818598655121     
           3           4   1.2044186660241079     
           4           5   1.6337525068923324     
           5           6   1.2105378972820444     
           1           7  0.71405453893813053     
           3           7   1.2514097471889798     
           6           7   1.2480819568807429     
           6           8   1.3631231340328398     
           8           9   1.0592969194935800     
           9          10   1.4114432756210131     
          10          11   1.4686003122932849     
          11          12   1.3992045543311700     
          12          13   1.0093503843552738     
          13          14   1.5545106353956009     
          13          15   1.5558872560778068     
          14          15  0.37128825795326514     
          12          16   1.3991323486725942     
           9          17   1.4102145589640933     
          16          17   1.4692147760457426     
           8          18   1.3551955249694776     
          18          19   1.2239534095316640     
          19          20   1.6100862221143240     
           1          21  0.71450568358312272     
          18          21   1.2418396362747000     
          20          22   1.2344206791834498     
          21          22   1.2744485258033251     
          22          23   1.2956235976386554     
          23          24   1.2936900869582446     
          24          25   1.2352935276452768     
          25          26   1.6090353240098154     
          26          27   1.2243543374354031     
           1          28  0.71502530649594997     
          24          28   1.2752564694189781     
          27          28   1.2410899437581580     
          27          29   1.3547887746108283     
          29          30   1.0598904162483993     
          30          31   1.4103454982649324     
          31          32   1.4690555288518818     
          32          33   1.3992986702414343     
          33          34   1.0095185059226222     
          34          35   1.5543085771416476     
          34          36   1.5557602242741744     
          35          36  0.37117399582401300     
          33          37   1.3987299798710258     
          30          38   1.4106710017628232     
          37          38   1.4690946573453119     
          29          39   1.3630351580719224     
          39          40   1.2104249603773427     
          40          41   1.6342477451400546     
           2          42   1.3885456176175033     
          41          42   1.2039300493130840     
           1          43  0.71367894088299966     
          39          43   1.2486820021885963     
          42          43   1.2506840837117490     
           2          44  0.99629093769164223     
           4          45  0.99352534242681345     
           5          46  0.99874315444660311     
          10          47  0.98793526594301573     
          11          48  0.98631752862345212     
          16          49  0.98676568024170541     
          17          50  0.98851031112225185     
          19          51  0.99774638971361085     
          20          52  0.99857860691275657     
          25          53  0.99835596653973724     
          26          54  0.99768939090275754     
          31          55  0.98850181097815859     
          32          56  0.98682975808081408     
          37          57  0.98627318272451936     
          38          58  0.98798676428509991     
          40          59  0.99872422353001589     
          41          60  0.99356310542252202     
          62          63   1.3871832540475211     
          63          64   1.2044190635693950     
          64          65   1.6337517404086341     
          65          66   1.2105382991254121     
          61          67  0.71405250917054830     
          63          67   1.2514070678456555     
          66          67   1.2480839901620688     
          66          68   1.3631203173523367     
          68          69   1.0592971973448686     
          69          70   1.4114422515089287     
          70          71   1.4686013834161509     
          71          72   1.3992041192351123     
          72          73   1.0093553685434549     
          73          74   1.5545095027481821     
          73          75   1.5558945286023251     
          74          75  0.37129089485087924     
          72          76   1.3991329397674708     
          69          77   1.4102162657541750     
          76          77   1.4692140873393025     
          68          78   1.3551970523442267     
          78          79   1.2239526475690539     
          79          80   1.6100875100457688     
          61          81  0.71451117557878041     
          78          81   1.2418382980231308     
          80          82   1.2344197637933956     
          81          82   1.2744469621389274     
          82          83   1.2956243523374760     
          83          84   1.2936877751024527     
          84          85   1.2352931981418411     
          85          86   1.6090350946466068     
          86          87   1.2243543558381127     
          61          88  0.71502283718118065     
          84          88   1.2752596958492257     
          87          88   1.2410874925924094     
          87          89   1.3547908202623935     
          89          90   1.0598925780732789     
          90          91   1.4103451017126853     
          91          92   1.4690552904053320     
          92          93   1.3992989954493389     
          93          94   1.0095199648920896     
          94          95   1.5543118683359451     
          94          96   1.5557548255770164     
          95          96  0.37117341130356452     
          93          97   1.3987277557062778     
          90          98   1.4106685484659591     
          97          98   1.4690968536816085     
          89          99   1.3630314174588818     
          99         100   1.2104269869483013     
         100         101   1.6342457878904424     
          62         102   1.3885436950318515     
         101         102   1.2039307358523064     
          61         103  0.71368328081834809     
          99         103   1.2486805681685020     
         102         103   1.2506828172696702     
          62         104  0.99629078110207459     
          64         105  0.99352545700606243     
          65         106  0.99874336294487442     
          70         107  0.98793513847510872     
          71         108  0.98631682170651869     
          76         109  0.98676549037942962     
          77         110  0.98851019426733777     
          79         111  0.99774612575715627     
          80         112  0.99857843171875560     
          85         113  0.99835609753234167     
          86         114  0.99768929651696303     
          91         115  0.98850169289109613     
          92         116  0.98682965585786298     
          97         117  0.98627334718809512     
          98         118  0.98798702355714296     
         100         119  0.99872420627754888     
         101         120  0.99356329633169005     
          23         121   1.2139132370093308     
          83         122   1.2139141079835924     
         121         122   2.6125075612421114     
