           2           3   1.3941128742332449     
           3           4   1.2042747368882201     
           4           5   1.6369765860463221     
           5           6   1.2098532431951263     
           1           7  0.87292723564811525     
           3           7   1.2222579600805474     
           6           7   1.2276837424485079     
           6           8   1.3630555217729814     
           8           9   1.0498548336451625     
           9          10   1.4168045864415464     
          10          11   1.4625452626645687     
          11          12   1.3832648210379066     
          12          13   1.1241000174760230     
          13          14   2.9626500380189253     
          12          15   1.3832885940185764     
           9          16   1.4166176593173210     
          15          16   1.4625912377189085     
           8          17   1.3701700052839088     
          17          18   1.2156142801208538     
          18          19   1.6241653968499512     
           1          20  0.86485104092297027     
          17          20   1.2164014235178151     
          19          21   1.2265432439829735     
          20          21   1.2464833166963603     
          21          22   1.3023794406094276     
          22          23   1.3020652240093020     
          23          24   1.2267315565411780     
          24          25   1.6241983700841567     
          25          26   1.2153516412591172     
           1          27  0.86496611577323090     
          23          27   1.2470901253642483     
          26          27   1.2156736762700215     
          26          28   1.3709048411936724     
          28          29   1.0504857222543214     
          29          30   1.4165605653506348     
          30          31   1.4626096663351069     
          31          32   1.3832701517392336     
          32          33   1.1241630563053022     
          33          34   2.9625750825569068     
          32          35   1.3831692386042922     
          29          36   1.4163492598116021     
          35          36   1.4626684784210620     
          28          37   1.3618425998503523     
          37          38   1.2100215256275180     
          38          39   1.6368887204776301     
           2          40   1.3949476742258691     
          39          40   1.2041414018986396     
           1          41  0.87301108797484750     
          37          41   1.2286102718497072     
          40          41   1.2213698766093615     
           2          42  0.99508738740948544     
           4          43  0.99192876715033318     
           5          44  0.99748552310364347     
          10          45  0.98628890713741091     
          11          46  0.98501648205551218     
          15          47  0.98482562048923461     
          16          48  0.98603789620635240     
          18          49  0.99676008375126113     
          19          50  0.99718155499342942     
          24          51  0.99709684065294979     
          25          52  0.99671823365667855     
          30          53  0.98628083378104370     
          31          54  0.98504091776416713     
          35          55  0.98481411148617004     
          36          56  0.98611534147852853     
          38          57  0.99746916288698839     
          39          58  0.99193534417285922     
          60          61   1.3939193178286011     
          61          62   1.2043890689508092     
          62          63   1.6370087360845655     
          63          64   1.2098359660795979     
          59          65  0.87085203959140955     
          61          65   1.2230939580798523     
          64          65   1.2277605724059470     
          64          66   1.3639403523538611     
          66          67   1.0487065264721882     
          67          68   1.4172830612412846     
          68          69   1.4623475775200279     
          69          70   1.3833640616850893     
          70          71   1.1241456533771053     
          71          72   2.9626332674377633     
          70          73   1.3833771317444190     
          67          74   1.4171194608623028     
          73          74   1.4623829165544944     
          66          75   1.3706438969646866     
          75          76   1.2147129021448391     
          76          77   1.6258717588752161     
          59          78  0.86503142199749428     
          75          78   1.2175540697149194     
          77          79   1.2251646488459784     
          78          79   1.2446466250916854     
          79          80   1.3075659404401903     
          80          81   1.3059658963936829     
          81          82   1.2261281843043375     
          82          83   1.6248808183764876     
          83          84   1.2153278246009420     
          59          85  0.86397507121493244     
          81          85   1.2456468467967026     
          84          85   1.2168830820757859     
          84          86   1.3704576587356438     
          86          87   1.0494164997605537     
          87          88   1.4167440137885561     
          88          89   1.4626151423010252     
          89          90   1.3833109995528918     
          90          91   1.1241523887285447     
          91          92   2.9626106064759670     
          90          93   1.3832747022646046     
          87          94   1.4170397052185997     
          93          94   1.4623776979203613     
          86          95   1.3635558978874016     
          95          96   1.2093314870781138     
          96          97   1.6378436747794645     
          60          98   1.3959793524504971     
          97          98   1.2035683901080045     
          59          99  0.87203405292649450     
          95          99   1.2286355357669383     
          98          99   1.2218875534652796     
          60         100  0.99510272834850577     
          62         101  0.99187746206605687     
          63         102  0.99748355003583955     
          68         103  0.98624846083888940     
          69         104  0.98503033732503820     
          73         105  0.98481836333545680     
          74         106  0.98600571260832270     
          76         107  0.99674764458498033     
          77         108  0.99707498394317950     
          82         109  0.99701998495164379     
          83         110  0.99672471071982605     
          88         111  0.98622044189738500     
          89         112  0.98500411339023441     
          93         113  0.98486825183427007     
          94         114  0.98608789405643071     
          96         115  0.99747478035167725     
          97         116  0.99188021675241356     
         117         118   2.3774546786417914     
         118         119   1.3565297429856982     
          22         120   1.2150107067703089     
         117         120  0.17781907307814518     
         119         120   2.4795812509665760     
         117         121   1.3575750254589547     
         118         122  0.17773253918314633     
         121         122   2.4766473971545877     
         123         124   2.3749754641640770     
         124         125   1.3586026481909705     
         123         126  0.17757221663995137     
         125         126   2.4752555969073988     
         123         127   1.3584607323881104     
         124         128  0.17765059445006776     
         127         128   2.4759008449860089     
         129         130   2.3884873917953282     
         130         131   1.3485935855431312     
         129         132  0.17683672763689978     
         131         132   2.4870585529036866     
         129         133   1.3475010736688235     
          80         134   1.2067425235031646     
         130         134  0.17687165366491561     
         133         134   2.4900731687990851     
         122         136   1.2183235099204486     
         136         137   1.2994087163310788     
         137         138   1.2291175676080406     
         138         139   1.6204900982359929     
         139         140   1.2189437356089010     
         135         141  0.86591582760840458     
         137         141   1.2462528322324782     
         140         141   1.2165362172185539     
         140         142   1.3650206305202335     
         142         143   1.0509076975581035     
         143         144   1.4163232715989709     
         144         145   1.4625896408857453     
         145         146   1.3834888795210580     
         146         147   1.1238818501789347     
         147         148   2.9630553962078667     
         146         149   1.3835833954988430     
         143         150   1.4165935200682007     
         149         150   1.4624507837514884     
         142         151   1.3669870150043804     
         151         152   1.2184082202698920     
         152         153   1.6211343619858263     
         135         154  0.86622352342920395     
         151         154   1.2151826130180843     
         153         155   1.2287453059986027     
         154         155   1.2474519690709338     
         126         156   1.2187115631103218     
         155         156   1.2987547520678484     
         156         157   1.2991707470940459     
         157         158   1.2287743201488586     
         158         159   1.6210145415284942     
         159         160   1.2185270115060112     
         135         161  0.86653428486822537     
         157         161   1.2469753312128955     
         160         161   1.2154842286019107     
         160         162   1.3664048626438097     
         162         163   1.0514621248430163     
         163         164   1.4161662496252134     
         164         165   1.4625992394162328     
         165         166   1.3834854621779624     
         166         167   1.1238953641009855     
         167         168   2.9630446408450521     
         166         169   1.3835171313890280     
         163         170   1.4162823242687319     
         169         170   1.4625815799996829     
         162         171   1.3652030730002409     
         171         172   1.2189508840898726     
         172         173   1.6203727863536195     
         136         174   1.2989570648388620     
         173         174   1.2292568443892518     
         135         175  0.86617834035552332     
         171         175   1.2160888477918916     
         174         175   1.2465484836387142     
         138         176  0.99721504147140094     
         139         177  0.99707249231711603     
         144         178  0.98619175379240775     
         145         179  0.98479329047320674     
         149         180  0.98477505337174220     
         150         181  0.98617516911288094     
         152         182  0.99702039863931546     
         153         183  0.99715014573185590     
         158         184  0.99710586471014395     
         159         185  0.99700559376513831     
         164         186  0.98622399814355244     
         165         187  0.98480452701261756     
         169         188  0.98477604362251192     
         170         189  0.98620291515092573     
         172         190  0.99704014822889853     
         173         191  0.99717790066365053     
         128         193   1.2178854490838971     
         193         194   1.3000099241845027     
         194         195   1.2281046689574344     
         195         196   1.6220387007058645     
         196         197   1.2178289086126148     
         192         198  0.86476512423407603     
         194         198   1.2477250123748473     
         197         198   1.2159625317841920     
         197         199   1.3677924504032735     
         199         200   1.0498833590066290     
         200         201   1.4168445611241349     
         201         202   1.4624154408704211     
         202         203   1.3836085508881322     
         203         204   1.1238616720479577     
         204         205   2.9631152398879834     
         203         206   1.3836307117042801     
         200         207   1.4169347722697190     
         206         207   1.4623083994890484     
         199         208   1.3655338931595982     
         208         209   1.2181168038197356     
         209         210   1.6219838491056926     
         192         211  0.86530399436670213     
         208         211   1.2175779283883232     
         210         212   1.2280034471302035     
         211         212   1.2452659367925369     
         132         213   1.2100619268382959     
         212         213   1.3034325722128699     
         213         214   1.3039411599324322     
         214         215   1.2279241603749416     
         215         216   1.6219409445390716     
         216         217   1.2182142601806567     
         192         218  0.86558902387637726     
         214         218   1.2447932955811540     
         217         218   1.2179460672168343     
         217         219   1.3649606310376865     
         219         220   1.0501190186906335     
         220         221   1.4167979866386551     
         221         222   1.4624296728119917     
         222         223   1.3835628441313437     
         223         224   1.1238935326110806     
         224         225   2.9630502515289909     
         223         226   1.3836345624386115     
         220         227   1.4167777180159833     
         226         227   1.4623795197166216     
         219         228   1.3682204948622816     
         228         229   1.2177306059119999     
         229         230   1.6220656589322551     
         193         231   1.2996392620188750     
         230         231   1.2281834655833950     
         192         232  0.86449452668302507     
         228         232   1.2156135448171173     
         231         232   1.2481805384576894     
         195         233  0.99709062037776086     
         196         234  0.99702375953683775     
         201         235  0.98612921504109596     
         202         236  0.98477337916200092     
         206         237  0.98482556025789747     
         207         238  0.98615764273569906     
         209         239  0.99707329855344962     
         210         240  0.99710963393897534     
         215         241  0.99711593284329603     
         216         242  0.99705874597207522     
         221         243  0.98614975769042590     
         222         244  0.98479790276212875     
         226         245  0.98480740232027930     
         227         246  0.98617175086534958     
         229         247  0.99700356975215465     
         230         248  0.99711228475220304     
