   -0.02681128
    0.06073400
   -0.03723843
   -0.03300154
    0.06217763
   -0.15885076
    0.01397905
    0.00219881
    0.00186258
   -0.05642043
   -0.03208509
   -0.00414765
   -0.06233490
   -0.03214241
    0.00178439
   -0.05646058
    0.05947737
   -0.03741608
   -0.03875310
   -0.28405749
    0.06381727
    0.01441939
    0.06567344
   -0.03438625
   -0.03272479
    0.06187304
   -0.15599234
    0.01296800
    0.00214673
    0.00180555
   -0.05643359
   -0.03214705
   -0.00419189
   -0.06233398
   -0.03215543
    0.00177701
   -0.05645948
    0.06071760
   -0.03775275
   -0.04130268
    0.05783735
   -0.28754293
    0.02540418
    0.03499227
    0.02491454
    0.16073820
    0.01616556
    0.01718304
    0.01807523
    0.03047720
    0.02344579
    0.02082019
    0.02083384
    0.03039507
    0.01625374
    0.01716182
    0.01787475
    0.01686609
    0.02235376
    0.03232119
    0.02598787
    0.15944218
    0.01707483
    0.01814894
    0.01602703
    0.03039230
    0.02044105
    0.02373170
    0.02077997
    0.03032355
    0.01703657
    0.01612038
    0.01797180
    0.01589719
    0.02529235
   -0.02705657
    0.06066857
   -0.03736484
   -0.03307630
    0.06204213
   -0.15896603
    0.01394099
    0.00224278
    0.00181300
   -0.05642260
   -0.03214988
   -0.00418917
   -0.06233430
   -0.03212500
    0.00184520
   -0.05641569
    0.05928038
   -0.03757277
   -0.03893757
   -0.28409049
    0.06369662
    0.01430744
    0.06559331
   -0.03453419
   -0.03286409
    0.06173108
   -0.15599424
    0.01288424
    0.00218748
    0.00179248
   -0.05642942
   -0.03217810
   -0.00422616
   -0.06232998
   -0.03215974
    0.00180434
   -0.05641534
    0.06059636
   -0.03783180
   -0.04140899
    0.05776298
   -0.28769722
    0.02519441
    0.03481438
    0.02476964
    0.16066370
    0.01620876
    0.01707635
    0.01787952
    0.03032103
    0.02338745
    0.02070342
    0.02082137
    0.03039300
    0.01615848
    0.01710420
    0.01801702
    0.01667286
    0.02215057
    0.03219626
    0.02582312
    0.15936410
    0.01697282
    0.01807191
    0.01598807
    0.03030572
    0.02040226
    0.02366418
    0.02070956
    0.03026151
    0.01698285
    0.01608572
    0.01799315
    0.01575156
    0.02512152
   -0.01805607
   -0.02158730
   -0.02237569
   -0.02160572
   -0.02554364
   -0.01797782
   -0.02043126
   -0.02061156
   -0.02437141
   -0.02044939
   -0.02455039
   -0.02028351
   -0.02179519
   -0.01838377
   -0.02568144
   -0.01828578
   -0.02262265
   -0.02178531
    0.01036872
    0.06495050
   -0.03709443
   -0.03347965
    0.05994742
   -0.15593650
    0.01622047
    0.00294183
    0.00220718
   -0.05606407
   -0.03207675
   -0.00430612
   -0.06223780
   -0.03204345
    0.00215802
   -0.05606658
    0.05801629
   -0.03798974
   -0.04028520
   -0.28412201
    0.06324097
    0.01218811
    0.06500990
   -0.03644992
   -0.03352780
    0.06011227
   -0.15554157
    0.01585755
    0.00291528
    0.00217374
   -0.05606358
   -0.03202553
   -0.00430432
   -0.06223149
   -0.03209498
    0.00216256
   -0.05607623
    0.05825352
   -0.03791032
   -0.04066423
    0.06304121
   -0.28481818
    0.02928956
    0.02382220
    0.15955324
    0.01698498
    0.01718414
    0.01664202
    0.02990938
    0.01915923
    0.02022204
    0.02409469
    0.02972061
    0.01698862
    0.01662514
    0.01716026
    0.01528897
    0.02038549
    0.03036766
    0.02428426
    0.15946156
    0.01660528
    0.01687422
    0.01728350
    0.02975270
    0.01935275
    0.02384182
    0.02023538
    0.02983301
    0.01727592
    0.01660191
    0.01678695
    0.01493493
    0.01946491
    0.01193805
    0.06499293
   -0.03657249
   -0.03354631
    0.06001181
   -0.15557859
    0.01592580
    0.00294232
    0.00215829
   -0.05607062
   -0.03210867
   -0.00432370
   -0.06222801
   -0.03203942
    0.00219388
   -0.05604329
    0.05808531
   -0.03801334
   -0.04076720
   -0.28479041
    0.06300692
    0.01036733
    0.06489660
   -0.03720256
   -0.03359384
    0.05982386
   -0.15589576
    0.01622436
    0.00297105
    0.00217812
   -0.05605998
   -0.03206668
   -0.00431581
   -0.06222684
   -0.03206954
    0.00220522
   -0.05604223
    0.05795054
   -0.03799967
   -0.04036088
    0.06323400
   -0.28420540
    0.03019384
    0.02405766
    0.15943211
    0.01735148
    0.01671371
    0.01656847
    0.02978850
    0.01939495
    0.02021435
    0.02372985
    0.02971863
    0.01717120
    0.01656466
    0.01694814
    0.01495328
    0.01941987
    0.02927603
    0.02386231
    0.15950082
    0.01657383
    0.01715242
    0.01696162
    0.02974216
    0.01973982
    0.02351377
    0.02009445
    0.02980089
    0.01700850
    0.01660785
    0.01713602
    0.01508033
    0.02024340
