   -0.06441193
   -0.01752184
    0.06230973
   -0.04004156
   -0.03625069
    0.06407135
   -0.17079145
    0.01355021
   -0.00474509
   -0.02563151
   -0.04046995
    0.06173402
   -0.25036761
    0.00206400
   -0.03617166
   -0.02459269
    0.06340376
   -0.03480293
   -0.03685274
   -0.16868206
    0.06844465
    0.02233981
    0.06845951
   -0.03693304
   -0.03491289
    0.06330780
   -0.16881917
    0.01347271
   -0.00464226
   -0.02453941
   -0.03609415
    0.06159769
   -0.25055928
    0.00196025
   -0.04040677
   -0.02569838
    0.06411731
   -0.03628087
   -0.04001189
    0.06230199
   -0.17066871
    0.02615214
    0.02771180
    0.01891024
    0.01859683
    0.02346983
    0.16659578
    0.03154876
    0.02636355
    0.03391193
    0.02559932
    0.01902182
    0.02096745
    0.02625973
    0.02617839
    0.02078641
    0.01907330
    0.02564919
    0.16636746
    0.02623733
    0.03380206
    0.03131631
    0.02341918
    0.01863319
    0.01894057
    0.02766673
   -0.06460577
   -0.01755901
    0.06228056
   -0.04005882
   -0.03629466
    0.06404007
   -0.17080346
    0.01346785
   -0.00467480
   -0.02561364
   -0.04042853
    0.06162867
   -0.25048485
    0.00199849
   -0.03618618
   -0.02463802
    0.06332772
   -0.03495660
   -0.03695790
   -0.16878527
    0.06838641
    0.02228737
    0.06840372
   -0.03699826
   -0.03494948
    0.06326799
   -0.16883917
    0.01345701
   -0.00468552
   -0.02454523
   -0.03618838
    0.06163445
   -0.25046035
    0.00199503
   -0.04047086
   -0.02570538
    0.06409024
   -0.03629979
   -0.04005246
    0.06227770
   -0.17071130
    0.02612970
    0.02767405
    0.01884806
    0.01864756
    0.02346326
    0.16648273
    0.03135813
    0.02629902
    0.03384269
    0.02553084
    0.01899478
    0.02079198
    0.02611854
    0.02608947
    0.02070544
    0.01904188
    0.02558836
    0.16650932
    0.02634828
    0.03382463
    0.03128294
    0.02339320
    0.01856853
    0.01891131
    0.02764030
   -0.02081173
   -0.01762115
   -0.02107609
   -0.01690453
   -0.02041663
   -0.01684045
   -0.02046415
   -0.01682280
   -0.02124413
   -0.01707855
   -0.02095279
   -0.01773921
   -0.06234412
    0.02237378
    0.06870842
   -0.03723682
   -0.03483968
    0.06373559
   -0.16788368
    0.01696886
   -0.00420343
   -0.02546622
   -0.03984700
    0.06165395
   -0.25031550
    0.00194660
   -0.03612312
   -0.02492790
    0.06386132
   -0.03417661
   -0.03672764
   -0.16764742
    0.06918283
    0.02259092
    0.06912072
   -0.03687329
   -0.03442134
    0.06366418
   -0.16770447
    0.01642489
   -0.00433412
   -0.02451418
   -0.03616488
    0.06209170
   -0.24981353
    0.00198988
   -0.03963569
   -0.02486525
    0.06375155
   -0.03431283
   -0.03702657
    0.06886434
   -0.16777441
    0.02583877
    0.02152898
    0.01939918
    0.02396907
    0.16660905
    0.02981942
    0.02660023
    0.03366648
    0.02566354
    0.01918541
    0.02163914
    0.02650675
    0.02626164
    0.02129679
    0.01920843
    0.02563329
    0.16719661
    0.03029328
    0.03392962
    0.02644432
    0.02447692
    0.01980895
    0.02072292
    0.02591226
   -0.06145645
    0.02242513
    0.06907284
   -0.03668455
   -0.03397213
    0.06367639
   -0.16762596
    0.01618760
   -0.00445261
   -0.02491906
   -0.03985806
    0.06224358
   -0.24951098
    0.00206555
   -0.03608460
   -0.02437543
    0.06349741
   -0.03459653
   -0.03719197
   -0.16779355
    0.06857470
    0.02217306
    0.06852828
   -0.03724792
   -0.03464989
    0.06348800
   -0.16773136
    0.01612142
   -0.00445307
   -0.02438292
   -0.03619820
    0.06217648
   -0.24959292
    0.00203385
   -0.03989207
   -0.02494382
    0.06357294
   -0.03408788
   -0.03680224
    0.06906246
   -0.16771133
    0.02638529
    0.02101307
    0.01950007
    0.02410666
    0.16709890
    0.02713126
    0.03011203
    0.03393410
    0.02601537
    0.01944783
    0.02077264
    0.02576329
    0.02566201
    0.02071849
    0.01941601
    0.02590016
    0.16719611
    0.03017656
    0.03397538
    0.02693658
    0.02409679
    0.01953605
    0.02074781
    0.02619585
