           1           2   1.3703197972032315     
           2           3   1.2422385027257123     
           3           4   1.5939938848823596     
           4           5   1.2551742273142488     
           2           6   1.2297152955025235     
           5           6   1.2281516725576143     
           5           7   1.3384841714339588     
           7           8   1.0549994041320039     
           8           9   1.4135657207524270     
           9          10   1.4612977691388409     
          10          11   1.3834459334012226     
          11          12   1.1436684169087434     
          12          13  0.97064673614220554     
          11          14   1.3700484249747209     
           8          15   1.4046568417813614     
          14          15   1.4762047475066118     
           7          16   1.3674108052343421     
          16          17   1.1642367724383809     
          17          18   1.6891129386322452     
          16          19   1.3523044892702447     
          18          20   1.1678553099461078     
          19          20   1.4154206488776038     
          20          21   1.2820755028814628     
          21          22   1.2817665773865095     
          22          23   1.2694958694387934     
          23          24   1.5790746306687020     
          24          25   1.2621749442432313     
          22          26   1.2507006305412258     
          25          26   1.2201062542826120     
          25          27   1.3412664971898729     
          27          28   1.0567385472955166     
          28          29   1.4133685675033807     
          29          30   1.4610632409184627     
          30          31   1.3833386532130487     
          31          32   1.1440154771188376     
          32          33  0.97072435402371993     
          31          34   1.3693876259685118     
          28          35   1.4031312397355347     
          34          35   1.4772541357776343     
          27          36   1.3555355369474349     
          36          37   1.1557016848227117     
          37          38   1.7040162604609148     
           1          39   1.3839122389774423     
          38          39   1.1484369675180550     
          36          40   1.3801699919518948     
          39          40   1.3745768949554122     
           1          41  0.99640487175755810     
           3          42  0.99321272305538200     
           4          43  0.99925060912709973     
           6          44  0.96129968819550082     
           9          45  0.98968433802675604     
          10          46  0.99127388481900103     
          12          47  0.97169933241639139     
          13          48  0.99619915867345421     
          13          49  0.99838296787215408     
          13          50   1.0056349168382850     
          14          51  0.98925262537933700     
          15          52  0.98946731022505607     
          17          53  0.99900218129790053     
          18          54  0.99958792957535803     
          23          55  0.99862433705328901     
          24          56  0.99844308455858855     
          26          57  0.96024159149436061     
          29          58  0.98985437967694512     
          30          59  0.99145517604880717     
          32          60  0.97127766299033469     
          33          61   1.0059127745247176     
          33          62  0.99592304784624952     
          33          63  0.99840557063819468     
          34          64  0.98910531767943843     
          35          65  0.98934536734872269     
          37          66  0.99982503865934835     
          38          67  0.99368227857054936     
          68          69   1.3703906169309827     
          69          70   1.2421334235295167     
          70          71   1.5941114755295134     
          71          72   1.2552201038422368     
          69          73   1.2297818723598528     
          72          73   1.2281042496326640     
          72          74   1.3385260298309458     
          74          75   1.0557081484201580     
          75          76   1.4129260646523703     
          76          77   1.4616771099359098     
          77          78   1.3831707604643744     
          78          79   1.1439108227947137     
          79          80  0.97062969749659400     
          78          81   1.3699475124302971     
          75          82   1.4045666161092312     
          81          82   1.4762586555383803     
          74          83   1.3668291619564918     
          83          84   1.1642588977408623     
          84          85   1.6890465441719853     
          83          86   1.3526836894621481     
          85          87   1.1678923598323072     
          86          87   1.4151064510559024     
          87          88   1.2822643758903649     
          88          89   1.2818791523058981     
          89          90   1.2694486035131398     
          90          91   1.5791555825901125     
          91          92   1.2621631546287089     
          89          93   1.2506870009970537     
          92          93   1.2203586834908695     
          92          94   1.3409907229733764     
          94          95   1.0572661893110076     
          95          96   1.4133718624915557     
          96          97   1.4610135427803896     
          97          98   1.3833164325846212     
          98          99   1.1442439824869211     
          99         100  0.97072237729949440     
          98         101   1.3690840485667184     
          95         102   1.4025738934494461     
         101         102   1.4776472790064981     
          94         103   1.3554689262007518     
         103         104   1.1558230299430823     
         104         105   1.7040070072854885     
          68         106   1.3838283591722667     
         105         106   1.1483734621763952     
         103         107   1.3800898911282344     
         106         107   1.3747618012930392     
          68         108  0.99640232340233703     
          70         109  0.99320883001879090     
          71         110  0.99920435443846245     
          73         111  0.96120048961348170     
          76         112  0.98970097716993533     
          77         113  0.99123540755580986     
          79         114  0.97158820331786211     
          80         115  0.99620364701682440     
          80         116  0.99837013919680662     
          80         117   1.0056025235058035     
          81         118  0.98927481845399312     
          82         119  0.98949159426685018     
          84         120  0.99896539871054468     
          85         121  0.99955697595506154     
          90         122  0.99859622302469264     
          91         123  0.99841320254378629     
          93         124  0.96015631373259758     
          96         125  0.98986805453999382     
          97         126  0.99147347142615894     
          99         127  0.97113364884110209     
         100         128   1.0059131660237357     
         100         129  0.99590821123966067     
         100         130  0.99839731034454082     
         101         131  0.98907920656874271     
         102         132  0.98935289363657664     
         104         133  0.99977810036358472     
         105         134  0.99367755518922352     
          21         135   1.2265082339522830     
         135         136   2.4551327210327529     
         136         137   1.3691799987464395     
         135         138  0.16615384187473847     
         137         138   2.3355543042284403     
         138         139   1.3977353770028067     
         137         140  0.16011144129197577     
         139         140   2.3337460464717741     
         140         141   1.3720447163769116     
         139         142  0.16548196683514818     
         141         142   2.4493047491582254     
         143         144   2.4480880849231270     
         144         145   1.3732793742384313     
         143         146  0.16527335335513207     
         145         146   2.3312732589531220     
         146         147   1.4001402342340676     
         145         148  0.15968605012659834     
         147         148   2.3314170202945483     
         148         149   1.3731157688434552     
         147         150  0.16539772518602830     
         149         150   2.4485398765624242     
         151         152   2.4486839939738494     
         152         153   1.3731103079390725     
         151         154  0.16543179721292212     
         153         154   2.3314810380398443     
         154         155   1.4001276484474652     
         153         156  0.15971869944100148     
         155         156   2.3312900876100962     
         156         157   1.3732558139406030     
         155         158  0.16531274950762079     
         157         158   2.4481174944347326     
         159         160   2.4494974076162794     
         160         161   1.3720569107143274     
         159         162  0.16560661155401724     
         161         162   2.3338358969968565     
         162         163   1.3977640988937152     
         161         164  0.16021582732499662     
         163         164   2.3356001425201556     
         164         165   1.3692297886102633     
          88         166   1.2264678065955297     
         163         166  0.16626767086997579     
         165         166   2.4552403121199049     
         142         167   1.2320196609299623     
         167         168   1.2748188546950818     
         168         169   1.2745806643681199     
         169         170   1.5717982607431147     
         170         171   1.2685526244299625     
         168         172   1.2524668768208835     
         171         172   1.2193914911200203     
         171         173   1.3331779051797383     
         173         174   1.0551307470662341     
         174         175   1.4033772660622597     
         175         176   1.4775008544177453     
         176         177   1.3697154752823788     
         177         178   1.1440959947567646     
         178         179  0.97083045424917691     
         177         180   1.3832942345490311     
         174         181   1.4150303158839199     
         180         181   1.4601997475968120     
         173         182   1.3722783436730126     
         182         183   1.1645256873025271     
         183         184   1.6880967793978372     
         182         185   1.3490117704961575     
         184         186   1.1695127667309260     
         185         186   1.4180473986868454     
         143         187   1.2329421338233750     
         186         187   1.2783024154362748     
         187         188   1.2751802318859820     
         188         189   1.2745331078308029     
         189         190   1.5723889641346012     
         190         191   1.2683476238749127     
         188         192   1.2525057153027519     
         191         192   1.2199980908211925     
         191         193   1.3326610360668494     
         193         194   1.0549824567655719     
         194         195   1.4145316832182511     
         195         196   1.4611959525503393     
         196         197   1.3830658150340760     
         197         198   1.1440976780002070     
         198         199  0.97076086504470416     
         197         200   1.3699994639482107     
         194         201   1.4039144678197681     
         200         201   1.4765320160835553     
         193         202   1.3729270548061365     
         202         203   1.1644187990231278     
         203         204   1.6880242055808883     
         167         205   1.2783330412046710     
         204         205   1.1693606000551779     
         202         206   1.3487208431438555     
         205         206   1.4177246385874305     
         169         207  0.99887579435414053     
         170         208  0.99913757987929241     
         172         209  0.96155343149445560     
         175         210  0.98940007698697996     
         176         211  0.98921904158896823     
         178         212  0.97160026212615580     
         179         213  0.99548794374624494     
         179         214  0.99853754132410921     
         179         215   1.0059468526691038     
         180         216  0.99103587509479230     
         181         217  0.98974802504195214     
         183         218  0.99932302464875566     
         184         219  0.99974793760832248     
         189         220  0.99870801952103094     
         190         221  0.99885970745522212     
         192         222  0.96171313965543603     
         195         223  0.98997338669111912     
         196         224  0.99103761793267453     
         198         225  0.97170043064150713     
         199         226   1.0059993190103911     
         199         227  0.99854286717233098     
         199         228  0.99534136593391653     
         200         229  0.98918902294691768     
         201         230  0.98915824650381390     
         203         231  0.99953890065829143     
         204         232  0.99984584722279235     
         150         233   1.2324968685515318     
         233         234   1.2755150022779771     
         234         235   1.2742845276486683     
         235         236   1.5727525758463443     
         236         237   1.2681063573885052     
         234         238   1.2522473054315930     
         237         238   1.2200005895347459     
         237         239   1.3333163396747105     
         239         240   1.0554307622658594     
         240         241   1.4030226710534293     
         241         242   1.4777008972656733     
         242         243   1.3694981643739728     
         243         244   1.1444329434698468     
         244         245  0.97070275404735762     
         243         246   1.3831794441449596     
         240         247   1.4149267722233547     
         246         247   1.4603301818584338     
         239         248   1.3719420303925234     
         248         249   1.1644763879584032     
         249         250   1.6882998787040655     
         248         251   1.3496289146385980     
         250         252   1.1694317528977149     
         251         252   1.4175091032953133     
         151         253   1.2324177594316443     
         252         253   1.2789099625730456     
         253         254   1.2756704754374559     
         254         255   1.2742079067082963     
         255         256   1.5730883606580235     
         256         257   1.2679848644771814     
         254         258   1.2523913603753007     
         257         258   1.2200736527405871     
         257         259   1.3333423222747822     
         259         260   1.0550636849312416     
         260         261   1.4145989927483236     
         261         262   1.4611908789639543     
         262         263   1.3830693156443554     
         263         264   1.1442108559628634     
         264         265  0.97070005461095776     
         263         266   1.3698998329659902     
         260         267   1.4037087121639966     
         266         267   1.4766358652454075     
         259         268   1.3722324660508807     
         268         269   1.1645401191528715     
         269         270   1.6881401011999537     
         233         271   1.2787017337900479     
         270         271   1.1693810956234671     
         268         272   1.3493795520914891     
         271         272   1.4176648652975239     
         235         273  0.99874288796879551     
         236         274  0.99899774354285087     
         238         275  0.96152148956604633     
         241         276  0.98940176505023836     
         242         277  0.98920358517412843     
         244         278  0.97157168935562377     
         245         279  0.99538969877456396     
         245         280  0.99853221697793204     
         245         281   1.0059532312606829     
         246         282  0.99101916703801773     
         247         283  0.98973050320580047     
         249         284  0.99933934440349337     
         250         285  0.99976563866368118     
         255         286  0.99873594347406280     
         256         287  0.99887111729039180     
         258         288  0.96160870392577436     
         261         289  0.98995547458413291     
         262         290  0.99103642344128229     
         264         291  0.97169850834212834     
         265         292   1.0059993364308975     
         265         293  0.99854054060914210     
         265         294  0.99530145898884725     
         266         295  0.98918168985085497     
         267         296  0.98914313903206663     
         269         297  0.99947164523054788     
         270         298  0.99978583025626222     
         158         299   1.2328948455027362     
         299         300   1.2750684855896233     
         300         301   1.2746603074702945     
         301         302   1.5719710377188834     
         302         303   1.2685765952221526     
         300         304   1.2523109281366365     
         303         304   1.2202061197302951     
         303         305   1.3322118900906204     
         305         306   1.0556647887133839     
         306         307   1.4030027729211862     
         307         308   1.4776828725262652     
         308         309   1.3694612170370959     
         309         310   1.1445469462063935     
         310         311  0.97064616668486015     
         309         312   1.3830634061995828     
         306         313   1.4147195030485336     
         312         313   1.4604946154547094     
         305         314   1.3729428966568584     
         314         315   1.1643432759945331     
         315         316   1.6884112035409213     
         314         317   1.3486920748547784     
         316         318   1.1691746447498215     
         317         318   1.4179785533674525     
         159         319   1.2318815720896636     
         318         319   1.2784388071461701     
         319         320   1.2751892961137024     
         320         321   1.2742105775546611     
         321         322   1.5725019656994275     
         322         323   1.2682739842891269     
         320         324   1.2527065069392900     
         323         324   1.2193030534859928     
         323         325   1.3335851225264166     
         325         326   1.0551942103285652     
         326         327   1.4144373120039333     
         327         328   1.4613155831685645     
         328         329   1.3830954387561314     
         329         330   1.1440283846899781     
         330         331  0.97069395238293987     
         329         332   1.3700563015641447     
         326         333   1.4038813085842323     
         332         333   1.4764580893251433     
         325         334   1.3718497456576402     
         334         335   1.1646700296064676     
         335         336   1.6877850513929993     
         299         337   1.2783946831990649     
         336         337   1.1695536390297212     
         334         338   1.3492658132487778     
         337         338   1.4177389050921851     
         301         339  0.99871469812798830     
         302         340  0.99898467748565845     
         304         341  0.96156290138361677     
         307         342  0.98943658687821867     
         308         343  0.98922707251020536     
         310         344  0.97156664070209153     
         311         345  0.99534546002789670     
         311         346  0.99852683832328570     
         311         347   1.0059506574798853     
         312         348  0.99100482177379356     
         313         349  0.98973306176131659     
         315         350  0.99934058925396418     
         316         351  0.99980412752831438     
         321         352  0.99884150871906840     
         322         353  0.99894773258012726     
         324         354  0.96161156493829703     
         327         355  0.98995367873173079     
         328         356  0.99102288918775472     
         330         357  0.97181013790011561     
         331         358   1.0060153843841546     
         331         359  0.99854131368933363     
         331         360  0.99524343943227134     
         332         361  0.98923631571057680     
         333         362  0.98919117324481864     
         335         363  0.99945995222754014     
         336         364  0.99976863744482958     
