    0.25669211
   -0.02378458
    0.05285167
   -0.04313764
   -0.04086369
    0.05612697
   -0.21670131
    0.00699083
    0.02597154
   -0.01628416
    0.05269279
   -0.26111049
    0.05256184
   -0.01636186
    0.05550153
   -0.03924228
   -0.03988820
   -0.21450826
    0.05929712
    0.01580642
    0.05929699
   -0.03957021
   -0.03897180
    0.05576572
   -0.21463123
    0.00591748
    0.02528013
   -0.01634650
    0.05212350
   -0.26109481
    0.05283982
   -0.01559464
    0.05616733
   -0.04058456
   -0.04299779
    0.05287803
   -0.21645150
    0.01919938
    0.02167400
    0.01724930
    0.02223206
    0.02513918
    0.02479196
    0.02172110
    0.01911489
    0.02074876
    0.02076028
    0.01815917
    0.02153109
    0.02425093
    0.02579749
    0.02309942
    0.01617391
    0.02182875
    0.25668733
   -0.02378461
    0.05285205
   -0.04313590
   -0.04086316
    0.05612867
   -0.21669697
    0.00698731
    0.02597158
   -0.01627767
    0.05269389
   -0.26110997
    0.05256135
   -0.01636654
    0.05550472
   -0.03924453
   -0.03988151
   -0.21452253
    0.05931020
    0.01580520
    0.05928289
   -0.03957611
   -0.03896962
    0.05576018
   -0.21461882
    0.00591881
    0.02528123
   -0.01634883
    0.05212384
   -0.26109367
    0.05284123
   -0.01559014
    0.05616820
   -0.04058496
   -0.04299940
    0.05287851
   -0.21645549
    0.01920041
    0.02167496
    0.01724970
    0.02223349
    0.02514098
    0.02478944
    0.02171938
    0.01910963
    0.02074531
    0.02076347
    0.01815712
    0.02152959
    0.02425169
    0.02580039
    0.02310717
    0.01617750
    0.02182697
   -0.01895284
   -0.01895148
   -0.02386472
   -0.01729441
   -0.02386346
   -0.01729630
