           2           3   1.3929278509394607     
           3           4   1.2067421258255786     
           4           5   1.6319950489180164     
           5           6   1.2135972189266957     
           1           7  0.87067613953952994     
           3           7   1.2212491973570143     
           6           7   1.2295268417980190     
           6           8   1.3586028731516211     
           8           9   1.0546518143856511     
           9          10   1.4054610083234993     
          10          11   1.4761425826533994     
          11          12   1.3703479691998655     
          12          13   1.1402176642005142     
          13          14  0.97161898141919256     
          12          15   1.3846532719192290     
           9          16   1.4160569818650985     
          15          16   1.4594905645798095     
           8          17   1.3696852825947268     
          17          18   1.2183316166769511     
          18          19   1.6213371477726142     
           1          20  0.86590476900914892     
          17          20   1.2176522060146120     
          19          21   1.2304034088864300     
          20          21   1.2480387098222609     
          21          22   1.3046070142656869     
          22          23   1.3037409739928167     
          23          24   1.2310516184852700     
          24          25   1.6205082326747104     
          25          26   1.2189236371339842     
           1          27  0.86572101419704539     
          23          27   1.2477085582470222     
          26          27   1.2178911596482163     
          26          28   1.3686779936969586     
          28          29   1.0553328988381339     
          29          30   1.4158399048388115     
          30          31   1.4601827969133003     
          31          32   1.3838371893868793     
          32          33   1.1410553929370670     
          33          34  0.97118982279546950     
          32          35   1.3704620243377250     
          29          36   1.4048130379539461     
          35          36   1.4759868270785319     
          28          37   1.3590639120175023     
          37          38   1.2132512785751848     
          38          39   1.6323726153662617     
           2          40   1.3927323986789693     
          39          40   1.2066585591766594     
           1          41  0.87045574710109497     
          37          41   1.2290958570214283     
          40          41   1.2217880736757218     
           2          42  0.99689871022133880     
           4          43  0.99410456902926037     
           5          44  0.99968324724950364     
          10          45  0.99056156045220944     
          11          46  0.98978043627259527     
          13          47  0.97249480257799170     
          14          48   1.0059853777784449     
          14          49  0.99647304493061317     
          14          50  0.99901547436502458     
          15          51  0.99152387030072209     
          16          52  0.99029029770910404     
          18          53  0.99877549847235414     
          19          54  0.99723336580884159     
          24          55  0.99698639371685560     
          25          56  0.99872175766123905     
          30          57  0.99037939346717774     
          31          58  0.99117748287284813     
          33          59  0.97266505883411192     
          34          60   1.0063505553778020     
          34          61  0.99901953946058120     
          34          62  0.99541623892972753     
          35          63  0.98985809465140984     
          36          64  0.99036025597257293     
          38          65  0.99956004086600880     
          39          66  0.99405828216388936     
          68          69   1.3927073707931732     
          69          70   1.2066705951963796     
          70          71   1.6320841013046525     
          71          72   1.2134249940049004     
          67          73  0.87061597952325520     
          69          73   1.2214466354376461     
          72          73   1.2292002512790063     
          72          74   1.3589786021564723     
          74          75   1.0544915392253107     
          75          76   1.4057623186486592     
          76          77   1.4758518009804018     
          77          78   1.3708834697809011     
          78          79   1.1394102394054977     
          79          80  0.97167851544118355     
          78          81   1.3850586923757171     
          75          82   1.4161911207738009     
          81          82   1.4593910329404840     
          74          83   1.3693625824798334     
          83          84   1.2186140668435981     
          84          85   1.6208975871128000     
          67          86  0.86630476565169556     
          83          86   1.2175417098679320     
          85          87   1.2309799993357604     
          86          87   1.2476509810714287     
          87          88   1.3040294037570608     
          88          89   1.3040512634450643     
          89          90   1.2310002686237844     
          90          91   1.6204831503154535     
          91          92   1.2188375854236213     
          67          93  0.86581425286382441     
          89          93   1.2475813112649987     
          92          93   1.2179423914198233     
          92          94   1.3687037306085905     
          94          95   1.0549130457625533     
          95          96   1.4163039916979898     
          96          97   1.4597665631467509     
          97          98   1.3843186336466839     
          98          99   1.1403582122742555     
          99         100  0.97161801964200389     
          98         101   1.3709258615474127     
          95         102   1.4050568039027074     
         101         102   1.4757485698991308     
          94         103   1.3592648918749355     
         103         104   1.2130279064522529     
         104         105   1.6325539989290234     
          68         106   1.3929399676998382     
         105         106   1.2065054538478455     
          67         107  0.87069227811065175     
         103         107   1.2291238717689839     
         106         107   1.2216363454262353     
          68         108  0.99689581476908229     
          70         109  0.99410970860424619     
          71         110  0.99967839372855560     
          76         111  0.99054091841240566     
          77         112  0.98980227334935156     
          79         113  0.97289077517917555     
          80         114   1.0061032304175943     
          80         115  0.99640457827055995     
          80         116  0.99901712203187043     
          81         117  0.99149057965686493     
          82         118  0.99022928226433915     
          84         119  0.99884722260600645     
          85         120  0.99663980639187144     
          90         121  0.99712581303545966     
          91         122  0.99880776733946264     
          96         123  0.99042848408924056     
          97         124  0.99123873716306476     
          99         125  0.97289142623615688     
         100         126   1.0063811013510384     
         100         127  0.99900742461324310     
         100         128  0.99549708399427617     
         101         129  0.98985959954386393     
         102         130  0.99037904215281114     
         104         131  0.99960340899086664     
         105         132  0.99407320878270711     
          22         133   1.2066244662043946     
         133         134   2.6260245589702675     
          88         136   1.2067449945632767     
         135         136   2.6260183274863036     
         134         138   1.2093464007103885     
         138         139   1.3023072119282602     
         139         140   1.2325767983224181     
         140         141   1.6191115774572369     
         141         142   1.2216776192789185     
         137         143  0.87509114683541200     
         139         143   1.2445506051439663     
         142         143   1.2145958588747814     
         142         144   1.3657468357309432     
         144         145   1.0465992512238469     
         145         146   1.4097995766706695     
         146         147   1.4733456482683771     
         147         148   1.3727576782720661     
         148         149   1.1384819009957490     
         149         150  0.97210930156064712     
         148         151   1.3858682371639004     
         145         152   1.4205127982661920     
         151         152   1.4574518142523520     
         144         153   1.3666499514489989     
         153         154   1.2215008884405474     
         154         155   1.6185780322942027     
         137         156  0.87522351174105728     
         153         156   1.2138067942747190     
         155         157   1.2332714939744240     
         156         157   1.2451983136337679     
         135         158   1.2095287584585428     
         157         158   1.3010393398054376     
         158         159   1.2997101051436390     
         159         160   1.2357237224464510     
         160         161   1.6133092543760108     
         161         162   1.2249047997643538     
         137         163  0.87310146831478208     
         159         163   1.2428804466873966     
         162         163   1.2174520662368529     
         162         164   1.3581073233785064     
         164         165   1.0663402099042301     
         165         166   1.4102478030982009     
         166         167   1.4629239086105295     
         167         168   1.3817694067281461     
         168         169   1.1437858443057478     
         169         170  0.97108577358374082     
         168         171   1.3676606456284686     
         165         172   1.4002577680744999     
         171         172   1.4796565306826159     
         164         173   1.3596422513685120     
         173         174   1.2244234543045263     
         174         175   1.6135515411390764     
         138         176   1.2987581512646378     
         175         176   1.2356786780019873     
         137         177  0.87207120526638737     
         173         177   1.2160569767963465     
         176         177   1.2445205790624052     
         140         178  0.99698024692099607     
         141         179  0.99970560313121126     
         146         180  0.99010169683273452     
         147         181  0.98993690852717875     
         149         182  0.97304502489250244     
         150         183   1.0063624726046345     
         150         184  0.99569303334235426     
         150         185  0.99909168275461324     
         151         186  0.99151181656299725     
         152         187  0.99066412367509959     
         154         188  0.99980122352998080     
         155         189  0.99662671341623787     
         160         190  0.99690385356489741     
         161         191  0.99907364419038336     
         166         192  0.99065038431911057     
         167         193  0.99156586524563128     
         169         194  0.97116669198510952     
         170         195  0.99631632076449395     
         170         196  0.99903171431847571     
         170         197   1.0060577098084473     
         171         198  0.98950967407311063     
         172         199  0.99056622716212284     
         174         200  0.99899353067904240     
         175         201  0.99687865649328367     
