           2           3   1.3948029419833536     
           3           4   1.1980699465949460     
           4           5   1.6450532143168617     
           5           6   1.2056129439103251     
           1           7  0.70914214167476852     
           3           7   1.2461424155278782     
           6           7   1.2482830080996397     
           6           8   1.3746477929054548     
           8           9   1.0284758110120682     
           9          10   1.4213344849513299     
          10          11   1.0189011612148660     
          10          12   1.4351864628334119     
          12          13   1.4328295223602563     
          13          14   1.0091687622592376     
          13          15   1.4314822032047960     
           9          16   1.4202357310766838     
          15          16   1.4364242669158649     
          16          17   1.0188170351181307     
           8          18   1.3832731108423340     
          18          19   1.2097185643689350     
          19          20   1.6348511919164639     
           1          21  0.70517097349802316     
          18          21   1.2363777339739845     
          20          22   1.2178584058127682     
          21          22   1.2692360706266330     
          22          23   1.3069852297071838     
          23          24   1.3071202242817090     
          24          25   1.2179375845820275     
          25          26   1.6348719627224648     
          26          27   1.2094839365797021     
           1          28  0.70497417903925408     
          24          28   1.2696162392565515     
          27          28   1.2359032697934729     
          27          29   1.3839632235122163     
          29          30   1.0285308800312352     
          30          31   1.4174289054370235     
          31          32   1.0188438142369307     
          31          33   1.4398219960974632     
          33          34   1.4281972601462587     
          34          35   1.0090678070452890     
          34          36   1.4362110306298281     
          30          37   1.4241130803557380     
          36          37   1.4318139802822691     
          37          38   1.0188619266157273     
          29          39   1.3738974724468680     
          39          40   1.2057836482457414     
          40          41   1.6449618477891428     
           2          42   1.3949750139626784     
          41          42   1.1980219706790689     
           1          43  0.70927062531264917     
          39          43   1.2487234437383532     
          42          43   1.2457611822433718     
           2          44  0.99790369270401613     
           4          45  0.99465616716117022     
           5          46   1.0014016766257745     
          11          47  0.99403864063031611     
          11          48  0.99434197239990185     
          11          49  0.99692128660280488     
          12          50  0.99407002032687342     
          14          51  0.99787936882232509     
          14          52  0.98753125313972212     
          14          53  0.99886105702931782     
          15          54  0.99417791772763275     
          17          55  0.99340785848594848     
          17          56  0.99690889899368640     
          17          57  0.99475134136792598     
          19          58   1.0007011735997171     
          20          59  0.99920498622911869     
          25          60  0.99914904830146201     
          26          61   1.0006955548890009     
          32          62  0.99491571997292405     
          32          63  0.99681768899636747     
          32          64  0.99333401871829963     
          33          65  0.99448271720726122     
          35          66  0.99466619004900036     
          35          67   1.0005144676594928     
          35          68  0.98920535634254969     
          36          69  0.99377486717979624     
          38          70  0.99387821704944868     
          38          71  0.99440685135532003     
          38          72  0.99696996754422995     
          40          73   1.0014213556814966     
          41          74  0.99467010454635940     
          76          77   1.3938648844495365     
          77          78   1.1981920163467159     
          78          79   1.6449977920305594     
          79          80   1.2054354434925780     
          75          81  0.71145897605842423     
          77          81   1.2456873988072166     
          80          81   1.2469286295590332     
          80          82   1.3747104332312763     
          82          83   1.0285495397584687     
          83          84   1.4217325424933900     
          84          85   1.0189370097009560     
          84          86   1.4347329063869367     
          86          87   1.4332500452991399     
          87          88   1.0091625202550296     
          87          89   1.4310754334129572     
          83          90   1.4198327531590007     
          89          90   1.4368031114371662     
          90          91   1.0187506261991046     
          82          92   1.3827067056010924     
          92          93   1.2098279095699673     
          93          94   1.6347873034557854     
          75          95  0.70716992661228628     
          92          95   1.2359569465919396     
          94          96   1.2176353806105420     
          95          96   1.2675049615835945     
          96          97   1.3074194122072116     
          97          98   1.3065968146542628     
          98          99   1.2180402011234370     
          99         100   1.6346279105203005     
         100         101   1.2096107061720704     
          75         102  0.70721406109857510     
          98         102   1.2681410290699582     
         101         102   1.2352868229326313     
         101         103   1.3830590168847845     
         103         104   1.0286259494631751     
         104         105   1.4173786087914546     
         105         106   1.0188485636547535     
         105         107   1.4397097219999977     
         107         108   1.4283138185144648     
         108         109   1.0090735814276999     
         108         110   1.4360893180963779     
         104         111   1.4241463223424180     
         110         111   1.4318756102734966     
         111         112   1.0188128415818347     
         103         113   1.3743023047016341     
         113         114   1.2055939771196758     
         114         115   1.6451253088267281     
          76         116   1.3954102685439405     
         115         116   1.1977821883549542     
          75         117  0.71139106288607024     
         113         117   1.2478054056763919     
         116         117   1.2447041731076445     
          76         118  0.99787071072650568     
          78         119  0.99471150129285280     
          79         120   1.0014032912711930     
          85         121  0.99413003535478128     
          85         122  0.99428265273448635     
          85         123  0.99690369712277871     
          86         124  0.99406089823686172     
          88         125  0.99760585787274891     
          88         126  0.98758861872146686     
          88         127  0.99907641014329773     
          89         128  0.99419152473649863     
          91         129  0.99352823844295113     
          91         130  0.99694501701894422     
          91         131  0.99463994257213839     
          93         132   1.0006806117859000     
          94         133  0.99923811080978020     
          99         134  0.99920490097154802     
         100         135   1.0006871121138310     
         106         136  0.99487779178459190     
         106         137  0.99679783987431891     
         106         138  0.99340507733482042     
         107         139  0.99446372792360871     
         109         140  0.99488609355415336     
         109         141   1.0004358314432085     
         109         142  0.98905719902196121     
         110         143  0.99380465233586501     
         112         144  0.99390788466914026     
         112         145  0.99438213007442788     
         112         146  0.99699252811410799     
         114         147   1.0014008186691836     
         115         148  0.99473968303043436     
          23         149   1.2095426160321243     
         149         150   2.4809206306309353     
         150         151   1.3566607359973106     
         149         152  0.17249251133766580     
         151         152   2.3558050549780081     
         152         153   1.3857681523330920     
         151         154  0.16670964331774901     
         153         154   2.3544148782381833     
         154         155   1.3586639907761566     
         153         156  0.17227114329047671     
         155         156   2.4762598239791749     
         157         158   2.4700512878307821     
         158         159   1.3640565406114411     
         157         160  0.17255657247992104     
         159         160   2.3464489715889645     
         160         161   1.3923205256905902     
         159         162  0.16681239470375547     
         161         162   2.3465312392727968     
         162         163   1.3639548834790625     
         161         164  0.17260074618092625     
         163         164   2.4704688316361922     
         165         166   2.4775526269607111     
         166         167   1.3578065300520477     
         165         168  0.17226565498441279     
         167         168   2.3555471431217976     
         168         169   1.3848559725312808     
         167         170  0.16664195417188452     
         169         170   2.3569275054516341     
         170         171   1.3558421542532926     
          97         172   1.2092651115365363     
         169         172  0.17234936123609260     
         171         172   2.4815771131084543     
         156         174   1.2142384864174363     
         174         175   1.3036240065008804     
         175         176   1.2197031365216842     
         176         177   1.6316283764167849     
         177         178   1.2126950404540859     
         173         179  0.70557931279288488     
         175         179   1.2682885513768301     
         178         179   1.2366817793096685     
         178         180   1.3771746149050417     
         180         181   1.0292721737342720     
         181         182   1.4205301026142076     
         182         183   1.0188371007348105     
         182         184   1.4361050756947067     
         184         185   1.4319418092345622     
         185         186   1.0093008218638220     
         185         187   1.4323981675685553     
         181         188   1.4206507866539269     
         187         188   1.4357542334867730     
         188         189   1.0187796257032795     
         180         190   1.3795403355209088     
         190         191   1.2122571519389076     
         191         192   1.6316838822449011     
         173         193  0.70545681953541872     
         190         193   1.2345665018859784     
         192         194   1.2200718655638447     
         193         194   1.2712440463904193     
         157         195   1.2183543682064435     
         194         195   1.3001568759188191     
         195         196   1.3014402491175243     
         196         197   1.2196333517525502     
         197         198   1.6321140473199733     
         198         199   1.2119037438852105     
         173         200  0.70548132443047296     
         196         200   1.2709732646268970     
         199         200   1.2345197279131630     
         199         201   1.3807139591111859     
         201         202   1.0293733808168584     
         202         203   1.4211374214723900     
         203         204   1.0188220119086493     
         203         205   1.4350673616597542     
         205         206   1.4331072172649397     
         206         207   1.0093010281134032     
         206         208   1.4312181101224584     
         202         209   1.4199480937770761     
         208         209   1.4368536835294501     
         209         210   1.0187540452682531     
         201         211   1.3759423544182188     
         211         212   1.2129920109114338     
         212         213   1.6311059012681082     
         174         214   1.3021063300249998     
         213         214   1.2202681147334884     
         173         215  0.70550085026642895     
         211         215   1.2367103319662980     
         214         215   1.2685227087486561     
         176         216  0.99929507304113752     
         177         217   1.0009778193605556     
         183         218  0.99349430285892382     
         183         219  0.99675615559213759     
         183         220  0.99462997907665240     
         184         221  0.99414376617413680     
         186         222  0.98760078687604580     
         186         223  0.99846561640141018     
         186         224  0.99799463179685755     
         187         225  0.99404447218695480     
         189         226  0.99363317909853321     
         189         227  0.99460951846963774     
         189         228  0.99681196338221356     
         191         229   1.0009319026711976     
         192         230  0.99925190682691944     
         197         231  0.99926028857261162     
         198         232   1.0009029328350023     
         204         233  0.99346813107330034     
         204         234  0.99673258489318650     
         204         235  0.99477278430943761     
         205         236  0.99400071917205146     
         207         237  0.99752459131575677     
         207         238  0.98767007731519729     
         207         239  0.99887210614994493     
         208         240  0.99419761401517071     
         210         241  0.99675237653508175     
         210         242  0.99477770654097419     
         210         243  0.99336466736435747     
         212         244   1.0009937817285401     
         213         245  0.99927983382792296     
         164         247   1.2178605172574346     
         247         248   1.3014243277062603     
         248         249   1.2198022875035825     
         249         250   1.6318281810642719     
         250         251   1.2126149071431567     
         246         252  0.70343080288791815     
         248         252   1.2710305414749725     
         251         252   1.2363492381245176     
         251         253   1.3787130527055935     
         253         254   1.0291062485410996     
         254         255   1.4204788028008666     
         255         256   1.0188875716061530     
         255         257   1.4361722878617675     
         257         258   1.4320028742735957     
         258         259   1.0092998738169858     
         258         260   1.4323484130300037     
         254         261   1.4207875885547043     
         260         261   1.4356963791799304     
         261         262   1.0187926950337900     
         253         263   1.3786466498926373     
         263         264   1.2121988648566357     
         264         265   1.6318985105140773     
         246         266  0.70369795750338493     
         263         266   1.2366644781161915     
         265         267   1.2199261243708246     
         266         267   1.2702234424159482     
         165         268   1.2131782081009370     
         267         268   1.3034997989697772     
         268         269   1.3037284135107392     
         269         270   1.2200636336327955     
         270         271   1.6312439349344285     
         271         272   1.2131899538435145     
         246         273  0.70346893873441119     
         269         273   1.2687773643709244     
         272         273   1.2383627946178430     
         272         274   1.3756030593970683     
         274         275   1.0292286094459362     
         275         276   1.4210236630000701     
         276         277   1.0188801996853198     
         276         278   1.4355046691315922     
         278         279   1.4327207511090077     
         279         280   1.0093040578429655     
         279         281   1.4316098180419627     
         275         282   1.4201296551970184     
         281         282   1.4364431997508347     
         282         283   1.0187489031504977     
         274         284   1.3816605105069764     
         284         285   1.2116185192154250     
         285         286   1.6323538013455787     
         247         287   1.3010894224353950     
         286         287   1.2196925387402329     
         246         288  0.70363710113283884     
         284         288   1.2345775142296034     
         287         288   1.2725490620541713     
         249         289  0.99924752224526769     
         250         290   1.0009246336531925     
         256         291  0.99360037114091870     
         256         292  0.99674940608605367     
         256         293  0.99458318496833653     
         257         294  0.99411190275984418     
         259         295  0.98760001390582186     
         259         296  0.99832422055543490     
         259         297  0.99813776882370997     
         260         298  0.99406406566949179     
         262         299  0.99367586049815593     
         262         300  0.99446408273386966     
         262         301  0.99685827266113836     
         264         302   1.0010222558219932     
         265         303  0.99924750835701281     
         270         304  0.99926350981304446     
         271         305   1.0010072781630726     
         277         306  0.99335764951456751     
         277         307  0.99668500798917536     
         277         308  0.99479664498200804     
         278         309  0.99405407210324959     
         280         310  0.99784960134082679     
         280         311  0.98761962124444858     
         280         312  0.99859300093669090     
         281         313  0.99413544338147419     
         283         314  0.99682277748448977     
         283         315  0.99469379815941006     
         283         316  0.99348674584435748     
         285         317   1.0009142434439482     
         286         318  0.99919398173870067     
