   -0.02344110
    0.06103346
   -0.03641985
   -0.03300126
    0.06233364
   -0.15993123
    0.00940480
   -0.00551195
   -0.02448310
   -0.03499755
    0.06752333
   -0.19013758
    0.00728376
    0.00722474
   -0.03576382
   -0.02631052
    0.05853128
   -0.03768120
   -0.03927411
   -0.28597833
    0.06364628
    0.01625441
    0.06595279
   -0.03419637
   -0.03261116
    0.06159724
   -0.15751415
    0.00894006
   -0.00558050
   -0.02510837
   -0.03543111
    0.06753731
   -0.19033616
    0.00733954
    0.00728362
   -0.03538215
   -0.02577535
    0.06009699
   -0.03781733
   -0.04112303
    0.05794961
   -0.28850454
    0.02640783
    0.03683263
    0.02645216
    0.16290673
    0.02008484
    0.02552075
    0.02930387
    0.03488197
    0.02688164
    0.02941171
    0.02580183
    0.03513591
    0.02439318
    0.01947699
    0.01721950
    0.02300419
    0.03349751
    0.02723593
    0.16160343
    0.01917003
    0.02471094
    0.03508366
    0.03083528
    0.02578639
    0.02567626
    0.03491897
    0.03004758
    0.02509671
    0.02035544
    0.01684821
    0.02693415
   -0.02344379
    0.06103271
   -0.03642277
   -0.03300069
    0.06233101
   -0.15993163
    0.00940440
   -0.00551654
   -0.02446348
   -0.03498428
    0.06752427
   -0.19013986
    0.00728564
    0.00722170
   -0.03577646
   -0.02632030
    0.05852635
   -0.03767732
   -0.03927705
   -0.28596282
    0.06365791
    0.01625494
    0.06594453
   -0.03420611
   -0.03261682
    0.06158794
   -0.15751093
    0.00893133
   -0.00558467
   -0.02510430
   -0.03543832
    0.06753947
   -0.19032311
    0.00734199
    0.00728637
   -0.03539424
   -0.02577358
    0.06009528
   -0.03781857
   -0.04112584
    0.05794870
   -0.28850736
    0.02640861
    0.03683180
    0.02645401
    0.16290312
    0.02011947
    0.02556049
    0.02932910
    0.03489112
    0.02690536
    0.02941626
    0.02577756
    0.03512683
    0.02437626
    0.01946034
    0.01720244
    0.02300973
    0.03348764
    0.02722072
    0.16159953
    0.01916802
    0.02470977
    0.03508776
    0.03082239
    0.02580471
    0.02569038
    0.03491629
    0.03003463
    0.02509702
    0.02036270
    0.01684196
    0.02693119
   -0.01697968
   -0.01941360
   -0.02136866
   -0.01902388
   -0.02345730
   -0.01650321
   -0.01800016
   -0.01842888
   -0.02223637
   -0.01799039
   -0.02253512
   -0.01745273
   -0.01800571
   -0.01792063
   -0.02226549
   -0.01745710
   -0.02212395
   -0.01748113
   -0.01791840
   -0.01800515
   -0.02212290
   -0.01748003
   -0.02226595
   -0.01745610
   -0.01842371
   -0.01800234
   -0.02253224
   -0.01745361
   -0.02224300
   -0.01798675
   -0.01941927
   -0.01698304
   -0.02345933
   -0.01650232
   -0.02137094
   -0.01903255
    0.01362888
    0.06540162
   -0.03635265
   -0.03334887
    0.06015708
   -0.15687649
    0.01196656
   -0.00486503
   -0.02548764
   -0.03546057
    0.06765851
   -0.19014267
    0.00738554
    0.00739399
   -0.03504200
   -0.02416595
    0.05764606
   -0.03788974
   -0.04019516
   -0.28553551
    0.06341062
    0.01505091
    0.06551919
   -0.03569741
   -0.03321980
    0.06040503
   -0.15660987
    0.01175833
   -0.00490792
   -0.02542079
   -0.03535749
    0.06762419
   -0.19028562
    0.00737595
    0.00741050
   -0.03518008
   -0.02430876
    0.05765220
   -0.03795725
   -0.04065888
    0.06322696
   -0.28599855
    0.03136904
    0.02558403
    0.16174421
    0.02012491
    0.02449789
    0.03473832
    0.02564205
    0.02992669
    0.02642104
    0.02949632
    0.03446445
    0.02508384
    0.01991413
    0.01628767
    0.02194345
    0.03222336
    0.02597059
    0.16169842
    0.02035324
    0.02475700
    0.02971151
    0.02595582
    0.03441116
    0.03043375
    0.03478001
    0.02562998
    0.02478431
    0.01964380
    0.01595551
    0.02111055
    0.01478212
    0.06549795
   -0.03581349
   -0.03317818
    0.06044529
   -0.15664614
    0.01194636
   -0.00490442
   -0.02543329
   -0.03538978
    0.06768707
   -0.19014430
    0.00741829
    0.00740753
   -0.03508135
   -0.02423596
    0.05783965
   -0.03777903
   -0.04016312
   -0.28558118
    0.06342450
    0.01490777
    0.06559427
   -0.03566685
   -0.03307181
    0.06048351
   -0.15663511
    0.01198247
   -0.00490021
   -0.02540307
   -0.03534523
    0.06768643
   -0.19018448
    0.00739848
    0.00742177
   -0.03510430
   -0.02425108
    0.05778123
   -0.03785390
   -0.04029464
    0.06335724
   -0.28557320
    0.03193610
    0.02589901
    0.16181290
    0.02030060
    0.02467628
    0.03475826
    0.02570081
    0.03012918
    0.02627515
    0.02954923
    0.03446132
    0.02498976
    0.01982424
    0.01632713
    0.02186467
    0.03216572
    0.02602619
    0.16180553
    0.02036079
    0.02475831
    0.02962548
    0.02614539
    0.03442606
    0.03028790
    0.03478941
    0.02568194
    0.02492060
    0.01977578
    0.01621413
    0.02166758
    0.01514413
    0.06561301
   -0.03554072
   -0.03299786
    0.06063403
   -0.15657618
    0.01200657
   -0.00493519
   -0.02542194
   -0.03534467
    0.06772302
   -0.19012380
    0.00742165
    0.00740386
   -0.03507541
   -0.02424660
    0.05796040
   -0.03772421
   -0.04008845
   -0.28546581
    0.06344564
    0.01514498
    0.06561331
   -0.03554434
   -0.03299728
    0.06063129
   -0.15656823
    0.01201039
   -0.00493744
   -0.02541760
   -0.03534663
    0.06772825
   -0.19011424
    0.00740379
    0.00742327
   -0.03507598
   -0.02424243
    0.05795457
   -0.03772319
   -0.04008903
    0.06344925
   -0.28546493
    0.03225105
    0.02612287
    0.16188048
    0.02038232
    0.02478188
    0.03483772
    0.02571669
    0.03024071
    0.02625446
    0.02961345
    0.03447473
    0.02501511
    0.01984677
    0.01641729
    0.02193995
    0.03224551
    0.02611581
    0.16187909
    0.02038101
    0.02478504
    0.02961596
    0.02623599
    0.03450032
    0.03024858
    0.03481809
    0.02573965
    0.02501693
    0.01984485
    0.01641915
    0.02194008
    0.01490707
    0.06559613
   -0.03566146
   -0.03307157
    0.06048653
   -0.15664241
    0.01197987
   -0.00489799
   -0.02540698
   -0.03534349
    0.06768180
   -0.19019256
    0.00742040
    0.00739897
   -0.03510387
   -0.02425456
    0.05778864
   -0.03785415
   -0.04029240
   -0.28557170
    0.06335570
    0.01478853
    0.06549851
   -0.03581418
   -0.03317652
    0.06044540
   -0.15663717
    0.01195052
   -0.00490563
   -0.02543023
   -0.03538930
    0.06768997
   -0.19013958
    0.00740674
    0.00741888
   -0.03508058
   -0.02423327
    0.05783570
   -0.03777739
   -0.04016279
    0.06342787
   -0.28558196
    0.03217174
    0.02603560
    0.16180747
    0.02036300
    0.02475611
    0.03481390
    0.02565895
    0.03027881
    0.02616716
    0.02962158
    0.03439881
    0.02491840
    0.01977597
    0.01621295
    0.02166745
    0.03193674
    0.02589707
    0.16181340
    0.02029941
    0.02467945
    0.02955165
    0.02626182
    0.03447776
    0.03013583
    0.03474524
    0.02571486
    0.02499260
    0.01982503
    0.01633072
    0.02186676
    0.01504509
    0.06552165
   -0.03569573
   -0.03322183
    0.06040493
   -0.15661543
    0.01176447
   -0.00489980
   -0.02541961
   -0.03534979
    0.06761624
   -0.19029488
    0.00741207
    0.00737496
   -0.03518968
   -0.02433015
    0.05765483
   -0.03796557
   -0.04065732
   -0.28600922
    0.06322437
    0.01362852
    0.06540311
   -0.03635138
   -0.03334985
    0.06015908
   -0.15687676
    0.01197527
   -0.00486007
   -0.02548842
   -0.03545140
    0.06765435
   -0.19015428
    0.00739102
    0.00738376
   -0.03503669
   -0.02417031
    0.05764337
   -0.03789029
   -0.04019630
    0.06341461
   -0.28553952
    0.03222390
    0.02597485
    0.16170383
    0.02036471
    0.02476135
    0.03479949
    0.02563043
    0.03041968
    0.02594473
    0.02968830
    0.03438440
    0.02474934
    0.01961897
    0.01596408
    0.02110439
    0.03137070
    0.02559571
    0.16174817
    0.02011493
    0.02449335
    0.02950511
    0.02640361
    0.03446720
    0.02993670
    0.03472755
    0.02562699
    0.02508330
    0.01991571
    0.01628969
    0.02194068
