    0.26304874
   -0.01996297
    0.05406705
   -0.04107889
   -0.04104539
    0.06151714
   -0.21206928
    0.00895775
   -0.02269695
   -0.03753671
    0.02684787
   -0.01966893
    0.05057338
   -0.26855465
    0.04953641
   -0.02104446
    0.06062166
   -0.03944705
   -0.03573249
   -0.20985590
    0.05951802
    0.01988249
    0.05949677
   -0.03575672
   -0.03944307
    0.06064147
   -0.20982783
    0.00894379
   -0.02272090
   -0.03754413
    0.02684069
   -0.01960343
    0.05058009
   -0.26854899
    0.04953846
   -0.02111155
    0.06148368
   -0.04107710
   -0.04108254
    0.05407284
   -0.21206764
    0.02012289
    0.02439094
    0.01982111
    0.03276913
    0.02707498
    0.02474197
    0.02960905
    0.02098508
    0.01806390
    0.01798167
    0.02100205
    0.03275030
    0.02711907
    0.02471946
    0.02962534
    0.01977507
    0.02437737
    0.26305731
   -0.01995868
    0.05405794
   -0.04107800
   -0.04104422
    0.06152719
   -0.21204311
    0.00896163
   -0.02269016
   -0.03753212
    0.02685099
   -0.01967632
    0.05057341
   -0.26855339
    0.04953842
   -0.02103311
    0.06061616
   -0.03944485
   -0.03572735
   -0.20987734
    0.05953434
    0.01988050
    0.05949728
   -0.03576082
   -0.03944519
    0.06063568
   -0.20982908
    0.00894543
   -0.02271961
   -0.03754078
    0.02684177
   -0.01960344
    0.05058032
   -0.26854788
    0.04953944
   -0.02110932
    0.06148383
   -0.04107629
   -0.04108244
    0.05406921
   -0.21205893
    0.02013026
    0.02439445
    0.01982517
    0.03277225
    0.02707339
    0.02474447
    0.02961125
    0.02098130
    0.01806885
    0.01798588
    0.02100294
    0.03274872
    0.02712061
    0.02471968
    0.02962719
    0.01977477
    0.02437832
   -0.02366572
   -0.02366600
