           2           3   1.3831666426828735     
           3           4   1.2002719201815710     
           4           5   1.6386771056289438     
           5           6   1.2077627366004058     
           1           7  0.56839065978303571     
           3           7   1.2838572546782379     
           6           7   1.2720926357220930     
           6           8   1.3657049135401542     
           8           9   1.3566662591096916     
           9          10   1.2222512594069119     
          10          11   1.6123081251545057     
           1          12  0.56125887978801070     
           9          12   1.2622048900466569     
          11          13   1.2325726078206598     
          12          13   1.3133386560940543     
          13          14   1.2779983042216898     
          14          15   1.2784413560778261     
          15          16   1.2325007032707962     
          16          17   1.6123167490229509     
          17          18   1.2222717994594909     
          18          19   1.3565158781347444     
          19          20   1.0542630338096148     
          20          21   1.4167712114646158     
          21          22   1.4667493287178364     
          22          23   1.3975328472960569     
          23          24   1.0428065011235541     
          24          25   1.2075941875648786     
          24          26   1.8129609128423310     
          25          26  0.18217877423353743     
          23          27   1.3972221973670498     
          20          28   1.4186496823951587     
          27          28   1.4644144392994394     
          19          29   1.3653662841345873     
          29          30   1.2077496778680421     
          30          31   1.6385677731208728     
           2          32   1.3832021908421548     
          31          32   1.2003596282694942     
           1          33  0.56882263899524432     
          29          33   1.2723169150580040     
          32          33   1.2836461470881189     
           1          34  0.56095449280617038     
          15          34   1.3132571412338472     
          18          34   1.2622982635237010     
           8          35   1.0537340271573072     
          35          36   1.4173449794338444     
          36          37   1.4664133117670153     
          37          38   1.3977906021477779     
          38          39   1.0426881140836457     
          39          40   1.2076797057944582     
          39          41   1.8130387200598925     
          40          41  0.18220903121276519     
          38          42   1.3971520569874054     
          35          43   1.4185532697764267     
          42          43   1.4645385679658980     
           2          44  0.99844295211649092     
           4          45  0.99459890573291920     
           5          46   1.0000531121813685     
          10          47  0.99914574024354497     
          11          48  0.99994375896387733     
          16          49  0.99987534931748578     
          17          50  0.99913643286193010     
          21          51  0.98915443559834582     
          22          52  0.98644685933925980     
          25          53  0.94515036451287027     
          27          54  0.98648975492667657     
          28          55  0.98906254118765424     
          30          56   1.0000329591526704     
          31          57  0.99458768680419418     
          36          58  0.98913565503162892     
          37          59  0.98648825168200116     
          40          60  0.94512282884987675     
          42          61  0.98645936222748565     
          43          62  0.98906317014430312     
          64          65   1.3830728587997743     
          65          66   1.2002882299658997     
          66          67   1.6386608683616115     
          67          68   1.2077680219762768     
          63          69  0.56837371204025178     
          65          69   1.2839305992809609     
          68          69   1.2720105488896878     
          68          70   1.3658583885900875     
          70          71   1.3569230143024376     
          71          72   1.2222324205081894     
          72          73   1.6123437924948287     
          63          74  0.56122663188699129     
          71          74   1.2620842965955175     
          73          75   1.2325453481961157     
          74          75   1.3133995801557319     
          75          76   1.2779729661897701     
          76          77   1.2784816569676620     
          77          78   1.2325480701498512     
          78          79   1.6122538055655211     
          79          80   1.2223120952744750     
          80          81   1.3562626133965803     
          81          82   1.0548286177630575     
          82          83   1.4164904932229527     
          83          84   1.4668742809106901     
          84          85   1.3974545859530403     
          85          86   1.0428299252235895     
          86          87   1.2074888669463293     
          86          88   1.8130186807611397     
          87          88  0.18215594078772285     
          85          89   1.3971855017491133     
          82          90   1.4184309669066040     
          89          90   1.4644843679695301     
          81          91   1.3652010852880874     
          91          92   1.2077293304195722     
          92          93   1.6385913491634752     
          64          94   1.3833109683085474     
          93          94   1.2003508961628555     
          63          95  0.56882534579448019     
          91          95   1.2724224907740853     
          94          95   1.2835582333102529     
          63          96  0.56100416214933013     
          77          96   1.3131949463202595     
          80          96   1.2624040803980316     
          70          97   1.0531770710961239     
          97          98   1.4175784916353857     
          98          99   1.4663249874991140     
          99         100   1.3978244637605735     
         100         101   1.0427023599832819     
         101         102   1.2077311225529055     
         101         103   1.8129670378337137     
         102         103  0.18222153333343305     
         100         104   1.3972394748416053     
          97         105   1.4188284794317154     
         104         105   1.4644024430676701     
          64         106  0.99844169655181836     
          66         107  0.99460281441706833     
          67         108   1.0000828527080843     
          72         109  0.99917416425815309     
          73         110  0.99995579436442161     
          78         111  0.99986701549510171     
          79         112  0.99911237385782758     
          83         113  0.98918415873516885     
          84         114  0.98645385747450565     
          87         115  0.94516974522994690     
          89         116  0.98649920972571181     
          90         117  0.98908819006789994     
          92         118   1.0000050911039371     
          93         119  0.99457999827752941     
          98         120  0.98911273312481784     
          99         121  0.98648493515851488     
         102         122  0.94511224393439408     
         104         123  0.98646142978130924     
         105         124  0.98903575062269122     
         125         126   2.3503392952903703     
         126         127   1.3721527512725069     
          14         128   1.2417571219254833     
         125         128  0.16265488281453944     
         127         128   2.4471273752459597     
         125         129   1.3721315957719689     
          76         130   1.2417295117484768     
         126         130  0.16264687295951605     
         129         130   2.4471573261031336     
