           2           3   1.3881779403626091     
           3           4   1.2041167072649581     
           4           5   1.6341903016090431     
           5           6   1.2104580412639141     
           1           7  0.71191576653480482     
           3           7   1.2517004899640460     
           6           7   1.2486833142236011     
           6           8   1.3632904722446804     
           8           9   1.0565837009136463     
           9          10   1.4119014729656056     
          10          11   1.4683969991691346     
          11          12   1.3995554825794105     
          12          13   1.0093378426597146     
          13          14   1.5553249725192209     
          13          15   1.5563683011380955     
          14          15  0.37207774751277550     
          12          16   1.3997921998821203     
           9          17   1.4116416444753661     
          16          17   1.4683811135162641     
           8          18   1.3566006525416894     
          18          19   1.2226507155157900     
          19          20   1.6116018935450318     
           1          21  0.71180918090098244     
          18          21   1.2398861660633866     
          20          22   1.2330103157406358     
          21          22   1.2759908847307617     
          22          23   1.2900351293179209     
          23          24   1.2902185732902893     
          24          25   1.2331708271352617     
          25          26   1.6114036043789430     
          26          27   1.2226546774706335     
           1          28  0.71173538695889349     
          24          28   1.2763526050345957     
          27          28   1.2394449785142181     
          27          29   1.3571273330798050     
          29          30   1.0558120530774828     
          30          31   1.4118995141578186     
          31          32   1.4682850019654876     
          32          33   1.3999280001976067     
          33          34   1.0092264148745229     
          34          35   1.5554806904447769     
          34          36   1.5564353923394509     
          35          36  0.37215175574237963     
          33          37   1.3996651761590051     
          30          38   1.4123972180309035     
          37          38   1.4681160196959566     
          29          39   1.3632059422348359     
          39          40   1.2102460984835821     
          40          41   1.6344992150873943     
           2          42   1.3887735950823434     
          41          42   1.2038475222178580     
           1          43  0.71177252722280160     
          39          43   1.2490287758906553     
          42          43   1.2514013391083187     
           2          44  0.99624723426927553     
           4          45  0.99323306199584105     
           5          46  0.99840958521973355     
          10          47  0.98789360484576560     
          11          48  0.98627110160987408     
          16          49  0.98652300864672393     
          17          50  0.98823438105371519     
          19          51  0.99749562000653280     
          20          52  0.99843337594411341     
          25          53  0.99825430911133062     
          26          54  0.99755300235956723     
          31          55  0.98816935866502864     
          32          56  0.98655309349008968     
          37          57  0.98623777484069264     
          38          58  0.98788950391124652     
          40          59  0.99845532749233057     
          41          60  0.99323729847003195     
          62          63   1.3881151399547953     
          63          64   1.2041170635626992     
          64          65   1.6341863542025625     
          65          66   1.2104568585942799     
          61          67  0.71197900513010826     
          63          67   1.2517248145675672     
          66          67   1.2485857279188224     
          66          68   1.3634239729467723     
          68          69   1.0561839775038415     
          69          70   1.4120951919497946     
          70          71   1.4683105075736442     
          71          72   1.3996222184692364     
          72          73   1.0092615226381436     
          73          74   1.5554927086222001     
          73          75   1.5563884294101793     
          74          75  0.37214590297000161     
          72          76   1.3998935854769834     
          69          77   1.4118595419426421     
          76          77   1.4682592623765762     
          68          78   1.3568081707976027     
          78          79   1.2226134539396574     
          79          80   1.6116617273555274     
          61          81  0.71177728371203053     
          78          81   1.2397822491417274     
          80          82   1.2329622130837889     
          81          82   1.2760742504551195     
          82          83   1.2900134467352715     
          83          84   1.2901867840223877     
          84          85   1.2331488615346591     
          85          86   1.6114365503261283     
          86          87   1.2226132413733199     
          61          88  0.71182219987423256     
          84          88   1.2763822977424510     
          87          88   1.2393942474480681     
          87          89   1.3572147724158801     
          89          90   1.0557167148829101     
          90          91   1.4119294458521741     
          91          92   1.4682788121305090     
          92          93   1.3999319672283936     
          93          94   1.0092147585601816     
          94          95   1.5554964294362210     
          94          96   1.5564626216506423     
          95          96  0.37217172747678096     
          93          97   1.3997085269886624     
          90          98   1.4124757178859864     
          97          98   1.4680665874347389     
          89          99   1.3632191516520384     
          99         100   1.2102495171612935     
         100         101   1.6345121117540984     
          62         102   1.3888027465620445     
         101         102   1.2038242740987577     
          61         103  0.71178098959680591     
          99         103   1.2490088664553340     
         102         103   1.2513795294707886     
          62         104  0.99624209086814397     
          64         105  0.99323572195369869     
          65         106  0.99842602726532159     
          70         107  0.98787676975309069     
          71         108  0.98626908810301883     
          76         109  0.98651352616033594     
          77         110  0.98821241283482719     
          79         111  0.99751189048090927     
          80         112  0.99844085845042940     
          85         113  0.99824791841873772     
          86         114  0.99755678436665818     
          91         115  0.98816302574451476     
          92         116  0.98654852731599707     
          97         117  0.98623683423081554     
          98         118  0.98788316862374237     
         100         119  0.99845981991703914     
         101         120  0.99323948106481408     
         121         122   2.3660531707885966     
         122         123   1.3615085911541891     
          23         124   1.2270930594195935     
         121         124  0.16626287852674079     
         123         124   2.4641178477438190     
         121         125   1.3615310924206092     
          83         126   1.2271174160319258     
         122         126  0.16626969198672883     
         125         126   2.4640775864343438     
