   -0.06828255
   -0.01728273
    0.06271710
   -0.03985198
   -0.03588446
    0.06672943
   -0.16950981
    0.02035282
    0.06618869
   -0.03445124
   -0.03749150
   -0.16717683
    0.06912722
    0.02221948
    0.06911967
   -0.03735868
   -0.03431943
    0.06597936
    0.02040769
   -0.00658983
    0.09608372
   -0.22913988
    0.03508089
   -0.04712842
   -0.03361944
   -0.04740061
    0.09580100
   -0.22918421
    0.03488788
    0.06692297
   -0.03609816
   -0.04004650
    0.06270535
   -0.16925350
   -0.16745614
   -0.00660991
    0.09600298
   -0.22899687
    0.03502599
   -0.04719148
   -0.03359962
   -0.04731727
    0.09588066
   -0.22934498
    0.03495645
    0.02569558
    0.02757133
    0.02311228
    0.02489822
    0.02597638
    0.02611110
    0.02484544
    0.03246930
    0.04528590
    0.03468751
    0.03099091
    0.02803242
    0.03072730
    0.04506496
    0.03307295
    0.03368579
    0.02315858
    0.02733532
    0.04554644
    0.03254921
    0.03471270
    0.03103782
    0.02805297
    0.03067606
    0.03361933
    0.04477455
    0.03303563
   -0.06802342
   -0.01738042
    0.06268562
   -0.03969284
   -0.03562615
    0.06661363
   -0.16941730
    0.02009994
    0.06611294
   -0.03428765
   -0.03740048
   -0.16710286
    0.06907093
    0.02212579
    0.06920573
   -0.03732679
   -0.03428516
    0.06593359
    0.02035969
   -0.00662689
    0.09630654
   -0.22895647
    0.03509569
   -0.04706610
   -0.03358085
   -0.04747086
    0.09578089
   -0.22928720
    0.03480754
    0.06684353
   -0.03614555
   -0.04000275
    0.06265175
   -0.16932087
   -0.16721026
   -0.00674880
    0.09613354
   -0.22887282
    0.03507764
   -0.04714739
   -0.03351405
   -0.04736594
    0.09589962
   -0.22942755
    0.03499161
    0.02580865
    0.02767972
    0.02270709
    0.02463436
    0.02601875
    0.02613449
    0.02450744
    0.03256168
    0.04541070
    0.03470960
    0.03115762
    0.02804564
    0.03066058
    0.04494305
    0.03304890
    0.03363810
    0.02297911
    0.02731612
    0.04548118
    0.03249363
    0.03479043
    0.03114713
    0.02811571
    0.03053749
    0.03335027
    0.04457856
    0.03305756
   -0.01301388
   -0.02063046
   -0.01428416
   -0.01635547
   -0.01665332
   -0.01374515
   -0.02063863
   -0.01222133
   -0.01233721
   -0.02067835
   -0.01395186
   -0.01677821
   -0.01655583
   -0.01445531
   -0.02077877
   -0.01306233
   -0.06572613
    0.02212069
    0.06927384
   -0.03746007
   -0.03374078
    0.06591093
   -0.16618276
    0.02246026
    0.06588195
   -0.03366852
   -0.03740230
   -0.16612168
    0.06938061
    0.02221523
    0.06933017
   -0.03748711
   -0.03382220
    0.06596947
    0.02258282
   -0.00664972
    0.09636921
   -0.22903320
    0.03509042
   -0.04704306
   -0.03317825
   -0.04700053
    0.09645068
   -0.22885851
    0.03509554
    0.06589144
   -0.03374627
   -0.03743483
    0.06935392
   -0.16621630
   -0.16607135
   -0.00669497
    0.09644270
   -0.22892922
    0.03512973
   -0.04702592
   -0.03317422
   -0.04704663
    0.09637916
   -0.22896006
    0.03511297
    0.02587478
    0.02436901
    0.02433232
    0.02597558
    0.02588095
    0.02441315
    0.03426100
    0.04533468
    0.03319106
    0.03111046
    0.02835111
    0.03127507
    0.04546094
    0.03322718
    0.03431330
    0.02445045
    0.02597764
    0.03317624
    0.04533467
    0.03426777
    0.03117219
    0.02834308
    0.03114647
    0.03314695
    0.03427954
    0.04535598
