           2           3   1.3834159219491207     
           3           4   1.2062197888972197     
           4           5   1.6284941570246037     
           5           6   1.2158123098285452     
           1           7  0.71623909618768822     
           3           7   1.2546613720496205     
           6           7   1.2395358211222172     
           6           8   1.3674524327796518     
           8           9   1.0528625349197351     
           9          10   1.4102076864838373     
          10          11   1.4644870113358719     
          11          12   1.3775246513034949     
          12          13   1.1435784851542226     
          12          14   1.3777640135182407     
           9          15   1.4116127077417531     
          14          15   1.4633638263399460     
           8          16   1.3603929954411904     
          16          17   1.2279274651446574     
          17          18   1.6051737901822296     
           1          19  0.71660912861540693     
          16          19   1.2312385218825688     
          18          20   1.2370190866797850     
          19          20   1.2812510121147078     
          20          21   1.2804085542501504     
          21          22   1.2810901522930109     
          22          23   1.2374315720501252     
          23          24   1.6043103371761314     
          24          25   1.2284736127856823     
           1          26  0.71621889475340639     
          22          26   1.2806698186674288     
          25          26   1.2319465544876522     
          25          27   1.3594502962404900     
          27          28   1.0525033919183182     
          28          29   1.4110240673834546     
          29          30   1.4643870224406277     
          30          31   1.3774968942976962     
          31          32   1.1434098467735359     
          31          33   1.3780639065081706     
          28          34   1.4111501993895603     
          33          34   1.4632820994621718     
          27          35   1.3684470620930069     
          35          36   1.2151117721171181     
          36          37   1.6294538760373687     
           2          38   1.3840173868542376     
          37          38   1.2057979560693222     
           1          39  0.71673711254320360     
          35          39   1.2391469959466632     
          38          39   1.2546568163521810     
           2          40  0.99718123718970575     
           4          41  0.99490709962644053     
           5          42   1.0002280761208278     
          10          43  0.99052060223012151     
          11          44  0.98975681632901957     
          13          45  0.97272409902797319     
          13          46  0.97289383779207306     
          14          47  0.98997788569240019     
          15          48  0.99101445487915707     
          17          49  0.99909297405844222     
          18          50  0.99969456305607296     
          23          51  0.99966296491776130     
          24          52  0.99928323604368863     
          29          53  0.99063780311921434     
          30          54  0.98970093640253720     
          32          55  0.97255980387378549     
          32          56  0.97297727633599784     
          33          57  0.99007008467936530     
          34          58  0.99087646958494013     
          36          59   1.0001247123079799     
          37          60  0.99485522397307435     
          62          63   1.3833815386154498     
          63          64   1.2062203052063507     
          64          65   1.6284987613456841     
          65          66   1.2158039920881443     
          61          67  0.71622024286667452     
          63          67   1.2546780052210673     
          66          67   1.2395227845235013     
          66          68   1.3674673319600763     
          68          69   1.0528889671814869     
          69          70   1.4101793205300339     
          70          71   1.4645072425619607     
          71          72   1.3775297919336846     
          72          73   1.1435436025538757     
          72          74   1.3777955163540736     
          69          75   1.4116309406076724     
          74          75   1.4633396753946408     
          68          76   1.3603466523400618     
          76          77   1.2279329791000919     
          77          78   1.6051599061693804     
          61          79  0.71664426272861037     
          76          79   1.2312507957999628     
          78          80   1.2370270558355225     
          79          80   1.2812369137184128     
          80          81   1.2803692282822430     
          81          82   1.2811220375040349     
          82          83   1.2374293473406996     
          83          84   1.6043149226382025     
          84          85   1.2284712997040241     
          61          86  0.71619511265525726     
          82          86   1.2806701760529033     
          85          86   1.2319348595019404     
          85          87   1.3594677031993088     
          87          88   1.0525602190971906     
          88          89   1.4110175010596788     
          89          90   1.4643841066118191     
          90          91   1.3775318958006773     
          91          92   1.1433626246976880     
          91          93   1.3780944105003694     
          88          94   1.4111218811491830     
          93          94   1.4632894965972527     
          87          95   1.3683943473634048     
          95          96   1.2151124205774115     
          96          97   1.6294475224050149     
          62          98   1.3840526243823394     
          97          98   1.2058022606709347     
          61          99  0.71680202251478609     
          95          99   1.2391657919983059     
          98          99   1.2545993964673297     
          62         100  0.99717965502879702     
          64         101  0.99490769606553975     
          65         102   1.0002257943423059     
          70         103  0.99052068368682056     
          71         104  0.98975713033999335     
          73         105  0.97274332828816445     
          73         106  0.97290538702210350     
          74         107  0.98998043413154557     
          75         108  0.99101613284936463     
          77         109  0.99909408806949429     
          78         110  0.99969391354905257     
          83         111  0.99966525665171435     
          84         112  0.99927978419803143     
          89         113  0.99064289332344735     
          90         114  0.98970315840329637     
          92         115  0.97256030495752033     
          92         116  0.97302218610325930     
          93         117  0.99007070423524801     
          94         118  0.99087637225334035     
          96         119   1.0001230996686430     
          97         120  0.99485288017911322     
          21         121   1.2372716364311924     
         121         122   2.4384471293450445     
         122         123   1.3783229098665100     
         121         124  0.15851967207760484     
         123         124   2.3193593855314454     
         124         125   1.4066560433588517     
         123         126  0.15283799922669866     
         125         126   2.3193429106121082     
         126         127   1.3783386807861751     
          81         128   1.2372540516802133     
         125         128  0.15852813487583847     
         127         128   2.4384828854330656     
