           1           2   1.3755722105343315     
           2           3   1.2379668844682388     
           3           4   1.6036665867288984     
           4           5   1.2474093476490551     
           2           6   1.2294084898924229     
           5           6   1.2331638697931548     
           5           7   1.3426210097029931     
           7           8   1.0523047430720531     
           8           9   1.4216505341077088     
           9          10   1.4528159135932783     
          10          11   1.4203623535127281     
          11          12  0.89014925085265684     
          12          13   1.8970232091510075     
          12          14   1.0793397036831995     
          13          14  0.10053041589461914     
          12          15   1.8921432434944303     
          13          15  0.13474326739612918     
          11          16   1.4194785368866498     
           8          17   1.4205885720589913     
          16          17   1.4539078704148707     
           7          18   1.3668085819987219     
          18          19   1.1583060337230158     
          19          20   1.6974349556614239     
          18          21   1.3591807063347001     
          20          22   1.1629203309047662     
          21          22   1.4101876189555886     
          22          23   1.2923894509327676     
          23          24   1.2925814755236764     
          24          25   1.2621139600265403     
          25          26   1.5911919324589834     
          26          27   1.2533901942793451     
          24          28   1.2487380095341400     
          27          28   1.2236862295933069     
          27          29   1.3479858855104299     
          29          30   1.0538991931342307     
          30          31   1.4206406208780660     
          31          32   1.4532765895113746     
          32          33   1.4199558241119892     
          33          34  0.89025379749717193     
          34          35   1.8974864198681760     
          34          36   1.0797637212648752     
          35          36  0.10077698193762673     
          34          37   1.8913079884554678     
          35          37  0.13466521884799165     
          33          38   1.4194244593087808     
          30          39   1.4200453600048621     
          38          39   1.4540744177047826     
          29          40   1.3539725280381039     
          40          41   1.1510528866003620     
          41          42   1.7099197948417013     
           1          43   1.3868701270869794     
          42          43   1.1455227541370931     
          40          44   1.3854815574939376     
          43          44   1.3736707293312520     
           1          45  0.99491578498790345     
           3          46  0.99136597894689360     
           4          47  0.99776694548235123     
           6          48  0.96011874901386696     
           9          49  0.98693995455092975     
          10          50  0.98387502728842280     
          14          51  0.93670673512658120     
          16          52  0.98392043561904774     
          17          53  0.98680107101789993     
          19          54  0.99741228660501902     
          20          55  0.99801456316180615     
          25          56  0.99703751194995360     
          26          57  0.99709296160700844     
          28          58  0.95882832784125738     
          31          59  0.98684326697621572     
          32          60  0.98379489715251589     
          36          61  0.93659402685679161     
          38          62  0.98402944941409842     
          39          63  0.98694157202623567     
          41          64  0.99809895700828344     
          42          65  0.99186046935762517     
          66          67   1.3756783885926072     
          67          68   1.2379346051886952     
          68          69   1.6037686932091040     
          69          70   1.2473579318005690     
          67          71   1.2293865151061181     
          70          71   1.2331847261142206     
          70          72   1.3426832297362368     
          72          73   1.0524465431630934     
          73          74   1.4215935066337118     
          74          75   1.4528548853985681     
          75          76   1.4203200650964272     
          76          77  0.89020799065086664     
          77          78   1.8967568951175735     
          77          79   1.0788725305117723     
          78          79  0.10036062553576523     
          77          80   1.8924022757208112     
          78          80  0.13475806361099826     
          76          81   1.4194339502725317     
          73          82   1.4205043817511434     
          81          82   1.4539439544337707     
          72          83   1.3666292249545604     
          83          84   1.1583093389965347     
          84          85   1.6973889066874739     
          83          86   1.3593437097301162     
          85          87   1.1629600950526091     
          86          87   1.4100875681184684     
          87          88   1.2924027037107977     
          88          89   1.2924422282566224     
          89          90   1.2621116018337639     
          90          91   1.5913018401838519     
          91          92   1.2533359618146647     
          89          93   1.2487858024208958     
          92          93   1.2237429792745591     
          92          94   1.3480314050619322     
          94          95   1.0540134055324502     
          95          96   1.4205899929832031     
          96          97   1.4532768012136263     
          97          98   1.4199682549112480     
          98          99  0.89021788050594930     
          99         100   1.8977515663929001     
          99         101   1.0800492158055550     
         100         101  0.10089855837337931     
          99         102   1.8909923246239106     
         100         102  0.13464926104863353     
          98         103   1.4194118295299749     
          95         104   1.4199849512514378     
         103         104   1.4540984853783594     
          94         105   1.3538850970886074     
         105         106   1.1510877756913673     
         106         107   1.7098741448795780     
          66         108   1.3868042240886165     
         107         108   1.1455522105451392     
         105         109   1.3855363557383180     
         108         109   1.3737166063671016     
          66         110  0.99491484282622100     
          68         111  0.99136840288199479     
          69         112  0.99776900909868360     
          71         113  0.96011135960535632     
          74         114  0.98692503513405561     
          75         115  0.98386710447905135     
          79         116  0.93676071972262454     
          81         117  0.98391849490153727     
          82         118  0.98681727899676241     
          84         119  0.99739244805557992     
          85         120  0.99796398174008294     
          90         121  0.99701233698865388     
          91         122  0.99706611053774707     
          93         123  0.95881992051806031     
          96         124  0.98682662838827506     
          97         125  0.98377874783411301     
         101         126  0.93658603722337319     
         103         127  0.98403498730745098     
         104         128  0.98694783474115055     
         106         129  0.99809705032598262     
         107         130  0.99186299366088149     
          23         131   1.2128659595153608     
         131         132   2.4732627539635832     
         132         133   1.3567525998367027     
         131         134  0.16942700580717007     
         133         134   2.3530353431922868     
         134         135   1.3851790020680868     
         133         136  0.16351989265189570     
         135         136   2.3510112051203165     
         136         137   1.3596733428618799     
         135         138  0.16857576939694049     
         137         138   2.4666723843044114     
         139         140   2.4566174609671885     
         140         141   1.3683814117684292     
         139         142  0.16731482709064452     
         141         142   2.3385559945218248     
         142         143   1.3956236339341817     
         141         144  0.16174190280426209     
         143         144   2.3384079190118197     
         144         145   1.3687542477262296     
         143         146  0.16733130310465777     
         145         146   2.4560700747105937     
         147         148   2.4563849368937900     
         148         149   1.3685705529330550     
         147         150  0.16748123952791913     
         149         150   2.3386780844501756     
         150         151   1.3955480686221302     
         149         152  0.16194251124373224     
         151         152   2.3387787064774308     
         152         153   1.3684322591611928     
         151         154  0.16756561968824571     
         153         154   2.4567612259882248     
         155         156   2.4573036134105286     
         156         157   1.3680950667382963     
         155         158  0.16779160825700273     
         157         158   2.3394538865948893     
         158         159   1.3950699963479516     
         157         160  0.16218897123259776     
         159         160   2.3395186073347722     
         160         161   1.3680049636886642     
         159         162  0.16779705508164056     
         161         162   2.4574412676241448     
         163         164   2.4575726106866393     
         164         165   1.3679708637998103     
         163         166  0.16785443280758769     
         165         166   2.3396130309909973     
         166         167   1.3950239162556120     
         165         168  0.16226586989960864     
         167         168   2.3395682427620828     
         168         169   1.3679789381307410     
         167         170  0.16785865270496608     
         169         170   2.4575033315999950     
         171         172   2.4574711006237089     
         172         173   1.3680323061381590     
         171         174  0.16780797613742002     
         173         174   2.3394781846667949     
         174         175   1.3951095671255616     
         173         176  0.16221083813143969     
         175         176   2.3394176038750620     
         176         177   1.3680760725112788     
         175         178  0.16777520756161424     
         177         178   2.4572906128932401     
         179         180   2.4568810380058106     
         180         181   1.3683973134444238     
         179         182  0.16760401297813682     
         181         182   2.3388560548462758     
         182         183   1.3955070957172329     
         181         184  0.16198689023393925     
         183         184   2.3387475105576603     
         184         185   1.3685050424837040     
         183         186  0.16752234340644528     
         185         186   2.4564761875682719     
         187         188   2.4564675664685578     
         188         189   1.3685406513797911     
         187         190  0.16745775556783601     
         189         190   2.3387781096193545     
         190         191   1.3953947864176013     
         189         192  0.16187908938870119     
         191         192   2.3389487053211324     
         192         193   1.3681295232765338     
         191         194  0.16745630314033011     
         193         194   2.4570254199206829     
         195         196   2.4666214044261947     
         196         197   1.3599392301234488     
         195         198  0.16869291284918331     
         197         198   2.3507894997266097     
         198         199   1.3854811459225265     
         197         200  0.16359698728234970     
         199         200   2.3527386675839801     
         200         201   1.3570760068481043     
          88         202   1.2131740076394930     
         199         202  0.16948676966243673     
         201         202   2.4729878692962748     
         138         203   1.2186157180160238     
         203         204   1.2845791283670105     
         204         205   1.2676432449283266     
         205         206   1.5822976020415469     
         206         207   1.2603409906866021     
         204         208   1.2504092329461791     
         207         208   1.2224815166914138     
         207         209   1.3388225093358379     
         209         210   1.0514143924934254     
         210         211   1.4213358608670319     
         211         212   1.4536232209790643     
         212         213   1.4196932035591039     
         213         214  0.89005968134345681     
         214         215   1.8968544119241482     
         214         216   1.0796825645596984     
         215         216  0.10056263943784882     
         214         217   1.8919402890401438     
         215         217  0.13470025262555491     
         213         218   1.4201925470335159     
         210         219   1.4220341570055017     
         218         219   1.4528140480431238     
         209         220   1.3711540802498101     
         220         221   1.1596406164136845     
         221         222   1.6942129956913385     
         220         223   1.3538065319486428     
         222         224   1.1656125160222202     
         223         224   1.4152632005382166     
         139         225   1.2269383173259185     
         224         225   1.2842667241007770     
         225         226   1.2818411549871545     
         226         227   1.2695262512287395     
         227         228   1.5807111609948432     
         228         229   1.2610409083036214     
         226         230   1.2511557423724491     
         229         230   1.2237594114361721     
         229         231   1.3365559436380134     
         231         232   1.0514972881713380     
         232         233   1.4221375228424518     
         233         234   1.4530900260051109     
         234         235   1.4201117004471604     
         235         236  0.89006834221640896     
         236         237   1.8971618962802239     
         236         238   1.0808554083564947     
         237         238  0.10070713642325929     
         236         239   1.8908732427005421     
         237         239  0.13463418623670559     
         235         240   1.4197250917777842     
         232         241   1.4211194484450058     
         240         241   1.4534208333895489     
         231         242   1.3726981562378375     
         242         243   1.1589006679877627     
         243         244   1.6957919848457237     
         203         245   1.2877471834136911     
         244         245   1.1643518989142305     
         242         246   1.3539502084588748     
         245         246   1.4131316126387401     
         205         247  0.99734690353406152     
         206         248  0.99777692412600449     
         208         249  0.96030796861421985     
         211         250  0.98689971442128965     
         212         251  0.98403763724752524     
         216         252  0.93686347503209144     
         218         253  0.98395750806961380     
         219         254  0.98697874310997757     
         221         255  0.99793239012183033     
         222         256  0.99826492002621436     
         227         257  0.99717879471683657     
         228         258  0.99746630513612899     
         230         259  0.96049102191571289     
         233         260  0.98712869124494440     
         234         261  0.98398041805661984     
         238         262  0.93669457133497691     
         240         263  0.98402033897656704     
         241         264  0.98677730708184030     
         243         265  0.99821881057442929     
         244         266  0.99836664637232753     
         146         267   1.2272718718385420     
         267         268   1.2808113810208466     
         268         269   1.2696840505486857     
         269         270   1.5802024515190243     
         270         271   1.2617179677075787     
         268         272   1.2516055771635397     
         271         272   1.2226225048381685     
         271         273   1.3370527960277274     
         273         274   1.0515033688068127     
         274         275   1.4215402992966812     
         275         276   1.4533799036404462     
         276         277   1.4199443834167602     
         277         278  0.89017684453560464     
         278         279   1.8935569312035878     
         278         280   1.0796495623650169     
         278         281   1.8945412290448156     
         279         281  0.13472133978280171     
         277         282   1.4198676703054929     
         274         283   1.4217703764429119     
         282         283   1.4530709247348563     
         273         284   1.3727199465327313     
         284         285   1.1595878473746397     
         285         286   1.6944277673679597     
         284         287   1.3526040845656302     
         286         288   1.1654520593945163     
         287         288   1.4159775186741423     
         147         289   1.2271207339223122     
         288         289   1.2837438009840865     
         289         290   1.2813640404763642     
         290         291   1.2695432973741652     
         291         292   1.5806112961707837     
         292         293   1.2613425713105979     
         290         294   1.2516090893120733     
         293         294   1.2229594260325631     
         293         295   1.3370102308498653     
         295         296   1.0514002100980731     
         296         297   1.4218595708800472     
         297         298   1.4533944093581401     
         298         299   1.4197310001386105     
         299         300  0.89016101183125795     
         300         301   1.8928285836591079     
         300         302   1.0808740470568798     
         300         303   1.8944991871276138     
         301         303  0.13465636363389591     
         299         304   1.4201400216044662     
         296         305   1.4215930352794304     
         304         305   1.4530140866351358     
         295         306   1.3728696731342018     
         306         307   1.1598357946846201     
         307         308   1.6942387606974292     
         267         309   1.2835699542850776     
         308         309   1.1654642730511031     
         306         310   1.3523373797865226     
         309         310   1.4159812726990328     
         269         311  0.99735904622371718     
         270         312  0.99775514192139292     
         272         313  0.96035574953934988     
         275         314  0.98694785830961873     
         276         315  0.98407026007021270     
         280         316  0.93659500813838892     
         282         317  0.98395394841767925     
         283         318  0.98696077704990615     
         285         319  0.99798637022724435     
         286         320  0.99833124576722088     
         291         321  0.99726044371219680     
         292         322  0.99752989021800476     
         294         323  0.96047228903665205     
         297         324  0.98711952997254793     
         298         325  0.98400114865222932     
         302         326  0.93639664711625581     
         304         327  0.98402651323461954     
         305         328  0.98679985776626344     
         307         329  0.99822991580987064     
         308         330  0.99843210998780296     
         154         331   1.2268057322397468     
         331         332   1.2816388266645300     
         332         333   1.2693582673715413     
         333         334   1.5808693832448135     
         334         335   1.2613766004677629     
         332         336   1.2513723325769028     
         335         336   1.2230398073024762     
         335         337   1.3372451642643226     
         337         338   1.0515691164968231     
         338         339   1.4212866517636429     
         339         340   1.4535349361336978     
         340         341   1.4198104122210777     
         341         342  0.89015815959685785     
         342         343   1.8943840951585098     
         342         344   1.0797517357353388     
         342         345   1.8937478406676356     
         343         345  0.13472363815249105     
         341         346   1.4200930747286709     
         338         347   1.4219490782515085     
         346         347   1.4528998387866361     
         337         348   1.3725177858623805     
         348         349   1.1594626220441291     
         349         350   1.6947364216449221     
         348         351   1.3530667199720048     
         350         352   1.1652342642737104     
         351         352   1.4156223897251716     
         155         353   1.2264069869683660     
         352         353   1.2843163146868504     
         353         354   1.2819820429436424     
         354         355   1.2690656974761620     
         355         356   1.5813904740207319     
         356         357   1.2609028538181499     
         354         358   1.2516019924820994     
         357         358   1.2229537090274767     
         357         359   1.3377947317281340     
         359         360   1.0514261748329856     
         360         361   1.4216115830559379     
         361         362   1.4535510218484908     
         362         363   1.4195911911326367     
         363         364  0.89001122617383011     
         364         365   1.8914904066660596     
         364         366   1.0814249927885053     
         364         367   1.8962296615186136     
         365         367  0.13462402335227339     
         366         367  0.10065901382850466     
         363         368   1.4204536931442442     
         360         369   1.4218318680081885     
         368         369   1.4527650249932842     
         359         370   1.3721398126937319     
         370         371   1.1598629221366084     
         371         372   1.6943473726595686     
         331         373   1.2840866683872070     
         372         373   1.1654021917143194     
         370         374   1.3530687796998693     
         373         374   1.4155518976454775     
         333         375  0.99728850058585816     
         334         376  0.99769266692745018     
         336         377  0.96029735619652568     
         339         378  0.98693750345163567     
         340         379  0.98405157743382798     
         344         380  0.93651653695412385     
         346         381  0.98392770661215767     
         347         382  0.98695089228635513     
         349         383  0.99797055803064383     
         350         384  0.99831617479233836     
         355         385  0.99723536638729360     
         356         386  0.99749905893487245     
         358         387  0.96038758058253026     
         361         388  0.98709284150705046     
         362         389  0.98396133110198103     
         366         390  0.93642362350524022     
         368         391  0.98400947482244250     
         369         392  0.98679577272017938     
         371         393  0.99818177159074561     
         372         394  0.99838388185374427     
         162         395   1.2263185194441786     
         395         396   1.2819699248570287     
         396         397   1.2690892075495510     
         397         398   1.5812588152129317     
         398         399   1.2611707591369934     
         396         400   1.2513765643117780     
         399         400   1.2230600707696238     
         399         401   1.3375690844802652     
         401         402   1.0517407270660000     
         402         403   1.4211524251331540     
         403         404   1.4535766263332290     
         404         405   1.4198208018812013     
         405         406  0.89015537950447787     
         406         407   1.8943082880570339     
         406         408   1.0797860130336963     
         406         409   1.8938489217508971     
         407         409  0.13472615953416606     
         405         410   1.4201201062321294     
         402         411   1.4219283504074656     
         410         411   1.4528873844010208     
         401         412   1.3721155601020427     
         412         413   1.1594681471232695     
         413         414   1.6947840515729711     
         412         415   1.3534280916327392     
         414         416   1.1651694725135044     
         415         416   1.4153809424196055     
         163         417   1.2262141575335008     
         416         417   1.2846278446065313     
         417         418   1.2821190163494058     
         418         419   1.2689646089346287     
         419         420   1.5815779821100082     
         420         421   1.2608171923071523     
         418         422   1.2516046764333835     
         421         422   1.2230728685390135     
         421         423   1.3378506463593944     
         423         424   1.0515653324715926     
         424         425   1.4214155076370600     
         425         426   1.4536782331515290     
         426         427   1.4194746672389853     
         427         428  0.88992638768680399     
         428         429   1.8909847986263975     
         428         430   1.0817454900295422     
         428         431   1.8969930318980817     
         429         431  0.13460528589081200     
         430         431  0.10087545678356422     
         427         432   1.4206456267738239     
         424         433   1.4219071519063344     
         432         433   1.4526348110654226     
         423         434   1.3719979429324822     
         434         435   1.1598030109324962     
         435         436   1.6945310843149868     
         395         437   1.2844678867070312     
         436         437   1.1652385155280232     
         434         438   1.3533026125017433     
         437         438   1.4153588561166726     
         397         439  0.99726454106945317     
         398         440  0.99765292228338531     
         400         441  0.96024677052266694     
         403         442  0.98693411306793932     
         404         443  0.98403096498876153     
         408         444  0.93647336790553604     
         410         445  0.98391243481496893     
         411         446  0.98695063164091068     
         413         447  0.99795148323534755     
         414         448  0.99829331198860760     
         419         449  0.99721973393996133     
         420         450  0.99746794990798893     
         422         451  0.96033583218473562     
         425         452  0.98708213612702900     
         426         453  0.98394423454808455     
         430         454  0.93646365150543009     
         432         455  0.98399044433620886     
         433         456  0.98679967410166392     
         435         457  0.99815630934110167     
         436         458  0.99835125987092754     
         170         459   1.2262611377873223     
         459         460   1.2819667329884490     
         460         461   1.2690614862881433     
         461         462   1.5813068478681487     
         462         463   1.2611212130339240     
         460         464   1.2513888331661009     
         463         464   1.2230430149563107     
         463         465   1.3376050966252857     
         465         466   1.0517352069492321     
         466         467   1.4212929286760454     
         467         468   1.4534597214291667     
         468         469   1.4199214520969123     
         469         470  0.89014534896705710     
         470         471   1.8937717266166776     
         470         472   1.0797635473719642     
         470         473   1.8944083711584618     
         471         473  0.13472645956449777     
         469         474   1.4200256916898322     
         466         475   1.4217955480152256     
         474         475   1.4529964503576529     
         465         476   1.3720854603957340     
         476         477   1.1595402836462871     
         477         478   1.6947122107535357     
         476         479   1.3534127253239578     
         478         480   1.1652177592552826     
         479         480   1.4154049202917161     
         171         481   1.2262987301175461     
         480         481   1.2845522661934894     
         481         482   1.2821063053100243     
         482         483   1.2690056620046228     
         483         484   1.5815140466927893     
         484         485   1.2608814317001862     
         482         486   1.2515807008549127     
         485         486   1.2231034377913419     
         485         487   1.3377828988097284     
         487         488   1.0515555982500027     
         488         489   1.4213891674655010     
         489         490   1.4536911551605687     
         490         491   1.4194979539026704     
         491         492  0.88994576899464395     
         492         493   1.8910955458419048     
         492         494   1.0816542132155929     
         492         495   1.8968622418378647     
         493         495  0.13460186875489769     
         494         495  0.10084176401302232     
         491         496   1.4205998999880063     
         488         497   1.4219350898795660     
         496         497   1.4526407246504314     
         487         498   1.3720825289915473     
         498         499   1.1597251545469409     
         499         500   1.6946178751270715     
         459         501   1.2845426439995307     
         500         501   1.1651766196309779     
         498         502   1.3532865692358078     
         501         502   1.4153659638524165     
         461         503  0.99726282270388034     
         462         504  0.99765625377888789     
         464         505  0.96024311284052966     
         467         506  0.98693729369787109     
         468         507  0.98402322234633000     
         472         508  0.93646337729829665     
         474         509  0.98391338506847981     
         475         510  0.98694439669138867     
         477         511  0.99794675526694709     
         478         512  0.99830504093132000     
         483         513  0.99722408982097166     
         484         514  0.99746393360132790     
         486         515  0.96033611243575068     
         489         516  0.98707994324437354     
         490         517  0.98393956317870279     
         494         518  0.93643933471729079     
         496         519  0.98398541872853706     
         497         520  0.98680025768507251     
         499         521  0.99815753794990125     
         500         522  0.99833149348034422     
         178         523   1.2264351001331559     
         523         524   1.2819252659287754     
         524         525   1.2691019552486364     
         525         526   1.5811712139140528     
         526         527   1.2611787773830010     
         524         528   1.2513869776192523     
         527         528   1.2229489359666628     
         527         529   1.3375674527012831     
         529         530   1.0515741775677887     
         530         531   1.4215378687651348     
         531         532   1.4533068589555511     
         532         533   1.4200640542445311     
         533         534  0.89013992189647007     
         534         535   1.8930176816564412     
         534         536   1.0798443999037610     
         534         537   1.8951377816877049     
         535         537  0.13471460485525061     
         533         538   1.4198704193397389     
         530         539   1.4217103500940351     
         538         539   1.4531056260465760     
         529         540   1.3722471524549342     
         540         541   1.1595981083038267     
         541         542   1.6945672234940301     
         540         543   1.3531769414527799     
         542         544   1.1653460922322205     
         543         544   1.4155894438856251     
         179         545   1.2267252834666917     
         544         545   1.2842788198035513     
         545         546   1.2817383591085136     
         546         547   1.2692939418180198     
         547         548   1.5811073074052924     
         548         549   1.2611150421618249     
         546         550   1.2515475383202310     
         549         550   1.2231367591964764     
         549         551   1.3373568723096561     
         551         552   1.0516003929858047     
         552         553   1.4215147945035900     
         553         554   1.4536038988628981     
         554         555   1.4195572082277039     
         555         556  0.88998018298798154     
         556         557   1.8912348877680389     
         556         558   1.0815516336318665     
         556         559   1.8965884083555402     
         557         559  0.13461032065225831     
         558         559  0.10078703578560538     
         555         560   1.4204770733786209     
         552         561   1.4217653038642386     
         560         561   1.4527632301904678     
         551         562   1.3724346257709139     
         562         563   1.1597386887056464     
         563         564   1.6945497955745008     
         523         565   1.2841665084658447     
         564         565   1.1652620213145033     
         562         566   1.3529200163482695     
         565         566   1.4156374818962449     
         525         567  0.99727010856465126     
         526         568  0.99768568091139220     
         528         569  0.96028761423991904     
         531         570  0.98694469206322977     
         532         571  0.98404173510128545     
         536         572  0.93650425955491901     
         538         573  0.98392160568158660     
         539         574  0.98693473398624265     
         541         575  0.99796934813107463     
         542         576  0.99832336994531712     
         547         577  0.99725173972871417     
         548         578  0.99749075861126935     
         550         579  0.96038606942425497     
         553         580  0.98709659433316066     
         554         581  0.98395887094925427     
         558         582  0.93644148050765685     
         560         583  0.98400386260159001     
         561         584  0.98680460604154419     
         563         585  0.99816058496125981     
         564         586  0.99835826994636212     
         186         587   1.2270497144939205     
         587         588   1.2813214410710954     
         588         589   1.2695396439580029     
         589         590   1.5804872982078659     
         590         591   1.2615573570356418     
         588         592   1.2514248604944327     
         591         592   1.2229807925684415     
         591         593   1.3368669401247617     
         593         594   1.0515588121493709     
         594         595   1.4217910014519515     
         595         596   1.4531003674906737     
         596         597   1.4202733125447329     
         597         598  0.89005036655227387     
         598         599   1.8916786848382281     
         598         600   1.0801680355538137     
         598         601   1.8967212305532464     
         599         601  0.13467654892389269     
         600         601  0.10046545113802346     
         597         602   1.4196302251283559     
         594         603   1.4214794566759354     
         602         603   1.4533159540056115     
         593         604   1.3728969134011981     
         604         605   1.1595810466822492     
         605         606   1.6944790333264863     
         604         607   1.3525441094996156     
         606         608   1.1654005570486805     
         607         608   1.4159516899032978     
         187         609   1.2270079219463284     
         608         609   1.2837724130007326     
         609         610   1.2812010790849999     
         610         611   1.2695180008793958     
         611         612   1.5806080375722664     
         612         613   1.2613645102227298     
         610         614   1.2516828163366014     
         613         614   1.2228016661911509     
         613         615   1.3372475532452173     
         615         616   1.0515946343689693     
         616         617   1.4216429154678190     
         617         618   1.4535541130732901     
         618         619   1.4196003157165293     
         619         620  0.89013174004096274     
         620         621   1.8922392255245797     
         620         622   1.0811285552901726     
         620         623   1.8950975803587140     
         621         623  0.13463274150331500     
         622         623  0.10017890490412126     
         619         624   1.4202969214379562     
         616         625   1.4216356186842516     
         624         625   1.4528892700041702     
         615         626   1.3725062284367131     
         626         627   1.1598006090635511     
         627         628   1.6943217964809616     
         587         629   1.2837961813670413     
         628         629   1.1654259860961962     
         626         630   1.3526448903129076     
         629         630   1.4158617051379745     
         589         631  0.99728877216194700     
         590         632  0.99771084352986539     
         592         633  0.96035626195950952     
         595         634  0.98696888504633296     
         596         635  0.98406716336560096     
         600         636  0.93663588158223410     
         602         637  0.98393106863939561     
         603         638  0.98693333179284026     
         605         639  0.99800263900078512     
         606         640  0.99836662647827201     
         611         641  0.99730090714848563     
         612         642  0.99754278644428973     
         614         643  0.96043995389780645     
         617         644  0.98710847120403233     
         618         645  0.98397637545859218     
         622         646  0.93634130827786366     
         624         647  0.98402584959083306     
         625         648  0.98681533359543105     
         627         649  0.99817125273308527     
         628         650  0.99836038760795054     
         194         651   1.2266524146192115     
         651         652   1.2820351775016083     
         652         653   1.2693014901765793     
         653         654   1.5809770914138981     
         654         655   1.2610350287021803     
         652         656   1.2509989993369677     
         655         656   1.2237145490401939     
         655         657   1.3368564423568057     
         657         658   1.0514836596400052     
         658         659   1.4217382211894749     
         659         660   1.4530881464393863     
         660         661   1.4202981808075483     
         661         662  0.89000063790330874     
         662         663   1.8915851411738998     
         662         664   1.0801637220388205     
         662         665   1.8970966725586440     
         663         665  0.13467512809961574     
         664         665  0.10062685950343771     
         661         666   1.4197232957388022     
         658         667   1.4215102638722201     
         666         667   1.4532836281824051     
         657         668   1.3724691236699855     
         668         669   1.1586118036607795     
         669         670   1.6960705751536007     
         668         671   1.3544706554744499     
         670         672   1.1642934750306739     
         671         672   1.4129433486315592     
         195         673   1.2187521932118075     
         672         673   1.2880750670451950     
         673         674   1.2848448580990650     
         674         675   1.2675327273830315     
         675         676   1.5828067017447631     
         676         677   1.2599270779419154     
         674         678   1.2505176424018061     
         677         678   1.2228224882157110     
         677         679   1.3390133181598187     
         679         680   1.0514398617320135     
         680         681   1.4217728711799682     
         681         682   1.4534743635403113     
         682         683   1.4197362980487438     
         683         684  0.89020559886741901     
         684         685   1.8933089018256595     
         684         686   1.0810310797391047     
         684         687   1.8937304764777143     
         685         687  0.13464154723029176     
         683         688   1.4202420058065197     
         680         689   1.4216119823453250     
         688         689   1.4529267474057854     
         679         690   1.3710048562962263     
         690         691   1.1597915446040663     
         691         692   1.6942277571375410     
         651         693   1.2844440894607643     
         692         693   1.1655208193983302     
         690         694   1.3539372763159832     
         693         694   1.4150923512844489     
         653         695  0.99720517672773512     
         654         696  0.99764337444147655     
         656         697  0.96036178567923369     
         659         698  0.98697380440165128     
         660         699  0.98403302059923681     
         664         700  0.93659702244161536     
         666         701  0.98388280544474882     
         667         702  0.98689978325977867     
         669         703  0.99796719744103124     
         670         704  0.99823809742405079     
         675         705  0.99726739410068910     
         676         706  0.99754849407469426     
         678         707  0.96037321626688987     
         681         708  0.98709044711604432     
         682         709  0.98392563558529900     
         686         710  0.93617453508437221     
         688         711  0.98401552089796729     
         689         712  0.98678401497161172     
         691         713  0.99811472730625572     
         692         714  0.99828050517278433     
