   -0.03132557
    0.05907097
   -0.04119814
   -0.03684418
    0.05842520
   -0.16242067
    0.00569686
    0.05578606
   -0.04031453
   -0.04045277
   -0.28947787
    0.06244882
    0.01107671
    0.06391952
   -0.03742377
   -0.03676723
    0.05818814
    0.00413791
    0.00678964
   -0.02277604
   -0.02900496
   -0.03148888
   -0.02880853
   -0.02314969
    0.05680581
   -0.04082759
   -0.04423380
    0.05608565
   -0.29335661
   -0.15951480
    0.00690931
   -0.02372717
   -0.02930763
   -0.03123284
   -0.02815685
   -0.02178571
    0.01973461
    0.03084577
    0.02281075
    0.16110595
    0.01524302
    0.01981278
    0.02878137
    0.02399887
    0.02033182
    0.02527361
    0.02495521
    0.02614384
    0.02179336
    0.01371650
    0.02150682
    0.15941257
    0.02068366
    0.02518243
    0.02522602
    0.02681182
    0.02193838
   -0.03158195
    0.05906189
   -0.04129831
   -0.03685882
    0.05828834
   -0.16253855
    0.00568331
    0.05554477
   -0.04036476
   -0.04058729
   -0.28939148
    0.06237449
    0.01102711
    0.06371793
   -0.03764696
   -0.03689666
    0.05799341
    0.00402581
    0.00672991
   -0.02283295
   -0.02909364
   -0.03154874
   -0.02882765
   -0.02308937
    0.05671065
   -0.04083045
   -0.04430888
    0.05606863
   -0.29348558
   -0.15950196
    0.00691303
   -0.02368816
   -0.02930231
   -0.03122148
   -0.02818346
   -0.02175000
    0.01959136
    0.03072507
    0.02267942
    0.16101225
    0.01519793
    0.02000133
    0.02876887
    0.02384415
    0.02007722
    0.02512268
    0.02485159
    0.02618586
    0.02193817
    0.01362907
    0.02140019
    0.15928758
    0.02070122
    0.02515952
    0.02518373
    0.02676699
    0.02178585
   -0.02635871
   -0.02667781
   -0.02961160
   -0.02327349
   -0.02954351
   -0.02347773
   -0.02654162
   -0.02667170
    0.00708953
    0.06339719
   -0.03976262
   -0.03716785
    0.05654300
   -0.15952074
    0.00750529
    0.05442580
   -0.04095704
   -0.04246558
   -0.28982032
    0.06154054
    0.00741727
    0.06327502
   -0.03981744
   -0.03723813
    0.05648046
    0.00746673
    0.00757016
   -0.02286566
   -0.02899547
   -0.03143784
   -0.02852507
   -0.02174344
    0.05452439
   -0.04091771
   -0.04246021
    0.06160973
   -0.29001154
   -0.15937124
    0.00761335
   -0.02287809
   -0.02897231
   -0.03138704
   -0.02850012
   -0.02167970
    0.02603249
    0.02216626
    0.15952418
    0.01341432
    0.01736118
    0.02622973
    0.02218733
    0.02145825
    0.02519509
    0.02429491
    0.02549998
    0.02110264
    0.01336495
    0.01702940
    0.15949413
    0.02134916
    0.02514395
    0.02433386
    0.02555053
    0.02113616
