   -0.03788205
    0.05755854
   -0.04384870
   -0.03707608
    0.05711776
   -0.16252185
    0.01297646
    0.05494245
   -0.04106984
   -0.04306797
   -0.28757145
    0.06081429
    0.00533586
    0.06227933
   -0.04069301
   -0.03798152
    0.05674880
    0.01104009
   -0.00763226
    0.09543207
   -0.24020261
    0.03663644
   -0.04512562
   -0.03417698
   -0.04802276
    0.09448988
   -0.23053139
    0.03525060
    0.05671638
   -0.04100546
   -0.04585530
    0.05457379
   -0.29310683
   -0.15822706
   -0.00726407
    0.09474819
   -0.24231590
    0.03657568
   -0.04503786
   -0.03407212
   -0.04742175
    0.09490180
   -0.23011213
    0.03548207
    0.01556575
    0.02666669
    0.02173494
    0.15908802
    0.01509320
    0.01689842
    0.02546310
    0.02276652
    0.02660378
    0.03851523
    0.02655809
    0.02880907
    0.02613288
    0.02905961
    0.04275029
    0.03078927
    0.03224439
    0.01393248
    0.01807998
    0.15776879
    0.02910043
    0.03824472
    0.02482753
    0.02853166
    0.02629939
    0.02959623
    0.03041216
    0.04338172
    0.03325620
   -0.03787641
    0.05756424
   -0.04384791
   -0.03706971
    0.05712402
   -0.16253373
    0.01297780
    0.05494952
   -0.04106639
   -0.04306260
   -0.28755491
    0.06082311
    0.00533991
    0.06227185
   -0.04069293
   -0.03797541
    0.05675366
    0.01102695
   -0.00760830
    0.09541387
   -0.24026796
    0.03663974
   -0.04510147
   -0.03417289
   -0.04800593
    0.09448606
   -0.23053318
    0.03524957
    0.05672676
   -0.04099297
   -0.04584724
    0.05457688
   -0.29310122
   -0.15823158
   -0.00722210
    0.09471495
   -0.24241333
    0.03657434
   -0.04500435
   -0.03406746
   -0.04739263
    0.09490621
   -0.23010442
    0.03548020
    0.01556769
    0.02666660
    0.02172656
    0.15908172
    0.01509582
    0.01690001
    0.02545927
    0.02275439
    0.02658167
    0.03849334
    0.02655430
    0.02881836
    0.02613952
    0.02906151
    0.04274578
    0.03079130
    0.03224254
    0.01393970
    0.01808488
    0.15776130
    0.02907912
    0.03821409
    0.02480064
    0.02854203
    0.02630729
    0.02960865
    0.03042099
    0.04339193
    0.03325475
   -0.02925724
   -0.02925680
   -0.03261188
   -0.02810267
   -0.03260991
   -0.02810169
