   -0.05706559
   -0.01155292
    0.06381048
   -0.03616591
   -0.03627104
    0.06965090
   -0.16680828
    0.02362429
   -0.01743433
   -0.02757749
    0.02974656
   -0.01623654
    0.05392761
   -0.25935124
    0.05325554
   -0.01719841
    0.06853162
   -0.03452346
   -0.03230106
   -0.16517508
    0.06910918
    0.02747235
    0.06910947
   -0.03250005
   -0.03443648
    0.06850920
   -0.16535389
    0.02367294
   -0.01739646
   -0.02751602
    0.02976403
   -0.01619688
    0.05400460
   -0.25924891
    0.05326920
   -0.01715691
    0.06966726
   -0.03619558
   -0.03606380
    0.06388141
   -0.16660443
    0.03182998
    0.03404100
    0.02941386
    0.03731204
    0.03351620
    0.03190421
    0.03530929
    0.03094010
    0.02795486
    0.02731596
    0.03078783
    0.03742501
    0.03365064
    0.03191462
    0.03519718
    0.02951978
    0.03404837
   -0.05665924
   -0.01142722
    0.06385509
   -0.03613779
   -0.03628303
    0.06957776
   -0.16663733
    0.02370832
   -0.01741559
   -0.02760395
    0.02975319
   -0.01630260
    0.05388738
   -0.25933917
    0.05327526
   -0.01714888
    0.06823307
   -0.03451162
   -0.03246366
   -0.16506091
    0.06934632
    0.02730019
    0.06943796
   -0.03254107
   -0.03437167
    0.06839910
   -0.16516612
    0.02387684
   -0.01735662
   -0.02739940
    0.02978771
   -0.01619074
    0.05402010
   -0.25917871
    0.05330704
   -0.01711295
    0.06969142
   -0.03618169
   -0.03606458
    0.06389466
   -0.16654297
    0.03189361
    0.03409552
    0.02942714
    0.03715322
    0.03346555
    0.03195162
    0.03530771
    0.03090477
    0.02772724
    0.02714413
    0.03075840
    0.03725886
    0.03364285
    0.03197206
    0.03527341
    0.02955273
    0.03413725
   -0.01921329
   -0.01878451
   -0.01927398
   -0.01957359
   -0.01934295
   -0.01955853
   -0.05349569
    0.02724658
    0.06897051
   -0.03299125
   -0.03430517
    0.06836173
   -0.16427102
    0.02604718
   -0.01683999
   -0.02609189
    0.02998915
   -0.01615869
    0.05400246
   -0.25874152
    0.05383968
   -0.01628389
    0.06806156
   -0.03402375
   -0.03272236
   -0.16422211
    0.06988876
    0.02718554
    0.07017972
   -0.03257179
   -0.03374803
    0.06803548
   -0.16391804
    0.02609112
   -0.01691087
   -0.02602592
    0.02996271
   -0.01630729
    0.05383367
   -0.25870953
    0.05403794
   -0.01614287
    0.06834084
   -0.03435791
   -0.03280717
    0.06903219
   -0.16423324
    0.02662932
    0.03053031
    0.03705758
    0.03342288
    0.03300604
    0.03665870
    0.03105852
    0.02750969
    0.02720527
    0.03110096
    0.03670905
    0.03301623
    0.03353701
    0.03716596
    0.03082544
    0.02747683
   -0.05234198
    0.02750639
    0.06981465
   -0.03286895
   -0.03416541
    0.06779231
   -0.16381716
    0.02629068
   -0.01703259
   -0.02607752
    0.02993825
   -0.01638328
    0.05379745
   -0.25880191
    0.05396823
   -0.01618637
    0.06793258
   -0.03446941
   -0.03300438
   -0.16373713
    0.06913178
    0.02728292
    0.06916138
   -0.03312779
   -0.03442173
    0.06800439
   -0.16391222
    0.02638649
   -0.01694331
   -0.02594590
    0.02997423
   -0.01612760
    0.05403310
   -0.25865444
    0.05386070
   -0.01631921
    0.06780376
   -0.03400571
   -0.03273175
    0.07002174
   -0.16363766
    0.02769454
    0.03115637
    0.03664889
    0.03296519
    0.03339445
    0.03711953
    0.03083199
    0.02746715
    0.02654888
    0.03055820
    0.03708080
    0.03353138
    0.03305811
    0.03654354
    0.03102516
    0.02732175
