           1           2   1.3611013742526670     
           2           3   1.2509464652635645     
           3           4   1.5813319050704091     
           4           5   1.2657345188417131     
           2           6   1.2225372432676700     
           5           6   1.2493751988457973     
           5           7   1.2867495292464877     
           7           8   1.1869030998983365     
           8           9   2.6578136357242852     
           9          10   1.1547769443144411     
          10          11   1.3726966958644673     
          11          12   1.4633519482629462     
          12          13   1.4690924871704092     
          13          14   1.4686055060774836     
          10          15   1.3728903371665049     
          14          15   1.4633207687029568     
           7          16   1.3156076869775561     
          16          17   1.1635565404040060     
          17          18   1.6933894555006599     
          16          19   1.3820704256659340     
          18          20   1.1634046254278834     
          19          20   1.3902886940352635     
          20          21   1.3034970422821988     
          21          22   1.2789744835625350     
          22          23   1.2754163830498664     
          23          24   1.5686422163263039     
          24          25   1.2722848483746683     
          22          26   1.2406221001956028     
          25          26   1.2393089541396964     
          25          27   1.2904658836564613     
          27          28   1.1910697358697775     
          28          29   2.6528375135063076     
          29          30   1.1564355444774101     
          30          31   1.3713878901423244     
          31          32   1.4639913106082307     
          32          33   1.4681865098654141     
          33          34   1.4682429172318079     
          30          35   1.3716246902867595     
          34          35   1.4639897035247806     
          27          36   1.3005876290022687     
          36          37   1.1563041864754879     
          37          38   1.7055297115155821     
           1          39   1.4031643549779675     
          38          39   1.1462330375933609     
          36          40   1.4130241092857874     
          39          40   1.3507973156894870     
           1          41  0.99590195563640693     
           3          42  0.99255740907541623     
           4          43  0.99959061802935079     
           6          44  0.96144499357703339     
          11          45  0.98826462766099099     
          12          46  0.98214034935295713     
          14          47  0.98184872765914710     
          15          48  0.98808160566530479     
          17          49  0.99996340648492088     
          18          50  0.99897367383299174     
          23          51  0.99804148270814974     
          24          52  0.99903395340594736     
          26          53  0.96045326800446140     
          31          54  0.98809557769855927     
          32          55  0.98196454697083424     
          34          56  0.98218973229082251     
          35          57  0.98836879129044941     
          37          58   1.0006498958499619     
          38          59  0.99304168697414785     
          60          61   1.3608405992540848     
          61          62   1.2508498884794601     
          62          63   1.5813510980733370     
          63          64   1.2658649676360982     
          61          65   1.2230457114140594     
          64          65   1.2487479014194540     
          64          66   1.2871158971183703     
          66          67   1.1865332243712436     
          67          68   2.6584458781787359     
          68          69   1.1545196914455624     
          69          70   1.3730112969116759     
          70          71   1.4631839642721685     
          71          72   1.4692717439465339     
          72          73   1.4687250279569879     
          69          74   1.3730803662843458     
          73          74   1.4632086273402545     
          66          75   1.3164689640952869     
          75          76   1.1637149398706113     
          76          77   1.6931551295096057     
          75          78   1.3807729702087523     
          77          79   1.1636049803898707     
          78          79   1.3918649758555977     
          79          80   1.3016051883526130     
          80          81   1.2780440671088611     
          81          82   1.2760280464451244     
          82          83   1.5677878667088121     
          83          84   1.2729039764704386     
          81          85   1.2410943639772485     
          84          85   1.2390575736409559     
          84          86   1.2898113392383324     
          86          87   1.1909658467041675     
          87          88   2.6530884186153370     
          88          89   1.1563539744779894     
          89          90   1.3714555864268214     
          90          91   1.4639759641563046     
          91          92   1.4682041960142220     
          92          93   1.4683260494391392     
          89          94   1.3717531742364055     
          93          94   1.4639127756782178     
          86          95   1.3017151897064794     
          95          96   1.1561000060819537     
          96          97   1.7058869652843180     
          60          98   1.4028612210182172     
          97          98   1.1460323256523364     
          95          99   1.4120747555688264     
          98          99   1.3514455360351370     
          60         100  0.99587985381750421     
          62         101  0.99256424677526989     
          63         102  0.99957315644580014     
          65         103  0.96142981969587749     
          70         104  0.98822152249516848     
          71         105  0.98213031762600544     
          73         106  0.98181566119863461     
          74         107  0.98808506761315262     
          76         108  0.99997244287278186     
          77         109  0.99903511954265445     
          82         110  0.99801724156161742     
          83         111  0.99906892277873049     
          85         112  0.96048536815041952     
          90         113  0.98809589087609073     
          91         114  0.98196023729974224     
          93         115  0.98219095139698764     
          94         116  0.98836298458932847     
          96         117   1.0006582388349321     
          97         118  0.99305230490721963     
          21         119   1.2158673173789345     
         119         120   2.4696007076523969     
         120         121   1.3587926325997988     
         119         122  0.16849178112186469     
         121         122   2.3497938219275345     
         122         123   1.3872383753358939     
         121         124  0.16257521457694660     
         123         124   2.3477884071580526     
         124         125   1.3615208090609210     
         123         126  0.16749002805135724     
         125         126   2.4630195972160216     
         127         128   2.4510329243903102     
         128         129   1.3713672301646582     
         127         130  0.16540462711907389     
         129         130   2.3335413820820423     
         130         131   1.3986596809514855     
         129         132  0.15986802980568526     
         131         132   2.3334782057315020     
         132         133   1.3714704839090406     
         131         134  0.16537914299573175     
         133         134   2.4508176578824599     
         135         136   2.4604522593191498     
         136         137   1.3635504066390642     
         135         138  0.16708517084078908     
         137         138   2.3450289995671261     
         138         139   1.3893582745658237     
         137         140  0.16208826319387845     
         139         140   2.3469573425113719     
         140         141   1.3608789578850957     
          80         142   1.2180750943763414     
         139         142  0.16799161574647145     
         141         142   2.4667387412274380     
         126         143   1.2213508335803871     
         143         144   1.2718855781699265     
         144         145   1.2793195281369447     
         145         146   1.5632815821864090     
         146         147   1.2779196039578704     
         144         148   1.2453868289196233     
         147         148   1.2364040826307918     
         147         149   1.2856683536811020     
         149         150   1.1849891104547765     
         150         151   2.6619294213058504     
         151         152   1.1533934507655963     
         152         153   1.3744477608326966     
         153         154   1.4623517206876475     
         154         155   1.4697335951334780     
         155         156   1.4699357379432052     
         152         157   1.3742071896969157     
         156         157   1.4624308142135565     
         149         158   1.3236521664746475     
         158         159   1.1638362371602973     
         159         160   1.6918954881502963     
         158         161   1.3740477978872723     
         160         162   1.1654325844316413     
         161         162   1.3991711259845405     
         127         163   1.2309833891050777     
         162         163   1.2930520990710139     
         163         164   1.2683899056280141     
         164         165   1.2820149468274460     
         165         166   1.5603288542071998     
         166         167   1.2797118235362308     
         164         168   1.2455395494622299     
         167         168   1.2374792174770282     
         167         169   1.2825051829090737     
         169         170   1.1858091913773039     
         170         171   2.6606601724493575     
         171         172   1.1538967561278308     
         172         173   1.3739260129362898     
         173         174   1.4626648450835362     
         174         175   1.4694799827875813     
         175         176   1.4696429627115932     
         172         177   1.3738164102014305     
         176         177   1.4626442981387942     
         169         178   1.3244430403052634     
         178         179   1.1626346420906393     
         179         180   1.6939203762022146     
         143         181   1.2981138634599387     
         180         181   1.1639821617212003     
         178         182   1.3753761250798109     
         181         182   1.3958877669205583     
         145         183  0.99811245167581808     
         146         184  0.99943215059828650     
         148         185  0.96110271858452667     
         153         186  0.98802320351868134     
         154         187  0.98181922429100488     
         156         188  0.98192044638691223     
         157         189  0.98804119828399706     
         159         190   1.0002045295370896     
         160         191  0.99910382324360802     
         165         192  0.99810351169699574     
         166         193  0.99940250932062913     
         168         194  0.96128813028532878     
         173         195  0.98813914858833818     
         174         196  0.98193340892865932     
         176         197  0.98189243599021536     
         177         198  0.98801318416556094     
         179         199   1.0002917412789278     
         180         200  0.99909778295200302     
         134         201   1.2311413879238862     
         201         202   1.2683131938675423     
         202         203   1.2819801185848974     
         203         204   1.5603442108108463     
         204         205   1.2797157282944067     
         202         206   1.2457697046420386     
         205         206   1.2371589723787000     
         205         207   1.2828123025248204     
         207         208   1.1856601978908543     
         208         209   2.6608887754019395     
         209         210   1.1537816921020150     
         210         211   1.3739816735632302     
         211         212   1.4626509896906215     
         212         213   1.4694793698961894     
         213         214   1.4697358198071424     
         210         215   1.3739640534438757     
         214         215   1.4625541347736359     
         207         216   1.3246077092130599     
         216         217   1.1629250692681159     
         217         218   1.6934418007865100     
         216         219   1.3746801694327588     
         218         220   1.1643021906080477     
         219         220   1.3968559461616319     
         135         221   1.2234138395202685     
         220         221   1.2965678706923454     
         221         222   1.2711886321131907     
         222         223   1.2798591651206941     
         223         224   1.5626317281049840     
         224         225   1.2783467119418650     
         222         226   1.2455920116897032     
         225         226   1.2363147157281309     
         225         227   1.2852733568266776     
         227         228   1.1850707675108472     
         228         229   2.6618878922509843     
         229         230   1.1534656460625805     
         230         231   1.3743232798524168     
         231         232   1.4624662538719839     
         232         233   1.4696162009932787     
         233         234   1.4699949651299031     
         230         235   1.3742560552430403     
         234         235   1.4623864946735654     
         227         236   1.3239930228370087     
         236         237   1.1638431233362523     
         237         238   1.6918637750435701     
         201         239   1.2926116843514046     
         238         239   1.1654563327877088     
         236         240   1.3736154342276263     
         239         240   1.3994970757312777     
         203         241  0.99810233540601767     
         204         242  0.99940627891838385     
         206         243  0.96127408438147499     
         211         244  0.98813141840328100     
         212         245  0.98192097923741961     
         214         246  0.98190403218489486     
         215         247  0.98800575740681063     
         217         248   1.0002918179837308     
         218         249  0.99915418452385352     
         223         250  0.99810831342011752     
         224         251  0.99943713940905055     
         226         252  0.96113216007670799     
         231         253  0.98806620677680768     
         232         254  0.98182144847965402     
         234         255  0.98193475738958591     
         235         256  0.98803186562156520     
         237         257   1.0002523974531472     
         238         258  0.99913478807818468     
