    0.27409174
   -0.03279033
    0.05584808
   -0.04452591
   -0.03858012
    0.05470214
   -0.21554632
    0.00753854
   -0.00424714
   -0.02605390
   -0.04093022
    0.05998346
   -0.25282316
    0.00211483
   -0.03640547
   -0.02472159
    0.05408255
   -0.03841457
   -0.03815497
   -0.21163482
    0.06083764
    0.01002272
    0.06069529
   -0.03828919
   -0.03857852
    0.05403158
   -0.21177909
    0.00751130
   -0.00420282
   -0.02466383
   -0.03633182
    0.05992937
   -0.25290003
    0.00205860
   -0.04086598
   -0.02603532
    0.05473248
   -0.03856020
   -0.04452549
    0.05582703
   -0.21543747
    0.01491707
    0.02111906
    0.01365125
    0.01532375
    0.02044854
    0.16375833
    0.03074841
    0.02417260
    0.03120172
    0.02302493
    0.01582966
    0.01557743
    0.01715618
    0.01722179
    0.01551212
    0.01592997
    0.02309698
    0.16355037
    0.02414014
    0.03114128
    0.03068774
    0.02044286
    0.01528824
    0.01363103
    0.02111342
    0.27302348
   -0.03295174
    0.05581610
   -0.04459549
   -0.03865139
    0.05462464
   -0.21559240
    0.00741513
   -0.00421202
   -0.02606157
   -0.04098591
    0.05986580
   -0.25287401
    0.00206401
   -0.03652358
   -0.02477535
    0.05392215
   -0.03872570
   -0.03842379
   -0.21184604
    0.06067895
    0.00981969
    0.06062144
   -0.03848082
   -0.03877454
    0.05391102
   -0.21181319
    0.00742201
   -0.00416472
   -0.02466897
   -0.03637874
    0.05982759
   -0.25297082
    0.00201344
   -0.04091615
   -0.02604429
    0.05463367
   -0.03863841
   -0.04459422
    0.05581460
   -0.21561773
    0.01479033
    0.02102398
    0.01354030
    0.01531206
    0.02038516
    0.16372943
    0.03045051
    0.02421393
    0.03116656
    0.02293923
    0.01584191
    0.01528078
    0.01694506
    0.01691279
    0.01522967
    0.01590118
    0.02304291
    0.16347810
    0.02417552
    0.03110504
    0.03047203
    0.02039011
    0.01527913
    0.01353881
    0.02103561
   -0.03669841
   -0.03342052
   -0.03369904
   -0.03690867
    0.31548939
    0.00348177
    0.06010542
   -0.04083340
   -0.03821522
    0.05063924
   -0.20995244
    0.00978742
   -0.00380862
   -0.02449301
   -0.04028432
    0.06073176
   -0.25153131
    0.00215998
   -0.03654747
   -0.02401243
    0.05050739
   -0.03860196
   -0.04097351
   -0.21007413
    0.05998167
    0.00335927
    0.05998959
   -0.04099067
   -0.03858470
    0.05050582
   -0.20994781
    0.00986839
   -0.00380830
   -0.02401981
   -0.03654890
    0.06072073
   -0.25152568
    0.00215260
   -0.04024586
   -0.02444381
    0.05060976
   -0.03814484
   -0.04072444
    0.06024112
   -0.20997467
    0.01477149
    0.01339702
    0.01636124
    0.02100481
    0.16446556
    0.02513446
    0.02869921
    0.03110055
    0.02301153
    0.01619357
    0.01362112
    0.01458250
    0.01457539
    0.01360370
    0.01618984
    0.02301931
    0.16444275
    0.02870256
    0.03114280
    0.02506304
    0.02106341
    0.01642476
    0.01342652
    0.01461679
