           2           3   1.3833361251401055     
           3           4   1.2002118425062123     
           4           5   1.6388242833249433     
           5           6   1.2097194477405133     
           1           7  0.56979166931847547     
           3           7   1.2846902948159546     
           6           7   1.2702211023349335     
           6           8   1.3695943693580199     
           8           9   1.0505937206694862     
           9          10   1.4142356290734568     
          10          11   1.3936161185950122     
          11          12   1.1212110706136769     
          11          13   1.3593080312723373     
          13          14   1.0860232624216841     
          13          15   1.3699310779351561     
          15          16   1.0911619827559447     
           9          17   1.4069763205564552     
          15          17   1.4011288891938249     
           8          18   1.3593658116017475     
          18          19   1.2246320140044920     
          19          20   1.6110060738393535     
           1          21  0.56160502194844319     
          18          21   1.2611135087965053     
          20          22   1.2335556777318406     
          21          22   1.3150460410170710     
          22          23   1.2759990550687821     
          23          24   1.2781022849256278     
          24          25   1.2314942824702528     
          25          26   1.6143061709284157     
          26          27   1.2228450737254559     
           1          28  0.56191562459750222     
          24          28   1.3150900757915389     
          27          28   1.2598136806251625     
          27          29   1.3633286640762501     
          29          30   1.0468790884149330     
          30          31   1.4160698391613438     
          31          32   1.3931489739155809     
          32          33   1.1222380116751134     
          32          34   1.3590550948792708     
          34          35   1.0855343694972284     
          34          36   1.3709920506351816     
          36          37   1.0901640325563760     
          30          38   1.4086670903121039     
          36          38   1.4000053282045435     
          29          39   1.3684792464263922     
          39          40   1.2107687415339037     
          40          41   1.6366245968475230     
           2          42   1.3816286132679261     
          41          42   1.2013948913362118     
           1          43  0.56925258353968611     
          39          43   1.2705021424699088     
          42          43   1.2853050603720033     
           2          44  0.99894883312794036     
           4          45  0.99502137814693392     
           5          46   1.0011251168370059     
          10          47  0.99427507863627629     
          12          48  0.96562651128679211     
          14          49  0.96282304560803200     
          16          50  0.96338967320526381     
          17          51  0.99277088641645461     
          19          52   1.0001884316736636     
          20          53   1.0001567556760962     
          25          54   1.0001384229409205     
          26          55   1.0003503649345105     
          31          56  0.99394547200901540     
          33          57  0.96539059035423647     
          35          58  0.96313060586076027     
          37          59  0.96402504540534317     
          38          60  0.99269214450998011     
          40          61   1.0013877757519407     
          41          62  0.99508014128264977     
          64          65   1.3833777666935627     
          65          66   1.2000771972308273     
          66          67   1.6389848100684914     
          67          68   1.2096364745918149     
          63          69  0.56977596824162058     
          65          69   1.2847843389688052     
          68          69   1.2700186716139599     
          68          70   1.3701751603273198     
          70          71   1.0491295919374672     
          71          72   1.4150473362768592     
          72          73   1.3932462918497956     
          73          74   1.1213142193707373     
          73          75   1.3594674561249898     
          75          76   1.0858481542025535     
          75          77   1.3700684108985011     
          77          78   1.0911952466876094     
          71          79   1.4075393317292162     
          77          79   1.4008657251867336     
          70          80   1.3598968310748134     
          80          81   1.2244665245794726     
          81          82   1.6112468540427840     
          63          83  0.56180801851122009     
          80          83   1.2609623394125442     
          82          84   1.2333639877359566     
          83          84   1.3150762907010229     
          84          85   1.2761902519698203     
          85          86   1.2778681880040621     
          86          87   1.2315313592250230     
          87          88   1.6142375645594986     
          88          89   1.2229030891706532     
          63          90  0.56173855991748323     
          86          90   1.3152363177122657     
          89          90   1.2597239891219685     
          89          91   1.3634913612974586     
          91          92   1.0464243567035496     
          92          93   1.4162963000307049     
          93          94   1.3930225383555652     
          94          95   1.1222881309165231     
          94          96   1.3591111217166563     
          96          97   1.0854665157460479     
          96          98   1.3710226181111762     
          98          99   1.0901947525285112     
          92         100   1.4088569047137525     
          98         100   1.3999313870007557     
          91         101   1.3686986961671199     
         101         102   1.2107728005417380     
         102         103   1.6366481773029500     
          64         104   1.3815644245170382     
         103         104   1.2013662652285568     
          63         105  0.56939851691768495     
         101         105   1.2703569728767630     
         104         105   1.2853656591058675     
          64         106  0.99895455303649827     
          66         107  0.99504127987441304     
          67         108   1.0012128343620470     
          72         109  0.99421093741292710     
          74         110  0.96559934391859870     
          76         111  0.96284745228176827     
          78         112  0.96339600011403337     
          79         113  0.99269711048356690     
          81         114   1.0002765244429219     
          82         115   1.0001254793677774     
          87         116   1.0001715239810918     
          88         117   1.0003811689038153     
          93         118  0.99391436657988508     
          95         119  0.96537420340223568     
          97         120  0.96314769227981401     
          99         121  0.96401924565177377     
         100         122  0.99266413876950133     
         102         123   1.0014205897880581     
         103         124  0.99508042696897581     
          23         125   1.2436751155939401     
         125         126   2.4339447317481508     
         126         127   1.3822770665900093     
         125         128  0.15879535335900632     
         127         128   2.3153192640557334     
         128         129   1.4102239549285840     
         127         130  0.15302139930855133     
         129         130   2.3152880426531066     
         130         131   1.3822909924097198     
          85         132   1.2437284393639432     
         129         132  0.15879447867077168     
         131         132   2.4338876381121479     
