           2           3   1.3948978578130609     
           3           4   1.2035749303258747     
           4           5   1.6373615538219657     
           5           6   1.2097613122265320     
           1           7  0.87254041605823229     
           3           7   1.2215752980140859     
           6           7   1.2283033595711099     
           6           8   1.3624234770916404     
           8           9   1.0455499824081280     
           9          10   1.4157445706895391     
          10          11   1.4707933346058621     
          11          12   1.3895046280591388     
          12          13   1.0820624069668712     
          13          14   1.9407263446029823     
          12          15   1.3841864565989119     
           9          16   1.4201161149313253     
          15          16   1.4662135546524238     
           8          17   1.3730876416982087     
          17          18   1.2146859439007642     
          18          19   1.6251346847520880     
           1          20  0.86687535092531676     
          17          20   1.2155268598257187     
          19          21   1.2271792119491181     
          20          21   1.2500140148815808     
          21          22   1.3055968491146275     
          22          23   1.3082389683550946     
          23          24   1.2275190422255897     
          24          25   1.6232884710848703     
          25          26   1.2166089854421092     
           1          27  0.86647375484383471     
          23          27   1.2455715416599351     
          26          27   1.2203706647464965     
          26          28   1.3661426665888696     
          28          29   1.0557845025353800     
          29          30   1.4160387754979664     
          30          31   1.4678160523806767     
          31          32   1.3834939687876613     
          32          33   1.0819178860256002     
          33          34   1.9409053551850404     
          32          35   1.3887175530397404     
          29          36   1.4112652011082822     
          35          36   1.4724288731489481     
          28          37   1.3624188547383920     
          37          38   1.2098118579177608     
          38          39   1.6361964860849381     
           2          40   1.3925771635045869     
          39          40   1.2044100658727526     
           1          41  0.87258017958339573     
          37          41   1.2270404982996237     
          40          41   1.2232657043625847     
           2          42  0.99606302919071243     
           4          43  0.99303967475430932     
           5          44  0.99878493277058855     
          10          45  0.98856896127563032     
          11          46  0.98832783753191322     
          13          47  0.95461988840612277     
          15          48  0.98240566191024936     
          16          49  0.98791579124445916     
          18          50  0.99819848549810242     
          19          51  0.99800459963812516     
          24          52  0.99779776234750406     
          25          53  0.99759035590190104     
          30          54  0.98839512621561554     
          31          55  0.98241051098171461     
          33          56  0.95464518467552462     
          35          57  0.98800182736946962     
          36          58  0.98838831292689988     
          38          59  0.99848791716776431     
          39          60  0.99292588942702931     
          62          63   1.3939892642927658     
          63          64   1.2039534855409373     
          64          65   1.6369964876747376     
          65          66   1.2097212966804023     
          61          67  0.86714888083420472     
          63          67   1.2248258715383742     
          66          67   1.2293302909764943     
          66          68   1.3636959765975740     
          68          69   1.0495881156843232     
          69          70   1.4136713501012776     
          70          71   1.4717465368660338     
          71          72   1.3889463670206623     
          72          73   1.0822502505888367     
          73          74   1.9405846041893839     
          72          75   1.3839689123083512     
          69          76   1.4187163791425481     
          75          76   1.4667443756356371     
          68          77   1.3702592255294217     
          77          78   1.2152650778229970     
          78          79   1.6251713011685331     
          61          80  0.86240274152636043     
          77          80   1.2203089659342492     
          79          81   1.2262109806706598     
          80          81   1.2490532104033842     
          81          82   1.3092962368253287     
          82          83   1.3097152752913557     
          83          84   1.2259996816091152     
          84          85   1.6262696835519570     
          85          86   1.2145546697159186     
          61          87  0.86208999483524917     
          83          87   1.2497202281375541     
          86          87   1.2195237471044176     
          86          88   1.3719041092814479     
          88          89   1.0484486237536890     
          89          90   1.4189374801266974     
          90          91   1.4665846356477392     
          91          92   1.3841605294001893     
          92          93   1.0815758798108481     
          93          94   1.9414899346868595     
          92          95   1.3895575211595377     
          89          96   1.4145624161387353     
          95          96   1.4710093838723237     
          88          97   1.3630687108050326     
          97          98   1.2096599448244512     
          98          99   1.6374277524789436     
          62         100   1.3948519574148803     
          99         100   1.2037490737156464     
          61         101  0.86784579509190929     
          97         101   1.2298823584715515     
         100         101   1.2241071418972513     
          62         102  0.99619675206441505     
          64         103  0.99283348870957788     
          65         104  0.99863435634589182     
          70         105  0.98851792807225336     
          71         106  0.98816418904069792     
          73         107  0.95466260086153021     
          75         108  0.98238923574807935     
          76         109  0.98808782772601123     
          78         110  0.99784903635614264     
          79         111  0.99822373142557608     
          84         112  0.99811900767015027     
          85         113  0.99768382260110100     
          90         114  0.98804991843057866     
          91         115  0.98242071777778706     
          93         116  0.95458960697509054     
          95         117  0.98813985526270010     
          96         118  0.98828985832951000     
          98         119  0.99870799042446357     
          99         120  0.99284720152952455     
          22         121   1.2030290961704309     
         121         122   2.6305090886773277     
          82         124   1.1990083028945475     
         123         124   2.6333303684235534     
         122         126   1.2054472945195707     
         126         127   1.3023134225366131     
         127         128   1.2317966158496934     
         128         129   1.6173834089998733     
         129         130   1.2212068949090247     
         125         131  0.87077126305248420     
         127         131   1.2445929239869875     
         130         131   1.2174995747585799     
         130         132   1.3613974013818331     
         132         133   1.0593410091522049     
         133         134   1.4102386735540835     
         134         135   1.4725663244636384     
         135         136   1.3889729224263159     
         136         137   1.0810326337256899     
         137         138   1.9416160424246607     
         136         139   1.3839343810208027     
         133         140   1.4152074254587745     
         139         140   1.4679131314731706     
         132         141   1.3642355410072395     
         141         142   1.2190807629242300     
         142         143   1.6201679097792363     
         125         144  0.87306313159299287     
         141         144   1.2167012365954417     
         143         145   1.2295021245550375     
         144         145   1.2442530845733752     
         123         146   1.2020653890725326     
         145         146   1.3063112691127774     
         146         147   1.3034608811033503     
         147         148   1.2312498470758706     
         148         149   1.6177707327860316     
         149         150   1.2208968608555355     
         125         151  0.87053438244316761     
         147         151   1.2447419139201679     
         150         151   1.2172888523330658     
         150         152   1.3618533526224847     
         152         153   1.0593680929267140     
         153         154   1.4152726691908950     
         154         155   1.4678595522316278     
         155         156   1.3839480849889325     
         156         157   1.0812182099091090     
         157         158   1.9413542450732044     
         156         159   1.3888380097974853     
         153         160   1.4101285492809110     
         159         160   1.4726853452741495     
         152         161   1.3638262727885255     
         161         162   1.2195100351879866     
         162         163   1.6196460702662392     
         126         164   1.3045295403355721     
         163         164   1.2301437582737076     
         125         165  0.87335538406609681     
         161         165   1.2166393146678145     
         164         165   1.2444471825464092     
         128         166  0.99797223916355327     
         129         167  0.99810615786448287     
         134         168  0.98874401775905019     
         135         169  0.98810831123603315     
         137         170  0.95454070602052454     
         139         171  0.98209768586641522     
         140         172  0.98815417370672731     
         142         173  0.99790680064144910     
         143         174  0.99771415210808057     
         148         175  0.99790785114292346     
         149         176  0.99803190874811731     
         154         177  0.98815390869117203     
         155         178  0.98209351072787721     
         157         179  0.95456734182741287     
         159         180  0.98811229579355220     
         160         181  0.98873922492061639     
         162         182  0.99796963938626959     
         163         183  0.99775992520436019     
