           2           3   1.3938118644336579     
           3           4   1.1996790920971585     
           4           5   1.6413048643177917     
           5           6   1.2006480784552844     
           1           7  0.86871111181870542     
           3           7   1.2238524809790112     
           6           7   1.2255608465691767     
           6           8   1.3898440644064960     
           8           9   1.4003621954028982     
           9          10   1.2052050949552569     
          10          11   1.6299542396690647     
           1          12  0.86127272449961323     
           9          12   1.2136279820304872     
          11          13   1.2209613311720835     
          12          13   1.2495985328934267     
          13          14   1.3043934331174429     
          14          15   1.3047328047831614     
          15          16   1.2208156395173360     
          16          17   1.6301606633026076     
          17          18   1.2050645209348700     
           1          19  0.86117076862006214     
          15          19   1.2495408972222051     
          18          19   1.2136991124864034     
          18          20   1.4004099707660089     
          20          21   1.3898103454480459     
          21          22   1.2006162935105649     
          22          23   1.6413332226075048     
           2          24   1.3938501712043159     
          23          24   1.1996565257237903     
           1          25  0.86852052402727442     
          21          25   1.2256564386199653     
          24          25   1.2238563023280224     
           2          26  0.99540058796595443     
           4          27  0.99287553802546169     
           5          28  0.99300911141146730     
           8          29  0.99543035015261316     
          10          30  0.99240151357006745     
          11          31  0.99833709424179673     
          16          32  0.99832632968039603     
          17          33  0.99241225405081368     
          20          34  0.99543232238081936     
          22          35  0.99301049221895976     
          23          36  0.99287818672120542     
          38          39   1.3939288413522406     
          39          40   1.1994791546040708     
          40          41   1.6415838205151287     
          41          42   1.2003966204714149     
          37          43  0.86930521932954996     
          39          43   1.2236489321250639     
          42          43   1.2249455042579485     
          42          44   1.3906030578120878     
          44          45   1.3994661120726757     
          45          46   1.2048711441980089     
          46          47   1.6306134587699761     
          37          48  0.86271620818123085     
          45          48   1.2142647019824879     
          47          49   1.2203689693125270     
          48          49   1.2470232459197068     
          49          50   1.3075356285182433     
          50          51   1.3075605184981578     
          51          52   1.2201089740887405     
          52          53   1.6308408163396275     
          53          54   1.2048400988272761     
          37          55  0.86272076726322533     
          51          55   1.2473694712148837     
          54          55   1.2139630775363350     
          54          56   1.3996845722147033     
          56          57   1.3904515555366037     
          57          58   1.2003761579085517     
          58          59   1.6415598625278134     
          38          60   1.3938770177899904     
          59          60   1.1995164318071083     
          37          61  0.86924361296028163     
          57          61   1.2250685838414608     
          60          61   1.2236399375709688     
          38          62  0.99537007668527866     
          40          63  0.99288162677540037     
          41          64  0.99300614331861414     
          44          65  0.99537029159532986     
          46          66  0.99236816589536236     
          47          67  0.99807638205115479     
          52          68  0.99811344036579697     
          53          69  0.99237672629264129     
          56          70  0.99537184058816719     
          58          71  0.99301029689969200     
          59          72  0.99288394287644122     
          14          74   1.2106003142018495     
          73          74   2.5108412609393449     
          73          75   1.3246414740620402     
          74          76  0.18949214647621537     
          75          76   2.5091054917765967     
          77          78   2.5039027138605636     
          77          79   1.3289239248740339     
          78          80  0.18985458327952301     
          79          80   2.5039760420469870     
          81          82   2.5150203421611161     
          81          83   1.3185002260352086     
          50          84   1.2046078808284091     
          82          84  0.18830239497607343     
          83          84   2.5168204548132902     
          76          86   1.2132708219925226     
          86          87   1.3023160012928958     
          87          88   1.2238468541456542     
          88          89   1.6259612857501524     
          89          90   1.2089912902038358     
          85          91  0.86085139041072833     
          87          91   1.2493974360626976     
          90          91   1.2152112889640774     
          90          92   1.3940590238890338     
          92          93   1.3964903634639414     
          93          94   1.2084074874681288     
          94          95   1.6266530203234026     
          85          96  0.86055094293991241     
          93          96   1.2136898022167162     
          95          97   1.2233830466859228     
          96          97   1.2512921472190861     
          78          98   1.2162162076797494     
          97          98   1.3004589891886409     
          98          99   1.3005838464526078     
          99         100   1.2232766615182014     
         100         101   1.6267265227634191     
         101         102   1.2083735885066322     
          85         103  0.86098118207513119     
          99         103   1.2512683896632995     
         102         103   1.2136359816782598     
         102         104   1.3964800108509028     
         104         105   1.3941466001854705     
         105         106   1.2091144992772835     
         106         107   1.6258618812234600     
          86         108   1.3016392665259662     
         107         108   1.2238841691141211     
          85         109  0.86091364285085681     
         105         109   1.2150146394277526     
         108         109   1.2496550516354714     
          88         110  0.99836555215633904     
          89         111  0.99263410262555318     
          92         112  0.99551469290378258     
          94         113  0.99255608149507246     
          95         114  0.99838479956191817     
         100         115  0.99832492463859523     
         101         116  0.99255911014537457     
         104         117  0.99550801905785480     
         106         118  0.99260924342394075     
         107         119  0.99850506413780282     
          80         121   1.2160985204154764     
         121         122   1.3005479296307390     
         122         123   1.2231122372966845     
         123         124   1.6269843050494472     
         124         125   1.2080933974213759     
         120         126  0.86143593541974650     
         122         126   1.2509699915314174     
         125         126   1.2132740164579805     
         125         127   1.3969309369667842     
         127         128   1.3934864727879850     
         128         129   1.2086634640557519     
         129         130   1.6267128796412671     
         120         131  0.86241052813836916     
         128         131   1.2153791227768611     
         130         132   1.2230552092234948     
         131         132   1.2475553614483121     
          82         133   1.2073776461042385     
         132         133   1.3044746226492316     
         133         134   1.3052051379944376     
         134         135   1.2230273525338329     
         135         136   1.6268235191575817     
         136         137   1.2085372064844830     
         120         138  0.86242490658167004     
         134         138   1.2470974646118398     
         137         138   1.2157008765052877     
         137         139   1.3932733709286116     
         139         140   1.3970606752183481     
         140         141   1.2080424512089989     
         141         142   1.6270363134379808     
         121         143   1.3007307844437164     
         142         143   1.2230232873614211     
         120         144  0.86122849026576376     
         140         144   1.2132027830992000     
         143         144   1.2511294211577151     
         123         145  0.99838811478426492     
         124         146  0.99255931861391666     
         127         147  0.99545460965242738     
         129         148  0.99257730771080599     
         130         149  0.99825388032593732     
         135         150  0.99816033518334102     
         136         151  0.99260265881345955     
         139         152  0.99546412942681184     
         141         153  0.99256842591425487     
         142         154  0.99830955058502480     
