           1           2   1.3607611027945423     
           2           3   1.2459179597201047     
           3           4   1.5812043748821696     
           4           5   1.2587379348500767     
           2           6   1.2313412991724506     
           5           6   1.2197517238823750     
           5           7   1.3346449138928296     
           7           8   1.0582395461423058     
           8           9   1.4189468284073092     
           9          10   1.4559022365105099     
          10          11   1.4153825926402750     
          11          12  0.89207117603144037     
          12          13   1.8887444638463402     
          12          14   1.0767535822033296     
          12          15   1.8939210510607820     
          13          15  0.13423195510712926     
          11          16   1.4147988411405443     
           8          17   1.4178538977598163     
          16          17   1.4569647209146868     
           7          18   1.3646310481197736     
          18          19   1.1668774727988214     
          19          20   1.6781667423726085     
          18          21   1.3475467236332193     
          20          22   1.1753704966627616     
          21          22   1.4195229890128269     
          22          23   1.2751811834644970     
          23          24   1.2642440572289519     
          24          25   1.2870104534624809     
          25          26   1.5524684983994268     
          26          27   1.2755095932785370     
          24          28   1.2515046403262065     
          27          28   1.2222393995174423     
          27          29   1.3169608823427674     
          29          30   1.0583427701566035     
          30          31   1.4171411909465605     
          31          32   1.4572730891516954     
          32          33   1.4137804745156897     
          33          34  0.88966897112395982     
          34          35   1.8838573420974816     
          34          36   1.0870542592586370     
          34          37   1.9036381570485712     
          35          37  0.13335337328312410     
          36          37  0.10119046740265053     
          33          38   1.4164464776744090     
          30          39   1.4183162973538399     
          38          39   1.4555129755715515     
          29          40   1.3711987272658765     
          40          41   1.1517675048741454     
          41          42   1.7046415246013444     
           1          43   1.3803721007757688     
          42          43   1.1469443520895735     
          40          44   1.3656253426588014     
          43          44   1.3776600327758357     
           1          45  0.99676784362073911     
           3          46  0.99445708424676904     
           4          47   1.0001915182225882     
           6          48  0.96309770130557704     
           9          49  0.98827057798139251     
          10          50  0.98596281536073027     
          14          51  0.94035012607390289     
          16          52  0.98552564757867123     
          17          53  0.98768699563990670     
          19          54  0.99919143437337787     
          20          55  0.99933822426086327     
          25          56  0.99877089563714894     
          26          57  0.99925573155781500     
          28          58  0.96318627370840937     
          31          59  0.98777818941299800     
          32          60  0.98554040940915377     
          36          61  0.94132081620330776     
          38          62  0.98618098878543059     
          39          63  0.98831090904841190     
          41          64   1.0003665886883102     
          42          65  0.99497724666254217     
          66          67   1.3607393291940730     
          67          68   1.2459443710400770     
          68          69   1.5811787301322997     
          69          70   1.2587564556055215     
          67          71   1.2313303164406328     
          70          71   1.2197737131809638     
          70          72   1.3345983989704819     
          72          73   1.0582935864680727     
          73          74   1.4189116438620699     
          74          75   1.4559206247274830     
          75          76   1.4153674258792497     
          76          77  0.89207437178533211     
          77          78   1.8887498852350944     
          77          79   1.0767587619187786     
          77          80   1.8939127570591485     
          78          80  0.13423207481839547     
          76          81   1.4147996850095466     
          73          82   1.4178374129697429     
          81          82   1.4569685476702374     
          72          83   1.3646400706668755     
          83          84   1.1668687374180089     
          84          85   1.6781815647567428     
          83          86   1.3475400504784534     
          85          87   1.1753547058758642     
          86          87   1.4195562668271466     
          87          88   1.2751707391088274     
          88          89   1.2642606114921409     
          89          90   1.2869839098530238     
          90          91   1.5525035156244604     
          91          92   1.2754820833819738     
          89          93   1.2515137816941966     
          92          93   1.2222227029011672     
          92          94   1.3170125648344484     
          94          95   1.0583428998137223     
          95          96   1.4171534200346341     
          96          97   1.4572628000159413     
          97          98   1.4137943340731014     
          98          99  0.88969159074893223     
          99         100   1.8838677087110496     
          99         101   1.0870515357147392     
          99         102   1.9035867288455712     
         100         102  0.13335853374745052     
         101         102  0.10120478040977593     
          98         103   1.4164252506319313     
          95         104   1.4182992779500501     
         103         104   1.4555354151268840     
          94         105   1.3711473502256182     
         105         106   1.1517640160661153     
         106         107   1.7046401942496241     
          66         108   1.3804030971761068     
         107         108   1.1469511058505637     
         105         109   1.3656788748449984     
         108         109   1.3776248519802232     
          66         110  0.99676746848310116     
          68         111  0.99445747906880599     
          69         112   1.0001899030952786     
          71         113  0.96309852974510590     
          74         114  0.98827397493217406     
          75         115  0.98596209739259866     
          79         116  0.94034885701874804     
          81         117  0.98552720646901792     
          82         118  0.98768912766570471     
          84         119  0.99918883185234886     
          85         120  0.99934110173093227     
          90         121  0.99876932482372405     
          91         122  0.99925559311816581     
          93         123  0.96318265409724002     
          96         124  0.98777938428157985     
          97         125  0.98554187426206019     
         101         126  0.94134723434879142     
         103         127  0.98618657481945293     
         104         128  0.98831019515909890     
         106         129   1.0003674733677266     
         107         130  0.99497707403104385     
          23         131   1.2360656921950168     
          88         132   1.2360653006722444     
         131         132   2.5829419817975912     
