           1           2   1.3498682681522394     
           2           3   1.2591622816614532     
           3           4   1.5661122166397403     
           4           5   1.2744719839015628     
           2           6   1.2216185635785719     
           5           6   1.2486197439459321     
           5           7   1.2750657125280740     
           7           8   1.1915049271943430     
           8           9   2.6499547427224286     
           9          10   1.1586912648956798     
          10          11   1.3689403189868694     
          11          12   1.4664893103953651     
          12          13   1.4654274563642076     
          13          14   1.4652229764204865     
          10          15   1.3690931117988014     
          14          15   1.4663226740819000     
           7          16   1.3159809300643690     
          16          17   1.1646649887482146     
          17          18   1.6905693602596803     
          16          19   1.3793854321008905     
          18          20   1.1646316982312779     
          19          20   1.3891685834010736     
          20          21   1.3022420102186083     
          21          22   1.2633622868044279     
          22          23   1.2879291084592697     
          23          24   1.5492155838476553     
          24          25   1.2838785190007262     
          22          26   1.2386699600630806     
          25          26   1.2400348536036538     
          25          27   1.2738379478637356     
          27          28   1.1978958398292350     
          28          29   2.6416531640676064     
          29          30   1.1618640394045519     
          30          31   1.3663823049067458     
          31          32   1.4677968441290901     
          32          33   1.4638174639898844     
          33          34   1.4637908000813729     
          30          35   1.3662671035527933     
          34          35   1.4679620101271968     
          27          36   1.3004107456073568     
          36          37   1.1565655334549318     
          37          38   1.7040807035791339     
           1          39   1.4091222588181027     
          38          39   1.1463505629834891     
          36          40   1.4124829532212182     
          39          40   1.3448766454875101     
           1          41  0.99700320663951358     
           3          42  0.99389773363349265     
           4          43   1.0006363362638859     
           6          44  0.96242588479972269     
          11          45  0.98900114529433281     
          12          46  0.98322376063230421     
          14          47  0.98286678609727474     
          15          48  0.98869217388676767     
          17          49   1.0008165183706477     
          18          50   1.0001060099246908     
          23          51  0.99925865198564812     
          24          52  0.99999354352521264     
          26          53  0.96188542745176075     
          31          54  0.98878027285467418     
          32          55  0.98311961490149580     
          34          56  0.98337760175081557     
          35          57  0.98926913755746149     
          37          58   1.0017542864253446     
          38          59  0.99436828624093965     
          60          61   1.3498288377294165     
          61          62   1.2591791372478776     
          62          63   1.5660885128930910     
          63          64   1.2744933784127757     
          61          65   1.2216366399057674     
          64          65   1.2486250498498530     
          64          66   1.2750474920652795     
          66          67   1.1914856859215015     
          67          68   2.6499640616258238     
          68          69   1.1586962789913684     
          69          70   1.3688779328498524     
          70          71   1.4665050744113535     
          71          72   1.4654333826565156     
          72          73   1.4651973433601209     
          69          74   1.3691342785496483     
          73          74   1.4663254901161771     
          66          75   1.3160513608386635     
          75          76   1.1646578445384774     
          76          77   1.6906053110866912     
          75          78   1.3793032729443799     
          77          79   1.1646014789237564     
          78          79   1.3892567850900974     
          79          80   1.3021962123726685     
          80          81   1.2633859311869720     
          81          82   1.2879339994615626     
          82          83   1.5491988039004718     
          83          84   1.2838784161827923     
          81          85   1.2386430707370084     
          84          85   1.2400382345873773     
          84          86   1.2738521812605581     
          86          87   1.1978824127307430     
          87          88   2.6416838396530919     
          88          89   1.1618522169634582     
          89          90   1.3663681701963564     
          90          91   1.4677968219996556     
          91          92   1.4638244911578742     
          92          93   1.4637924941609128     
          89          94   1.3662977259900826     
          93          94   1.4679526628515243     
          86          95   1.3003800452153802     
          95          96   1.1565512331632657     
          96          97   1.7040980508041399     
          60          98   1.4091659951306565     
          97          98   1.1463518912923119     
          95          99   1.4125273967406520     
          98          99   1.3448349200477161     
          60         100  0.99700373507859508     
          62         101  0.99390013486878148     
          63         102   1.0006281764376810     
          65         103  0.96242348153663138     
          70         104  0.98900045641847478     
          71         105  0.98322758619453288     
          73         106  0.98286002599034983     
          74         107  0.98868443795131766     
          76         108   1.0008193696053087     
          77         109   1.0001144809304188     
          82         110  0.99924863657277607     
          83         111  0.99998956975022457     
          85         112  0.96189199677456327     
          90         113  0.98877856475928683     
          91         114  0.98311523022697545     
          93         115  0.98337979324970748     
          94         116  0.98926638918743925     
          96         117   1.0017617077243779     
          97         118  0.99436723367759960     
          21         119   1.2269196960790325     
         119         120   2.4553726331822436     
         120         121   1.3685446397079328     
         119         122  0.16578939888840030     
         121         122   2.3370393246859589     
         122         123   1.3960211200611583     
         121         124  0.16015176873729406     
         123         124   2.3370642198967699     
         124         125   1.3685480666864949     
          80         126   1.2269253740719219     
         123         126  0.16578132158721831     
         125         126   2.4553671954458660     
