    0.28140362
   -0.02288602
    0.05443286
   -0.04155163
   -0.03798836
    0.05906329
   -0.21384070
    0.01458997
    0.00380699
    0.00191563
   -0.05627336
   -0.03276948
   -0.00510065
   -0.06225470
   -0.03268987
    0.00182446
   -0.05640290
    0.05880515
   -0.03649056
   -0.03794728
   -0.21197145
    0.06035406
    0.01702298
    0.06047843
   -0.03789284
   -0.03640074
    0.05875786
   -0.21200406
    0.01465259
    0.00382098
    0.00212702
   -0.05612565
   -0.03263451
   -0.00510048
   -0.06225744
   -0.03281613
    0.00161158
   -0.05657024
    0.05918867
   -0.03806618
   -0.04157399
    0.05434302
   -0.21381924
    0.02138701
    0.02263657
    0.01470355
    0.01287004
    0.01307619
    0.01282585
    0.02836548
    0.01851814
    0.02365390
    0.01834204
    0.02870598
    0.01480844
    0.01339697
    0.01154361
    0.01705572
    0.02123010
    0.02131192
    0.01689935
    0.01156499
    0.01324924
    0.01457056
    0.02884568
    0.02065871
    0.01811676
    0.02163457
    0.02824435
    0.01275628
    0.01334060
    0.01295899
    0.01502524
    0.02263913
    0.28528671
   -0.02316969
    0.05397742
   -0.04158873
   -0.03799343
    0.05847269
   -0.21333644
    0.01425282
    0.00368397
    0.00176980
   -0.05628211
   -0.03288290
   -0.00508638
   -0.06225241
   -0.03266250
    0.00198756
   -0.05624138
    0.05835450
   -0.03653897
   -0.03786144
   -0.21138788
    0.05983470
    0.01703751
    0.05990333
   -0.03789202
   -0.03646631
    0.05825903
   -0.21144496
    0.01421078
    0.00368467
    0.00212023
   -0.05607292
   -0.03263449
   -0.00509305
   -0.06224828
   -0.03294752
    0.00162026
   -0.05645840
    0.05853361
   -0.03811984
   -0.04163115
    0.05388094
   -0.21327313
    0.02173458
    0.02237409
    0.01423968
    0.01360353
    0.01216791
    0.01286272
    0.02811800
    0.01912819
    0.02351766
    0.01782931
    0.02897717
    0.01545808
    0.01339835
    0.01093491
    0.01656731
    0.02108184
    0.02106585
    0.01631618
    0.01084938
    0.01333766
    0.01544080
    0.02894064
    0.02018235
    0.01832681
    0.02185531
    0.02812138
    0.01362213
    0.01221488
    0.01286498
    0.01447301
    0.02235020
   -0.02185545
   -0.01896771
   -0.02213707
   -0.01820244
   -0.02208627
   -0.01816815
   -0.02177532
   -0.01888586
    0.29425763
    0.01699275
    0.05985965
   -0.03822371
   -0.03632349
    0.05843961
   -0.21057879
    0.01648572
    0.00386486
    0.00220148
   -0.05600979
   -0.03249742
   -0.00477690
   -0.06212648
   -0.03245956
    0.00216387
   -0.05617434
    0.05837880
   -0.03611342
   -0.03817522
   -0.21112282
    0.06011744
    0.01675232
    0.05999817
   -0.03833772
   -0.03628626
    0.05824337
   -0.21078236
    0.01654528
    0.00387468
    0.00217451
   -0.05604916
   -0.03247874
   -0.00477415
   -0.06212750
   -0.03247048
    0.00220464
   -0.05610874
    0.05841271
   -0.03608720
   -0.03808817
    0.06019403
   -0.21082469
    0.02059198
    0.01609685
    0.01484679
    0.01360814
    0.01184683
    0.02873505
    0.02284187
    0.01869183
    0.01911231
    0.02878300
    0.01464528
    0.01177007
    0.01336229
    0.01620042
    0.02044900
    0.02035180
    0.01618385
    0.01482410
    0.01337539
    0.01175126
    0.02866597
    0.01915827
    0.02285102
    0.01864089
    0.02886751
    0.01360378
    0.01169704
    0.01478327
    0.01608656
    0.02052377
