   -0.02335277
    0.06153887
   -0.03586589
   -0.03321518
    0.06206352
   -0.15973424
    0.00871477
   -0.00323190
   -0.02296676
   -0.04134691
    0.08733928
   -0.29698680
   -0.03523631
   -0.02354948
    0.05842171
   -0.03823724
   -0.03869675
   -0.28586958
    0.06405164
    0.01654228
    0.06628113
   -0.03372380
   -0.03297100
    0.06138480
   -0.15739234
    0.00805789
   -0.00324449
   -0.02304090
   -0.03481074
    0.08725116
   -0.29691402
   -0.04189590
   -0.02363232
    0.05965053
   -0.03862156
   -0.04083216
    0.05835756
   -0.28847264
    0.02733162
    0.03789817
    0.02956918
    0.16341920
    0.02645879
    0.03801912
    0.22777076
    0.03828147
    0.02632321
    0.02041781
    0.02424231
    0.03416581
    0.03025512
    0.16215304
    0.02722054
    0.03904587
    0.22736456
    0.03705618
    0.02552279
    0.01957922
    0.02775095
   -0.02289273
    0.06165796
   -0.03559645
   -0.03305412
    0.06232530
   -0.15954231
    0.00880842
   -0.00328498
   -0.02301365
   -0.04130868
    0.08740923
   -0.29687771
   -0.03517295
   -0.02355465
    0.05877133
   -0.03802817
   -0.03841408
   -0.28581184
    0.06421280
    0.01678153
    0.06644528
   -0.03339589
   -0.03269684
    0.06167461
   -0.15737056
    0.00825019
   -0.00328684
   -0.02305959
   -0.03475991
    0.08735170
   -0.29677971
   -0.04182037
   -0.02361458
    0.05988689
   -0.03847456
   -0.04062910
    0.05848246
   -0.28817421
    0.02772017
    0.03824424
    0.02986135
    0.16357681
    0.02653445
    0.03815076
    0.22788688
    0.03845934
    0.02643768
    0.02072918
    0.02449076
    0.03445618
    0.03061597
    0.16231218
    0.02726949
    0.03919799
    0.22751836
    0.03724055
    0.02565753
    0.01986100
    0.02807334
   -0.01602822
   -0.01926028
   -0.02061603
   -0.01918297
   -0.02351092
   -0.01590984
   -0.01799540
   -0.01890414
   -0.02224364
   -0.01867279
   -0.02303140
   -0.01767391
   -0.01845769
   -0.01840308
   -0.02269896
   -0.01807277
   -0.02263558
   -0.01812134
   -0.01901644
   -0.01781338
   -0.02315307
   -0.01752838
   -0.02203211
   -0.01878698
   -0.01903211
   -0.01553698
   -0.02340677
   -0.01546783
   -0.02021396
   -0.01896898
    0.01293369
    0.06548949
   -0.03636241
   -0.03400146
    0.05958686
   -0.15722195
    0.01092060
   -0.00253516
   -0.02275003
   -0.04152553
    0.08717458
   -0.29735286
   -0.03511192
   -0.02289698
    0.05699261
   -0.03896558
   -0.04012736
   -0.28564898
    0.06359904
    0.01495447
    0.06574116
   -0.03548760
   -0.03387052
    0.05984756
   -0.15661740
    0.01064483
   -0.00255472
   -0.02278672
   -0.03493294
    0.08717208
   -0.29729878
   -0.04165909
   -0.02291498
    0.05714439
   -0.03888536
   -0.04051365
    0.06340121
   -0.28644081
    0.03135630
    0.02827767
    0.16216415
    0.02620003
    0.03719535
    0.22708420
    0.03795982
    0.02650586
    0.01889995
    0.02246171
    0.03280535
    0.02880445
    0.16208679
    0.02676548
    0.03826150
    0.22696634
    0.03694735
    0.02600774
    0.01866387
    0.02168518
    0.01403858
    0.06562097
   -0.03598948
   -0.03399636
    0.05953841
   -0.15674245
    0.01102914
   -0.00248626
   -0.02273876
   -0.04159139
    0.08719043
   -0.29734181
   -0.03499836
   -0.02274946
    0.05688010
   -0.03898196
   -0.04031368
   -0.28584671
    0.06355937
    0.01438044
    0.06572938
   -0.03573517
   -0.03389963
    0.05964504
   -0.15676005
    0.01099118
   -0.00247463
   -0.02275481
   -0.03496805
    0.08714595
   -0.29737132
   -0.04163493
   -0.02284254
    0.05688078
   -0.03903567
   -0.04046698
    0.06344727
   -0.28591914
    0.03214040
    0.02835925
    0.16211683
    0.02608053
    0.03700550
    0.22693713
    0.03808924
    0.02670890
    0.01869216
    0.02207145
    0.03244534
    0.02860316
    0.16211302
    0.02670204
    0.03812774
    0.22689952
    0.03691784
    0.02608193
    0.01856900
    0.02178547
    0.01446128
    0.06566501
   -0.03578584
   -0.03393963
    0.05961864
   -0.15664046
    0.01098042
   -0.00248967
   -0.02278616
   -0.04165200
    0.08717668
   -0.29733566
   -0.03495534
   -0.02272798
    0.05682651
   -0.03904097
   -0.04050548
   -0.28601359
    0.06349191
    0.01387111
    0.06568649
   -0.03598571
   -0.03397452
    0.05953869
   -0.15686627
    0.01105312
   -0.00247225
   -0.02278488
   -0.03501531
    0.08714897
   -0.29738334
   -0.04158076
   -0.02280846
    0.05691739
   -0.03898207
   -0.04030671
    0.06351444
   -0.28577380
    0.03240754
    0.02849277
    0.16210972
    0.02603579
    0.03691459
    0.22689087
    0.03817252
    0.02675696
    0.01853979
    0.02175542
    0.03213405
    0.02846353
    0.16212134
    0.02664898
    0.03804799
    0.22694245
    0.03700421
    0.02612497
    0.01871519
    0.02208052
    0.01523828
    0.06573706
   -0.03538796
   -0.03386369
    0.05996366
   -0.15651045
    0.01047409
   -0.00259179
   -0.02292740
   -0.04171963
    0.08716737
   -0.29728069
   -0.03491292
   -0.02276472
    0.05727238
   -0.03886001
   -0.04049281
   -0.28656712
    0.06336066
    0.01284598
    0.06565563
   -0.03614676
   -0.03378239
    0.05975694
   -0.15728502
    0.01100343
   -0.00256099
   -0.02292677
   -0.03506941
    0.08721428
   -0.29728551
   -0.04148163
   -0.02281297
    0.05713850
   -0.03889915
   -0.04002286
    0.06363102
   -0.28549551
    0.03292002
    0.02882544
    0.16212244
    0.02593607
    0.03690194
    0.22694444
    0.03835921
    0.02686205
    0.01862802
    0.02156507
    0.03156807
    0.02857158
    0.16222078
    0.02650620
    0.03804445
    0.22717326
    0.03728860
    0.02630297
    0.01906822
    0.02259879
