           2           3   1.3877325704297756     
           3           4   1.1992269507208928     
           4           5   1.6440690504561875     
           5           6   1.2071433601322543     
           1           7  0.56651554242120561     
           3           7   1.2829818285651273     
           6           7   1.2805605724108189     
           6           8   1.3641782759486323     
           8           9   1.0486668994161794     
           9          10   1.4207396631717024     
          10          11   1.4455145055668408     
          11          12   1.3955089511839587     
          12          13   1.1241524420356230     
          12          14   1.3852927143442582     
           9          15   1.4115227876714604     
          14          15   1.4560538670692991     
           8          16   1.3662781494765297     
          16          17   1.2155271586278773     
          17          18   1.6272059416200473     
           1          19  0.56046472266795178     
          16          19   1.2680262641829065     
          18          20   1.2242748288985901     
          19          20   1.3101205993816192     
          20          21   1.2925377278846804     
          21          22   1.2930723181903243     
          22          23   1.2241836852801529     
          23          24   1.6272792694775795     
          24          25   1.2154685018285063     
           1          26  0.56060498948873350     
          22          26   1.3100250599345831     
          25          26   1.2679554395270873     
          25          27   1.3666118601146959     
          27          28   1.0476773944875586     
          28          29   1.4120993563029813     
          29          30   1.4557154953767188     
          30          31   1.3855005485985064     
          31          32   1.1240154801708109     
          31          33   1.3955940402722586     
          28          34   1.4211220498337442     
          33          34   1.4453556857857950     
          27          35   1.3645144555657358     
          35          36   1.2070072302638331     
          36          37   1.6442346384788717     
           2          38   1.3879296104437955     
          37          38   1.1991194607665356     
           1          39  0.56672449413301551     
          35          39   1.2805061416240211     
          38          39   1.2828876323664584     
           2          40  0.99798036201538542     
           4          41  0.99365583291078297     
           5          42   1.0001720674007584     
          10          43  0.99001476455190873     
          11          44  0.98185759768556791     
          13          45  0.96495970091188898     
          14          46  0.98277833126406200     
          15          47  0.99047203036237275     
          17          48  0.99919030706069900     
          18          49  0.99885387814959470     
          23          50  0.99879905000754754     
          24          51  0.99926065588091695     
          29          52  0.99045596354154519     
          30          53  0.98279934846604966     
          32          54  0.96498343411834098     
          33          55  0.98185833434779934     
          34          56  0.98998238831813734     
          36          57   1.0002189908104981     
          37          58  0.99366374741986574     
          60          61   1.3878282011397336     
          61          62   1.1992358987025413     
          62          63   1.6441107466544187     
          63          64   1.2071149667319856     
          59          65  0.56655589956355912     
          61          65   1.2828940002664890     
          64          65   1.2807820802836618     
          64          66   1.3640054216751460     
          66          67   1.0487004196132135     
          67          68   1.4205123133992061     
          68          69   1.4456645856687569     
          69          70   1.3954059989948064     
          70          71   1.1242201060554800     
          70          72   1.3853632815744059     
          67          73   1.4116869868864919     
          72          73   1.4559472131483886     
          66          74   1.3664632251393845     
          74          75   1.2154051461170394     
          75          76   1.6274997139364706     
          59          77  0.56043946491454555     
          74          77   1.2680215227790417     
          76          78   1.2240939056412274     
          77          78   1.3101395502406759     
          78          79   1.2927820876587284     
          79          80   1.2932395017674279     
          80          81   1.2241168959546604     
          81          82   1.6274427791018680     
          82          83   1.2153847117131651     
          59          84  0.56068142545489841     
          80          84   1.3099151327455238     
          83          84   1.2680806212955225     
          83          85   1.3666470058703393     
          85          86   1.0477533692600263     
          86          87   1.4120818817211689     
          87          88   1.4557196751533590     
          88          89   1.3855027450700512     
          89          90   1.1240746280944958     
          89          91   1.3955471230635370     
          86          92   1.4210288893150416     
          91          92   1.4454151249354688     
          85          93   1.3644446790918188     
          93          94   1.2069805055409146     
          94          95   1.6443039487436519     
          60          96   1.3879870866143074     
          95          96   1.1990980998575520     
          59          97  0.56654225656228963     
          93          97   1.2806613002977858     
          96          97   1.2828953206873435     
          60          98  0.99797865221038118     
          62          99  0.99364526122541907     
          63         100   1.0001646788704888     
          68         101  0.99001606171901313     
          69         102  0.98183022813403842     
          71         103  0.96493701720079084     
          72         104  0.98278908421356248     
          73         105  0.99047089406591138     
          75         106  0.99915753626163739     
          76         107  0.99881049564560731     
          81         108  0.99877610046259047     
          82         109  0.99923951769698105     
          87         110  0.99044037362532555     
          88         111  0.98278602705261997     
          90         112  0.96496871278409935     
          91         113  0.98184859524664680     
          92         114  0.98998032817881021     
          94         115   1.0002093323207220     
          95         116  0.99365413959608651     
          21         117   1.2252990353693065     
         117         118   2.4591922662059367     
         118         119   1.3666488297986279     
         117         120  0.16585673535607745     
         119         120   2.3385740447572467     
         120         121   1.3952850245178254     
         119         122  0.15998725840104064     
         121         122   2.3372805409779502     
         122         123   1.3688938514680489     
         121         124  0.16553435158930166     
         123         124   2.4549978740495746     
         125         126   2.4508274572015982     
         126         127   1.3726558011678205     
         125         128  0.16515373252874865     
         127         128   2.3319274625583502     
         128         129   1.4000986729121503     
         127         130  0.15940429359594718     
         129         130   2.3319182778415710     
         130         131   1.3726437815871084     
         129         132  0.16515341429642738     
         131         132   2.4507916318163612     
         133         134   2.4553464564271570     
         134         135   1.3687098174133439     
         133         136  0.16564007979558873     
         135         136   2.3376232088628486     
         136         137   1.3950913795579116     
         135         138  0.16009606141493202     
         137         138   2.3388908005484303     
         138         139   1.3664834136256183     
          79         140   1.2251210847692209     
         137         140  0.16597721484921074     
         139         140   2.4594727747121325     
         124         142   1.2288559776278234     
         142         143   1.2884357305124405     
         143         144   1.2264897100819205     
         144         145   1.6237620004869169     
         145         146   1.2187213637009289     
         141         147  0.56183151140266951     
         143         147   1.3114517986005527     
         146         147   1.2643818443374271     
         146         148   1.3663950325422121     
         148         149   1.0488747468851967     
         149         150   1.4119937450539553     
         150         151   1.4558074549824926     
         151         152   1.3854821045809032     
         152         153   1.1239709869929921     
         152         154   1.3954008769620470     
         149         155   1.4206195413687057     
         154         155   1.4458424564449697     
         148         156   1.3652857280047388     
         156         157   1.2189590628265106     
         157         158   1.6232635591299809     
         141         159  0.56167047896658528     
         156         159   1.2648252808979292     
         158         160   1.2271525008733812     
         159         160   1.3120540193445545     
         125         161   1.2323771706304305     
         160         161   1.2871358783676545     
         161         162   1.2872186514249726     
         162         163   1.2273139460982252     
         163         164   1.6230424704633848     
         164         165   1.2190721316738158     
         141         166  0.56192010192331276     
         162         166   1.3119186914765579     
         165         166   1.2648906235774562     
         165         167   1.3650464258261175     
         167         168   1.0492596359245894     
         168         169   1.4205021887063569     
         169         170   1.4459171808125277     
         170         171   1.3953709982459195     
         171         172   1.1239319594701964     
         171         173   1.3854733828023931     
         168         174   1.4117877322160073     
         173         174   1.4558789249740218     
         167         175   1.3662995853579887     
         175         176   1.2187869488782350     
         176         177   1.6236080671241981     
         142         178   1.2882724946853581     
         177         178   1.2266159902385130     
         141         179  0.56149274331070720     
         175         179   1.2643701160783269     
         178         179   1.3115987315629785     
         144         180  0.99920712891345065     
         145         181  0.99997284857487700     
         150         182  0.99064858010748214     
         151         183  0.98295860375860677     
         153         184  0.96510410242075717     
         154         185  0.98182775880444761     
         155         186  0.99004127130080199     
         157         187  0.99977924278638042     
         158         188  0.99909729643007339     
         163         189  0.99906369682505991     
         164         190  0.99978164444975259     
         169         191  0.99004696372403322     
         170         192  0.98183515108769781     
         172         193  0.96512442772582385     
         173         194  0.98295520700895544     
         174         195  0.99066877052497360     
         176         196  0.99996378561433652     
         177         197  0.99918233680350210     
         132         199   1.2324263211613162     
         199         200   1.2873171899834752     
         200         201   1.2273096180274077     
         201         202   1.6229309101276885     
         202         203   1.2192047284591598     
         198         204  0.56157768613658632     
         200         204   1.3118291095761243     
         203         204   1.2650432556269970     
         203         205   1.3649356764682397     
         205         206   1.0489441269372095     
         206         207   1.4121970139008762     
         207         208   1.4556167071513022     
         208         209   1.3855356284682165     
         209         210   1.1240531314346249     
         209         211   1.3952680250935621     
         206         212   1.4203060143080084     
         211         212   1.4461182208681422     
         205         213   1.3666872475927481     
         213         214   1.2184695546504491     
         214         215   1.6241279192861109     
         198         216  0.56189381039771846     
         213         216   1.2642806352810765     
         215         217   1.2263510474999164     
         216         217   1.3115851683343183     
         133         218   1.2286666364578001     
         217         218   1.2884381417125483     
         218         219   1.2887560134394298     
         219         220   1.2264733475460305     
         220         221   1.6239004858617332     
         221         222   1.2185954756005686     
         198         223  0.56217200172378490     
         219         223   1.3111952211012075     
         222         223   1.2646067547935269     
         222         224   1.3662222937138437     
         224         225   1.0491427651123644     
         225         226   1.4204562040527624     
         226         227   1.4460190507498294     
         227         228   1.3953780395873332     
         228         229   1.1240206397420636     
         228         230   1.3854324657383295     
         225         231   1.4119004338780436     
         230         231   1.4557707782205203     
         224         232   1.3652234497633309     
         232         233   1.2191262799578175     
         233         234   1.6230352444120593     
         199         235   1.2869576188359375     
         234         235   1.2272737552619135     
         198         236  0.56120673542395316     
         232         236   1.2648142856638040     
         235         236   1.3121997093272384     
         201         237  0.99909348347574156     
         202         238  0.99989748599174111     
         207         239  0.99065166390265946     
         208         240  0.98299863796105891     
         210         241  0.96502984706922190     
         211         242  0.98176764110412584     
         212         243  0.99002318850738735     
         214         244  0.99983715175785071     
         215         245  0.99914816448586341     
         220         246  0.99914206575796383     
         221         247  0.99985995012778761     
         226         248  0.99002158185579081     
         227         249  0.98179397677812030     
         229         250  0.96505106583663969     
         230         251  0.98299094704581524     
         231         252  0.99067446192517750     
         233         253  0.99986937143627586     
         234         254  0.99909795324762729     
