    0.36387808
   -0.02202648
    0.05170771
   -0.04106272
   -0.04101509
    0.05992942
   -0.23927693
    0.00813616
   -0.02236868
   -0.03724055
    0.02707759
   -0.01950384
    0.05069396
   -0.26821795
    0.04969451
   -0.02090816
    0.05858311
   -0.03969577
   -0.03615782
   -0.23756738
    0.05754801
    0.01829399
    0.05755740
   -0.03615848
   -0.03967344
    0.05861468
   -0.23749775
    0.00813239
   -0.02239393
   -0.03724274
    0.02706952
   -0.01945051
    0.05071952
   -0.26820802
    0.04968143
   -0.02096401
    0.05989192
   -0.04104201
   -0.04106669
    0.05171405
   -0.23932146
    0.02218412
    0.02671566
    0.02285941
    0.03297834
    0.02732797
    0.02499056
    0.02989951
    0.02403846
    0.02176305
    0.02173433
    0.02406689
    0.03296027
    0.02735535
    0.02498072
    0.02991390
    0.02281717
    0.02670225
    0.36387942
   -0.02202701
    0.05170802
   -0.04106208
   -0.04101346
    0.05993019
   -0.23927676
    0.00813858
   -0.02236196
   -0.03723334
    0.02707951
   -0.01950539
    0.05069191
   -0.26821963
    0.04969313
   -0.02090531
    0.05858058
   -0.03969506
   -0.03615790
   -0.23756718
    0.05754961
    0.01829077
    0.05756066
   -0.03615734
   -0.03967404
    0.05860972
   -0.23750033
    0.00813489
   -0.02238719
   -0.03723801
    0.02707266
   -0.01945733
    0.05072081
   -0.26820256
    0.04968207
   -0.02095481
    0.05989535
   -0.04103840
   -0.04106675
    0.05171365
   -0.23931805
    0.02218642
    0.02671770
    0.02286158
    0.03298788
    0.02733469
    0.02499648
    0.02989940
    0.02403778
    0.02176405
    0.02173446
    0.02406324
    0.03296599
    0.02735356
    0.02498417
    0.02991396
    0.02282350
    0.02670501
   -0.02419588
   -0.02419818
