    0.36542975
   -0.02149089
    0.05223038
   -0.04046563
   -0.04047804
    0.06024510
   -0.23884383
    0.00903828
   -0.02223151
   -0.03641704
    0.02721929
   -0.01939013
    0.05095338
   -0.26713557
    0.05013818
   -0.02054066
    0.05871086
   -0.04007070
   -0.03833124
   -0.23694873
    0.05807403
    0.01776701
    0.05803714
   -0.03834817
   -0.04009822
    0.05870650
   -0.23700991
    0.00902311
   -0.02223209
   -0.03643206
    0.02721682
   -0.01941983
    0.05094051
   -0.26715222
    0.05013541
   -0.02052383
    0.06026870
   -0.04046445
   -0.04045543
    0.05222851
   -0.23882782
    0.02324685
    0.02784027
    0.02386284
    0.03316509
    0.02786522
    0.02601026
    0.03068103
    0.02464638
    0.02597457
    0.02593237
    0.02462080
    0.03315834
    0.02783847
    0.02601104
    0.03067083
    0.02387838
    0.02784813
    0.36542901
   -0.02149267
    0.05223340
   -0.04046395
   -0.04047508
    0.06024365
   -0.23886010
    0.00903510
   -0.02223141
   -0.03641369
    0.02721934
   -0.01939313
    0.05095364
   -0.26713467
    0.05013819
   -0.02053734
    0.05871091
   -0.04007427
   -0.03833029
   -0.23693247
    0.05806769
    0.01776805
    0.05804171
   -0.03834877
   -0.04009642
    0.05870656
   -0.23702070
    0.00902767
   -0.02222934
   -0.03642875
    0.02721800
   -0.01941888
    0.05094048
   -0.26715015
    0.05013673
   -0.02052298
    0.06026841
   -0.04046479
   -0.04045711
    0.05222829
   -0.23881528
    0.02324626
    0.02784118
    0.02386371
    0.03316907
    0.02786701
    0.02600998
    0.03067903
    0.02464522
    0.02596951
    0.02593696
    0.02462074
    0.03315959
    0.02783852
    0.02601348
    0.03067254
    0.02387889
    0.02784832
   -0.01757303
   -0.01757165
   -0.02163407
   -0.01710859
   -0.02163454
   -0.01711115
