   -0.01956573
    0.06370031
   -0.03223987
   -0.03004873
    0.06530555
   -0.15737237
    0.01132801
    0.02346532
   -0.01490916
    0.05566624
   -0.25357415
    0.05497515
   -0.01654541
    0.06164860
   -0.03529454
   -0.03598772
   -0.28328945
    0.06569467
    0.01917355
    0.06766213
   -0.03117510
   -0.03025688
    0.06436142
   -0.15544778
    0.01063261
    0.02336626
   -0.01623585
    0.05514451
   -0.25385955
    0.05520152
   -0.01547820
    0.06301509
   -0.03547637
   -0.03743593
    0.06070199
   -0.28551543
    0.03215836
    0.04323333
    0.03564802
    0.16549402
    0.03022111
    0.03351454
    0.03243621
    0.02956308
    0.02656583
    0.02784115
    0.03762451
    0.03599350
    0.16416124
    0.03011968
    0.03291950
    0.03262047
    0.02936682
    0.02592484
    0.03312881
   -0.01959875
    0.06370224
   -0.03225005
   -0.03004501
    0.06530048
   -0.15739582
    0.01128088
    0.02343693
   -0.01491992
    0.05562380
   -0.25356300
    0.05500802
   -0.01651239
    0.06161617
   -0.03528412
   -0.03600586
   -0.28326116
    0.06565230
    0.01918108
    0.06759058
   -0.03120688
   -0.03026502
    0.06431967
   -0.15544071
    0.01059391
    0.02333042
   -0.01621450
    0.05513107
   -0.25385940
    0.05520310
   -0.01548391
    0.06301200
   -0.03545716
   -0.03743846
    0.06071137
   -0.28553218
    0.03215209
    0.04322260
    0.03561101
    0.16546594
    0.03005966
    0.03341399
    0.03248681
    0.02960554
    0.02663916
    0.02799161
    0.03776798
    0.03604869
    0.16411637
    0.03015168
    0.03290500
    0.03261676
    0.02929153
    0.02592209
    0.03312710
   -0.01792119
   -0.01851875
   -0.02011295
   -0.01620713
   -0.01882184
   -0.01807704
   -0.01966771
   -0.01714954
   -0.01916408
   -0.01750666
   -0.01911840
   -0.01745264
   -0.01904379
   -0.01729362
   -0.01893791
   -0.01736263
   -0.01893768
   -0.01736229
   -0.01904866
   -0.01729290
   -0.01911297
   -0.01745588
   -0.01916738
   -0.01750559
   -0.01967481
   -0.01716386
   -0.01883755
   -0.01808362
   -0.02011688
   -0.01620574
   -0.01793422
   -0.01851258
    0.01637973
    0.06706091
   -0.03335114
   -0.03102376
    0.06278769
   -0.15507239
    0.01341680
    0.02399089
   -0.01477508
    0.05551764
   -0.25374270
    0.05508073
   -0.01604136
    0.06042801
   -0.03582952
   -0.03725481
   -0.28292618
    0.06536124
    0.01807235
    0.06735229
   -0.03224306
   -0.03063438
    0.06311924
   -0.15460785
    0.01337253
    0.02399391
   -0.01484518
    0.05552674
   -0.25363458
    0.05528247
   -0.01586142
    0.06069551
   -0.03560054
   -0.03736526
    0.06531098
   -0.28355781
    0.03555849
    0.03442732
    0.16418065
    0.02990429
    0.03293347
    0.03235098
    0.02987000
    0.02535591
    0.02647281
    0.03721783
    0.03522150
    0.16405378
    0.02974082
    0.03275074
    0.03269378
    0.03016878
    0.02530066
    0.02602205
    0.01712402
    0.06723729
   -0.03275675
   -0.03078324
    0.06284019
   -0.15478225
    0.01353727
    0.02400286
   -0.01478421
    0.05551855
   -0.25370563
    0.05520219
   -0.01588338
    0.06042588
   -0.03577619
   -0.03739309
   -0.28308286
    0.06532312
    0.01756630
    0.06734226
   -0.03247038
   -0.03065645
    0.06293393
   -0.15471510
    0.01352212
    0.02399772
   -0.01482554
    0.05548745
   -0.25368450
    0.05525249
   -0.01584492
    0.06039805
   -0.03584645
   -0.03760669
    0.06521959
   -0.28319232
    0.03654091
    0.03481124
    0.16406707
    0.02975411
    0.03278837
    0.03249126
    0.03002913
    0.02525773
    0.02621412
    0.03692931
    0.03502936
    0.16404869
    0.02966469
    0.03269360
    0.03262036
    0.03012475
    0.02510216
    0.02587209
    0.01773924
    0.06734230
   -0.03239432
   -0.03059900
    0.06308175
   -0.15464750
    0.01356765
    0.02397172
   -0.01479097
    0.05554916
   -0.25359482
    0.05526574
   -0.01585910
    0.06059284
   -0.03568101
   -0.03731179
   -0.28300826
    0.06536925
    0.01768404
    0.06739766
   -0.03234667
   -0.03052720
    0.06309229
   -0.15468865
    0.01359789
    0.02396648
   -0.01478946
    0.05553725
   -0.25358933
    0.05527759
   -0.01585359
    0.06056859
   -0.03572641
   -0.03736328
    0.06530771
   -0.28297321
    0.03692947
    0.03507570
    0.16413759
    0.02977552
    0.03285117
    0.03264276
    0.03013450
    0.02536829
    0.02627607
    0.03701783
    0.03515126
    0.16413564
    0.02974554
    0.03282460
    0.03267898
    0.03015238
    0.02530717
    0.02620138
    0.01786527
    0.06740993
   -0.03226409
   -0.03049013
    0.06318079
   -0.15463664
    0.01360795
    0.02395512
   -0.01478768
    0.05556657
   -0.25353562
    0.05529252
   -0.01585446
    0.06066589
   -0.03565216
   -0.03726252
   -0.28292545
    0.06536666
    0.01786952
    0.06741486
   -0.03226646
   -0.03049269
    0.06317867
   -0.15463062
    0.01361478
    0.02395541
   -0.01478826
    0.05556605
   -0.25353729
    0.05529181
   -0.01585393
    0.06066278
   -0.03565175
   -0.03726423
    0.06537830
   -0.28292190
    0.03708253
    0.03521023
    0.16418080
    0.02979700
    0.03289422
    0.03271845
    0.03017931
    0.02542338
    0.02633350
    0.03707830
    0.03520798
    0.16418080
    0.02979629
    0.03289432
    0.03271804
    0.03017682
    0.02542257
    0.02633139
    0.01768113
    0.06740343
   -0.03234622
   -0.03052648
    0.06309451
   -0.15468443
    0.01359735
    0.02396765
   -0.01478915
    0.05553846
   -0.25358844
    0.05527777
   -0.01585189
    0.06056894
   -0.03572867
   -0.03736305
   -0.28296780
    0.06530659
    0.01774420
    0.06733948
   -0.03239297
   -0.03059782
    0.06308282
   -0.15465097
    0.01356692
    0.02397075
   -0.01479192
    0.05554896
   -0.25359541
    0.05526448
   -0.01585896
    0.06059217
   -0.03567982
   -0.03731287
    0.06536347
   -0.28301392
    0.03701771
    0.03514930
    0.16413706
    0.02974387
    0.03282231
    0.03268051
    0.03015551
    0.02530447
    0.02620195
    0.03693056
    0.03507620
    0.16413551
    0.02977718
    0.03285084
    0.03264215
    0.03013010
    0.02536992
    0.02627494
    0.01755904
    0.06733918
   -0.03247379
   -0.03065727
    0.06293076
   -0.15472096
    0.01351841
    0.02399601
   -0.01482494
    0.05548353
   -0.25368373
    0.05525550
   -0.01584192
    0.06039418
   -0.03584682
   -0.03760894
   -0.28318936
    0.06521718
    0.01712750
    0.06722897
   -0.03276418
   -0.03078819
    0.06283460
   -0.15477695
    0.01353744
    0.02400262
   -0.01478159
    0.05552129
   -0.25370401
    0.05519919
   -0.01588393
    0.06042281
   -0.03577565
   -0.03739391
    0.06532824
   -0.28308378
    0.03692715
    0.03502408
    0.16404530
    0.02965216
    0.03268223
    0.03262609
    0.03012941
    0.02510178
    0.02587548
    0.03654522
    0.03480814
    0.16406267
    0.02975309
    0.03279245
    0.03248331
    0.03002437
    0.02525594
    0.02621217
    0.01804877
    0.06735467
   -0.03224608
   -0.03062494
    0.06311697
   -0.15462352
    0.01332067
    0.02395185
   -0.01484716
    0.05548458
   -0.25361317
    0.05531520
   -0.01582003
    0.06067916
   -0.03557406
   -0.03736641
   -0.28352792
    0.06525240
    0.01640481
    0.06701280
   -0.03337438
   -0.03102161
    0.06275524
   -0.15503879
    0.01338547
    0.02393930
   -0.01475571
    0.05552656
   -0.25373043
    0.05505979
   -0.01601355
    0.06042747
   -0.03579874
   -0.03725196
    0.06537339
   -0.28291704
    0.03721615
    0.03518542
    0.16402381
    0.02957672
    0.03266258
    0.03275324
    0.03021280
    0.02538301
    0.02619968
    0.03570567
    0.03446805
    0.16413619
    0.02981810
    0.03295018
    0.03233490
    0.02988509
    0.02536110
    0.02649347
