    0.27011371
   -0.02670624
    0.05825148
   -0.03976719
   -0.03510532
    0.06013554
   -0.21228395
    0.01615969
    0.00276176
    0.00175836
   -0.05676930
   -0.03248592
   -0.00467718
   -0.06233421
   -0.03243838
    0.00178074
   -0.05675191
    0.05948871
   -0.03498860
   -0.03705792
   -0.20906250
    0.06361347
    0.01425693
    0.06357942
   -0.03708945
   -0.03501197
    0.05947966
   -0.20904756
    0.01611376
    0.00277269
    0.00185335
   -0.05672767
   -0.03247743
   -0.00469083
   -0.06235262
   -0.03243323
    0.00168153
   -0.05679020
    0.06012759
   -0.03512712
   -0.03977163
    0.05823822
   -0.21231833
    0.02164109
    0.02645685
    0.01837870
    0.01395447
    0.01530741
    0.01459492
    0.02957829
    0.01893955
    0.02436293
    0.01919176
    0.02958044
    0.01587141
    0.01454678
    0.01347188
    0.01981324
    0.02462749
    0.02448672
    0.01964523
    0.01343729
    0.01455238
    0.01591003
    0.02982129
    0.02196679
    0.01842298
    0.02194202
    0.02931003
    0.01400963
    0.01525904
    0.01456049
    0.01846244
    0.02646634
    0.26990852
   -0.02667676
    0.05825950
   -0.03975572
   -0.03509814
    0.06014953
   -0.21230474
    0.01617549
    0.00276339
    0.00174774
   -0.05677742
   -0.03248975
   -0.00467443
   -0.06233337
   -0.03243004
    0.00179360
   -0.05674390
    0.05949089
   -0.03498566
   -0.03704935
   -0.20904708
    0.06364582
    0.01427594
    0.06355721
   -0.03708993
   -0.03499968
    0.05949408
   -0.20908775
    0.01611140
    0.00276905
    0.00184058
   -0.05674102
   -0.03248761
   -0.00469317
   -0.06235382
   -0.03242903
    0.00168997
   -0.05677858
    0.06013591
   -0.03512822
   -0.03976747
    0.05823998
   -0.21230503
    0.02165358
    0.02646826
    0.01839026
    0.01390140
    0.01533500
    0.01461412
    0.02957148
    0.01896676
    0.02437822
    0.01916293
    0.02959545
    0.01585460
    0.01453130
    0.01351502
    0.01980959
    0.02463247
    0.02447884
    0.01965561
    0.01341292
    0.01455629
    0.01592701
    0.02981730
    0.02196934
    0.01841758
    0.02194159
    0.02931072
    0.01407020
    0.01522140
    0.01455953
    0.01845588
    0.02646808
   -0.02231975
   -0.02455228
   -0.02173294
   -0.02060219
   -0.02361863
   -0.01896193
   -0.02790785
   -0.02016238
   -0.02015297
   -0.02792573
   -0.01895429
   -0.02362865
   -0.02058306
   -0.02172257
   -0.02453829
   -0.02231006
    0.30051172
    0.00864437
    0.06299333
   -0.03920176
   -0.03534498
    0.05690115
   -0.20780363
    0.01758060
    0.00327201
    0.00205048
   -0.05651973
   -0.03231778
   -0.00467563
   -0.06223027
   -0.03237445
    0.00205640
   -0.05655495
    0.05688841
   -0.03536626
   -0.03921144
   -0.20784355
    0.06299533
    0.00861842
    0.06297968
   -0.03921409
   -0.03536390
    0.05688222
   -0.20782138
    0.01756519
    0.00326437
    0.00205718
   -0.05654137
   -0.03236283
   -0.00467445
   -0.06222872
   -0.03233230
    0.00204868
   -0.05652814
    0.05691015
   -0.03533321
   -0.03918671
    0.06301047
   -0.20782958
    0.02261964
    0.01838440
    0.01489734
    0.01433603
    0.01433420
    0.02916936
    0.02309068
    0.01965804
    0.01868893
    0.02931479
    0.01490813
    0.01433054
    0.01435550
    0.01849707
    0.02262434
    0.02262642
    0.01849235
    0.01495500
    0.01435795
    0.01427035
    0.02928526
    0.01885129
    0.02313078
    0.01945857
    0.02919361
    0.01433395
    0.01429608
    0.01493526
    0.01837451
    0.02260562
