           1           2   1.3728349687236547     
           2           3   1.2401230633258282     
           3           4   1.5981488311474095     
           4           5   1.2520234076044683     
           2           6   1.2299756569717561     
           5           6   1.2283865354280841     
           5           7   1.3429613105917535     
           7           8   1.3699277882609315     
           8           9   1.1620825266964558     
           9          10   1.6926580562613756     
           8          11   1.3531320797109088     
          10          12   1.1658265109658728     
          11          12   1.4143050355536366     
          12          13   1.2863198106119980     
          13          14   1.2870142695222726     
          14          15   1.2663663961491913     
          15          16   1.5839833828000369     
          16          17   1.2586418003315358     
          17          18   1.3457704431211130     
          18          19   1.0513384021237224     
          19          20   1.4236194495157339     
          20          21   1.4369171161462606     
          21          22   1.0096417090151590     
          21          23   1.4298227388414089     
          23          24   1.4317655506938389     
          24          25   1.0096018607703277     
          19          26   1.4247421202384380     
          24          26   1.4350737285986543     
          18          27   1.3588412927472029     
          27          28   1.1541045505712706     
          28          29   1.7066074909195470     
           1          30   1.3841028921361314     
          29          30   1.1471539616532707     
          27          31   1.3791301025087579     
          30          31   1.3756616517318361     
          14          32   1.2500372859906426     
          17          32   1.2206926395186910     
           7          33   1.0501141428521255     
          33          34   1.4282204943641295     
          34          35   1.4325616166559820     
          35          36   1.0098835673661244     
          35          37   1.4341577917337982     
          37          38   1.4278107209617035     
          38          39   1.0095496816704383     
          33          40   1.4218661462826168     
          38          40   1.4383886456639858     
           1          41  0.99616395273936598     
           3          42  0.99281668672109513     
           4          43  0.99920672316408699     
           6          44  0.96118398490459356     
           9          45  0.99901191301639247     
          10          46  0.99935584701809521     
          15          47  0.99833577910380333     
          16          48  0.99844465154385720     
          20          49  0.99515975759346298     
          22          50  0.98669516381702616     
          22          51  0.99644261638175069     
          22          52  0.99759945345673851     
          23          53  0.99456830092801318     
          25          54  0.99634242039972720     
          25          55  0.99715254998600533     
          25          56  0.98678139972711987     
          26          57  0.99495042590135496     
          28          58  0.99981512370259495     
          29          59  0.99336865615978553     
          32          60  0.96007965378871729     
          34          61  0.99534721368888823     
          36          62  0.99515335525353865     
          36          63  0.99891720625668856     
          36          64  0.98593528914088246     
          37          65  0.99427701062258700     
          39          66  0.99685227517270125     
          39          67  0.98666986844990923     
          39          68  0.99711924061773261     
          40          69  0.99502310291713292     
          70          71   1.3727760030952822     
          71          72   1.2401390618173904     
          72          73   1.5981356692640856     
          73          74   1.2520546901030194     
          71          75   1.2300146873078792     
          74          75   1.2283350220572511     
          74          76   1.3430433480318174     
          76          77   1.3702392153426739     
          77          78   1.1621061226151657     
          78          79   1.6927356427012856     
          77          80   1.3528453105147911     
          79          81   1.1657593793642507     
          80          81   1.4146736533439834     
          81          82   1.2859078694788175     
          82          83   1.2871556892916041     
          83          84   1.2663519956737905     
          84          85   1.5840076582921576     
          85          86   1.2586350573943286     
          86          87   1.3460189527148099     
          87          88   1.0510493829204708     
          88          89   1.4234360804516903     
          89          90   1.4370843613872153     
          90          91   1.0096439533530077     
          90          92   1.4296701892887860     
          92          93   1.4319750945788532     
          93          94   1.0095906367994174     
          88          95   1.4251710735779859     
          93          95   1.4348503437042055     
          87          96   1.3587557482323913     
          96          97   1.1540524778611938     
          97          98   1.7066282708558527     
          70          99   1.3842341382472927     
          98          99   1.1471620356522318     
          96         100   1.3792663092759772     
          99         100   1.3755099329231231     
          83         101   1.2500329620900708     
          86         101   1.2205264228161441     
          76         102   1.0496829351873307     
         102         103   1.4282030758049311     
         103         104   1.4327345643633509     
         104         105   1.0098992026528872     
         104         106   1.4339313679630743     
         106         107   1.4281145174256034     
         107         108   1.0095574787368211     
         102         109   1.4222788539889744     
         107         109   1.4380583817289005     
          70         110  0.99618344346527743     
          72         111  0.99282694823436068     
          73         112  0.99922723668055835     
          75         113  0.96116462170867434     
          78         114  0.99900682174161504     
          79         115  0.99940644244091204     
          84         116  0.99829997887257504     
          85         117  0.99844764780394557     
          89         118  0.99511657031027678     
          91         119  0.98671502818107892     
          91         120  0.99632481874626388     
          91         121  0.99765768820882239     
          92         122  0.99457984474816297     
          94         123  0.99643663789076786     
          94         124  0.99711288090904637     
          94         125  0.98681547180161555     
          95         126  0.99497451609494814     
          97         127  0.99984557442294864     
          98         128  0.99337019862130171     
         101         129  0.96007803388747359     
         103         130  0.99531391025347205     
         105         131  0.99529038551616922     
         105         132  0.99883913022998361     
         105         133  0.98589292367782932     
         106         134  0.99427484562303092     
         108         135  0.99695595380016722     
         108         136  0.98663167503175830     
         108         137  0.99704539164510131     
         109         138  0.99501637596188808     
         139         140   2.3751155823880072     
         140         141   1.3549231668570401     
          13         142   1.2201921532883284     
         139         142  0.17039835594625674     
         141         142   2.4733203335758063     
         139         143   1.3567257269750546     
         140         144  0.17002838429997283     
         143         144   2.4685687302180512     
         145         146   2.3658056414214763     
         146         147   1.3632124636443002     
         145         148  0.16931362541437175     
         147         148   2.4614450870380775     
         145         149   1.3632881196655793     
         146         150  0.16937607909010466     
         149         150   2.4614912639318591     
         151         152   2.3663845076442640     
         152         153   1.3629326338645842     
         151         154  0.16956513046252705     
         153         154   2.4619652154069471     
         151         155   1.3629287445111362     
         152         156  0.16956230921950824     
         155         156   2.4619628552676280     
         157         158   2.3656576243922030     
         158         159   1.3633813465245188     
         157         160  0.16935521644411083     
         159         160   2.4613746489976802     
         157         161   1.3633271796450690     
         158         162  0.16927565073932488     
         161         162   2.4612204527358905     
         163         164   2.3746805804931825     
         164         165   1.3571038345682103     
         163         166  0.16998647780499704     
         165         166   2.4681088375892455     
         163         167   1.3552690442283324     
          82         168   1.2204303654748683     
         164         168  0.17037869213354778     
         167         168   2.4729514747566355     
         144         169   1.2249696083111057     
         169         170   1.2803398781739688     
         170         171   1.2712346343402230     
         171         172   1.5766944203649982     
         172         173   1.2650300274075499     
         170         174   1.2517664755454703     
         173         174   1.2195572901378500     
         173         175   1.3380169743128374     
         175         176   1.3752599923408797     
         176         177   1.1630133040627733     
         177         178   1.6904795870847602     
         176         179   1.3483901006911296     
         178         180   1.1680009392072974     
         179         180   1.4183555159729306     
         148         181   1.2309519136943696     
         180         181   1.2802206654834527     
         181         182   1.2781452558996733     
         182         183   1.2725822184480844     
         183         184   1.5755962913794295     
         184         185   1.2657284610359849     
         185         186   1.3363230751489610     
         186         187   1.0489205250238325     
         187         188   1.4235729930064218     
         188         189   1.4379219290490071     
         189         190   1.0096745629275683     
         189         191   1.4285400161614716     
         191         192   1.4336676160831445     
         192         193   1.0095292153513102     
         187         194   1.4276519595806265     
         192         194   1.4331522049715526     
         186         195   1.3768540189178329     
         195         196   1.1621831683464277     
         196         197   1.6918063744826637     
         169         198   1.2822595854608163     
         197         198   1.1669870264813837     
         195         199   1.3482028746632351     
         198         199   1.4172166090497069     
         182         200   1.2522095429080371     
         185         200   1.2205246462521129     
         175         201   1.0491568745070201     
         201         202   1.4287427107220780     
         202         203   1.4319614039541819     
         203         204   1.0094347994208039     
         203         205   1.4350003485731124     
         205         206   1.4272229851191376     
         206         207   1.0097415254599140     
         201         208   1.4225665100044766     
         206         208   1.4389774128037633     
         171         209  0.99865627832611348     
         172         210  0.99922073268304024     
         174         211  0.96140483375441921     
         177         212  0.99949872742502421     
         178         213  0.99963153656512505     
         183         214  0.99852307517666972     
         184         215  0.99905384216319515     
         188         216  0.99514750299442867     
         190         217  0.98709504660180003     
         190         218  0.99644253907122138     
         190         219  0.99717795749577309     
         191         220  0.99454032592001929     
         193         221  0.99618182838714942     
         193         222  0.98625729396695061     
         193         223  0.99819319074426682     
         194         224  0.99513032412451696     
         196         225  0.99958427339506584     
         197         226  0.99967860556143850     
         200         227  0.96147804262610548     
         202         228  0.99530375791113024     
         204         229  0.99899606937929364     
         204         230  0.99522255370977442     
         204         231  0.98663609214304371     
         205         232  0.99441202677652041     
         207         233  0.99700987398303043     
         207         234  0.99643074342732085     
         207         235  0.98708167508181166     
         208         236  0.99514823793297746     
         150         237   1.2308749236233272     
         237         238   1.2778112108411703     
         238         239   1.2725890369226451     
         239         240   1.5758647929181231     
         240         241   1.2656549443268825     
         238         242   1.2524488979895538     
         241         242   1.2201087469408500     
         241         243   1.3370236546967482     
         243         244   1.3760231785354942     
         244         245   1.1628707633066204     
         245         246   1.6907430921451541     
         244         247   1.3481737633971675     
         246         248   1.1679224987892241     
         247         248   1.4184128674323200     
         154         249   1.2305864697169446     
         248         249   1.2802042032109457     
         249         250   1.2785590190486373     
         250         251   1.2722995449303871     
         251         252   1.5762442832377581     
         252         253   1.2654080874165790     
         253         254   1.3372004646775757     
         254         255   1.0492749091482654     
         255         256   1.4233763664643100     
         256         257   1.4380282376968951     
         257         258   1.0096669688568449     
         257         259   1.4284745589383367     
         259         260   1.4336652217646710     
         260         261   1.0095054995322856     
         255         262   1.4275058510581224     
         260         262   1.4332318433019413     
         254         263   1.3758575866079437     
         263         264   1.1628485581280439     
         264         265   1.6907175932234040     
         237         266   1.2805213989688100     
         265         266   1.1679327587870549     
         263         267   1.3483911765137240     
         266         267   1.4181664145946631     
         250         268   1.2522215663056029     
         253         268   1.2202017544449175     
         243         269   1.0493613011027025     
         269         270   1.4290003552512349     
         270         271   1.4316847139295104     
         271         272   1.0094821415898059     
         271         273   1.4353092611236546     
         273         274   1.4268556879522758     
         274         275   1.0096959748517338     
         269         276   1.4219853597232348     
         274         276   1.4394026609085226     
         239         277  0.99859255276830228     
         240         278  0.99910530487921556     
         242         279  0.96143141226693429     
         245         280  0.99954032153056660     
         246         281  0.99966329895378769     
         251         282  0.99853305860276032     
         252         283  0.99907693493355088     
         256         284  0.99513028250944902     
         258         285  0.98714240532731723     
         258         286  0.99629554773655760     
         258         287  0.99722898460998766     
         259         288  0.99458317598527946     
         261         289  0.99630213943060930     
         261         290  0.98630893086706128     
         261         291  0.99810397485840274     
         262         292  0.99513980902913790     
         264         293  0.99958703891099177     
         265         294  0.99968232506598609     
         268         295  0.96145935233268143     
         270         296  0.99527478042995299     
         272         297  0.99892409016775985     
         272         298  0.99531837197660600     
         272         299  0.98649481545685569     
         273         300  0.99448266687206810     
         275         301  0.99732478970806882     
         275         302  0.99605714308175630     
         275         303  0.98722049846158244     
         276         304  0.99510555248907051     
         156         305   1.2305869105835714     
         305         306   1.2785088934895716     
         306         307   1.2723284638786960     
         307         308   1.5762148378183665     
         308         309   1.2654307899196493     
         306         310   1.2522365085591511     
         309         310   1.2201963227059218     
         309         311   1.3371896134777410     
         311         312   1.3758590914907727     
         312         313   1.1628660063327396     
         313         314   1.6906874317981959     
         312         315   1.3483584966762561     
         314         316   1.1679533831218272     
         315         316   1.4182275522290659     
         160         317   1.2309631514007353     
         316         317   1.2803894607820745     
         317         318   1.2778601800578773     
         318         319   1.2725918096619941     
         319         320   1.5758583027593425     
         320         321   1.2656506646887258     
         321         322   1.3370317121191460     
         322         323   1.0493320318534156     
         323         324   1.4217540676336229     
         324         325   1.4396472777643972     
         325         326   1.0096802471672104     
         325         327   1.4266530563406072     
         327         328   1.4355091563503453     
         328         329   1.0094778005180267     
         323         330   1.4291653276094398     
         328         330   1.4315413788191409     
         322         331   1.3760176784816971     
         331         332   1.1628545427037085     
         332         333   1.6907555301631787     
         305         334   1.2802460433749903     
         333         334   1.1679137855516932     
         331         335   1.3481902846073284     
         334         335   1.4183845510167516     
         318         336   1.2524340125740514     
         321         336   1.2201127688108100     
         311         337   1.0493107899968681     
         337         338   1.4273984069210350     
         338         339   1.4333320745869902     
         339         340   1.0095107348092613     
         339         341   1.4335120533816879     
         341         342   1.4286278437761912     
         342         343   1.0096772129839928     
         337         344   1.4235320354266725     
         342         344   1.4378478018729528     
         307         345  0.99853966187004040     
         308         346  0.99907626228903923     
         310         347  0.96145700898879227     
         313         348  0.99958549215258430     
         314         349  0.99968801280897557     
         319         350  0.99858680004443634     
         320         351  0.99910859335991542     
         324         352  0.99506621817680230     
         326         353  0.98738008512463216     
         326         354  0.99569534739576715     
         326         355  0.99754912263541751     
         327         356  0.99453654041652095     
         329         357  0.99547401656543588     
         329         358  0.98646359645507642     
         329         359  0.99881260357348434     
         330         360  0.99525565458470933     
         332         361  0.99954215727794271     
         333         362  0.99965792202252701     
         336         363  0.96143290215298272     
         338         364  0.99515945121594018     
         340         365  0.99820955196028172     
         340         366  0.99618795680605787     
         340         367  0.98631141400087863     
         341         368  0.99453889116343941     
         343         369  0.99703116242497836     
         343         370  0.99656866548158662     
         343         371  0.98704636698166859     
         344         372  0.99516171595936365     
         162         373   1.2311543149644752     
         373         374   1.2781165968419705     
         374         375   1.2726382074039670     
         375         376   1.5754934637097457     
         376         377   1.2657825125993567     
         374         378   1.2521620870588337     
         377         378   1.2205711179006247     
         377         379   1.3361255738143045     
         379         380   1.3765669578750825     
         380         381   1.1622233158706807     
         381         382   1.6915993881696958     
         380         383   1.3483592645838727     
         382         384   1.1671554978339271     
         383         384   1.4170183556249030     
         166         385   1.2254556983346354     
         384         385   1.2823300304209726     
         385         386   1.2797921966617523     
         386         387   1.2714600936748295     
         387         388   1.5764018970548712     
         388         389   1.2652145671700938     
         389         390   1.3375820915264853     
         390         391   1.0495187554580154     
         391         392   1.4218664898764311     
         392         393   1.4397077483964433     
         393         394   1.0097173789757612     
         393         395   1.4264981450908922     
         395         396   1.4356541284152591     
         396         397   1.0094207594222597     
         391         398   1.4290125234826818     
         396         398   1.4314766333051414     
         390         399   1.3754431937709046     
         399         400   1.1630898026080929     
         400         401   1.6903629902999897     
         373         402   1.2799033417196275     
         401         402   1.1680578206110126     
         399         403   1.3481208669491489     
         402         403   1.4186199864826570     
         386         404   1.2518707503192088     
         389         404   1.2197091099233646     
         379         405   1.0494880693752826     
         405         406   1.4272008204933451     
         406         407   1.4334785375304691     
         407         408   1.0095261216851670     
         407         409   1.4333302392001064     
         409         410   1.4287792503800130     
         410         411   1.0096730491967962     
         405         412   1.4235965304613560     
         410         412   1.4377014863859565     
         375         413  0.99851292104238876     
         376         414  0.99903701847114124     
         378         415  0.96150400278135872     
         381         416  0.99958836584110167     
         382         417  0.99965388181689241     
         387         418  0.99869087215290608     
         388         419  0.99921935921329219     
         392         420  0.99511844801098814     
         394         421  0.98733475279022820     
         394         422  0.99583418706726168     
         394         423  0.99742656780649719     
         395         424  0.99447647182052235     
         397         425  0.99511585236706690     
         397         426  0.98664093743601666     
         397         427  0.99904865702685075     
         398         428  0.99529151760088630     
         400         429  0.99946700860252646     
         401         430  0.99963412576684785     
         404         431  0.96140446504611732     
         406         432  0.99516772586610114     
         408         433  0.99826902291876196     
         408         434  0.99610637736931218     
         408         435  0.98625618649332836     
         409         436  0.99450186468201207     
         411         437  0.99691598350202637     
         411         438  0.99679031025276310     
         411         439  0.98697649584563096     
         412         440  0.99521773178152628     
