           2           3   1.3911875011270229     
           3           4   1.2010770800864721     
           4           5   1.6420399930504388     
           5           6   1.2068020177500802     
           1           7  0.71098663584244404     
           3           7   1.2539175022278972     
           6           7   1.2521042137111700     
           6           8   1.3670986632117967     
           8           9   1.0540686407665021     
           9          10   1.4160593332633931     
          10          11   1.4648161911193154     
          11          12   1.4055180914360397     
          12          13   1.0046312120110690     
          13          14   1.5668410488830524     
          13          15   1.5682632995446046     
          14          15  0.38159218753814206     
          12          16   1.4055120037097271     
           9          17   1.4155787851987167     
          16          17   1.4650256198877736     
           8          18   1.3625732581493935     
          18          19   1.2175885166339941     
          19          20   1.6223388344625838     
           1          21  0.71137974756865907     
          18          21   1.2456472789895801     
          20          22   1.2274085619177590     
          21          22   1.2758353318766593     
          22          23   1.3058513551223121     
          23          24   1.3055266096922482     
          24          25   1.2275435172773483     
          25          26   1.6222137764937994     
          26          27   1.2174889306285468     
           1          28  0.71097109670726388     
          24          28   1.2765428878914309     
          27          28   1.2450280941919185     
          27          29   1.3632193754079422     
          29          30   1.0544923269150401     
          30          31   1.4152115098775957     
          31          32   1.4652487606136557     
          32          33   1.4053644168940220     
          33          34   1.0047547925885296     
          34          35   1.5667315490633613     
          34          36   1.5681145839373767     
          35          36  0.38150827298179318     
          33          37   1.4054351661041093     
          30          38   1.4159464646130968     
          37          38   1.4648367042391639     
          29          39   1.3660499038110125     
          39          40   1.2068265582584430     
          40          41   1.6420946650409047     
           2          42   1.3922107737372227     
          41          42   1.2008176058200870     
           1          43  0.71142880527135577     
          39          43   1.2529466988783253     
          42          43   1.2529819955649322     
           2          44  0.99526154294657132     
           4          45  0.99206721109004403     
           5          46  0.99775642961150091     
          10          47  0.98702569175712063     
          11          48  0.98499922575447596     
          16          49  0.98539771000487208     
          17          50  0.98750369707950847     
          19          51  0.99676357807090754     
          20          52  0.99780684560788002     
          25          53  0.99766655572406981     
          26          54  0.99670054588398860     
          31          55  0.98747809485644911     
          32          56  0.98541998566261746     
          37          57  0.98500205407384089     
          38          58  0.98710927144465843     
          40          59  0.99774468270408490     
          41          60  0.99207286835022002     
          62          63   1.3905926407133371     
          63          64   1.2011873812659202     
          64          65   1.6417890569064624     
          65          66   1.2068885775577858     
          61          67  0.71298993589788195     
          63          67   1.2529718824746376     
          66          67   1.2506663190930765     
          66          68   1.3668764398733182     
          68          69   1.0577031372792038     
          69          70   1.4142486537692056     
          70          71   1.4657351458781898     
          71          72   1.4048355830877397     
          72          73   1.0049235075785710     
          73          74   1.5669510942086300     
          73          75   1.5677155999212693     
          74          75  0.38142386208329798     
          72          76   1.4052974364595796     
          69          77   1.4143703124533453     
          76          77   1.4654637241946633     
          68          78   1.3595107632294952     
          78          79   1.2194397301059245     
          79          80   1.6196289308387850     
          61          81  0.71365446335717986     
          78          81   1.2450166421768325     
          80          82   1.2301802443406589     
          81          82   1.2746468605713068     
          82          83   1.3010735842692438     
          83          84   1.3001206334415727     
          84          85   1.2305096004388056     
          85          86   1.6193068887201298     
          86          87   1.2194125185977935     
          61          88  0.71337219903996218     
          84          88   1.2755697270706590     
          87          88   1.2441711221818703     
          87          89   1.3601395758664838     
          89          90   1.0581634322076277     
          90          91   1.4140023249489950     
          91          92   1.4656748668726791     
          92          93   1.4051830597052108     
          93          94   1.0049793230924395     
          94          95   1.5667701153701861     
          94          96   1.5677874134848204     
          95          96  0.38138120524934449     
          93          97   1.4048072338251207     
          90          98   1.4141507372610929     
          97          98   1.4657093106724242     
          89          99   1.3659238266306104     
          99         100   1.2069742050946310     
         100         101   1.6417788125912816     
          62         102   1.3913605120427712     
         101         102   1.2010229619907760     
          61         103  0.71330201460121734     
          99         103   1.2513614735400895     
         102         103   1.2521966626778553     
          62         104  0.99514342050601323     
          64         105  0.99220782689937281     
          65         106  0.99774230666215413     
          70         107  0.98718071520380157     
          71         108  0.98500521473117475     
          76         109  0.98542531875798822     
          77         110  0.98764808585324482     
          79         111  0.99693452042227992     
          80         112  0.99746035290532609     
          85         113  0.99745398389433138     
          86         114  0.99687312744196388     
          91         115  0.98765652390723757     
          92         116  0.98545503210047347     
          97         117  0.98498905502309719     
          98         118  0.98721425562909293     
         100         119  0.99771344763287761     
         101         120  0.99221240976880520     
          23         121   1.2016658216904903     
         121         122   2.6262327396086818     
         123         124   2.6147713718076320     
          83         126   1.2112160099231606     
         125         126   2.6183569991242579     
         122         128   1.2030547767008510     
         128         129   1.3007010379533932     
         129         130   1.2283806736583849     
         130         131   1.6202516249190513     
         131         132   1.2195052196291984     
         127         133  0.71027191519706812     
         129         133   1.2793232000607870     
         132         133   1.2398355860256673     
         132         134   1.3662837045611536     
         134         135   1.0569001452881921     
         135         136   1.4155495570057028     
         136         137   1.4649978947881068     
         137         138   1.4059206665874360     
         138         139   1.0037648293202004     
         139         140   1.5689100821600215     
         139         141   1.5689030748638939     
         140         141  0.38222992777163262     
         138         142   1.4060226681193695     
         135         143   1.4155228314570747     
         142         143   1.4648978119901066     
         134         144   1.3642488808619615     
         144         145   1.2207521786212996     
         145         146   1.6183378909188531     
         127         147  0.71073502838164393     
         144         147   1.2401950756271274     
         146         148   1.2304956291975682     
         147         148   1.2804312353813283     
         123         149   1.2124082824146332     
         148         149   1.2970389866274399     
         149         150   1.2974576764517156     
         150         151   1.2304818748932078     
         151         152   1.6181584117816936     
         152         153   1.2208982570678750     
         127         154  0.71140637989828992     
         150         154   1.2795707218198040     
         153         154   1.2408337794644544     
         153         155   1.3631317640209752     
         155         156   1.0573480566103939     
         156         157   1.4150344253348599     
         157         158   1.4653079706058669     
         158         159   1.4056736748825933     
         159         160   1.0038923650841811     
         160         161   1.5688211195523878     
         160         162   1.5687873248455972     
         161         162  0.38217232442056942     
         159         163   1.4060666331880955     
         156         164   1.4155668355971460     
         163         164   1.4648407110600836     
         155         165   1.3669437564582667     
         165         166   1.2191717799449926     
         166         167   1.6205959820331692     
         128         168   1.3012058359828287     
         167         168   1.2281854667575882     
         127         169  0.70980940163264017     
         165         169   1.2396125946124736     
         168         169   1.2795914062616465     
         130         170  0.99804687127693470     
         131         171  0.99759638301384446     
         136         172  0.98745898285802780     
         137         173  0.98518762813752370     
         142         174  0.98529303477738606     
         143         175  0.98749896138093518     
         145         176  0.99751598435876954     
         146         177  0.99813185994840081     
         151         178  0.99813056109990439     
         152         179  0.99750559865854416     
         157         180  0.98745783060866288     
         158         181  0.98517664854386144     
         163         182  0.98532294933642894     
         164         183  0.98755593562914057     
         166         184  0.99756761885750445     
         167         185  0.99809074002966514     
         124         187   1.2131183858866694     
         187         188   1.2966481643002383     
         188         189   1.2306768667280688     
         189         190   1.6178308872706491     
         190         191   1.2210736747990873     
         186         192  0.71241132713522670     
         188         192   1.2790732706267813     
         191         192   1.2395222296105817     
         191         193   1.3632313051972025     
         193         194   1.0604129080479521     
         194         195   1.4139161421738817     
         195         196   1.4656817478610995     
         196         197   1.4054605174803525     
         197         198   1.0040469294219532     
         198         199   1.5689978270230565     
         198         200   1.5682754632104201     
         199         200  0.38204902774687727     
         197         201   1.4056327549988814     
         194         202   1.4141913004495412     
         201         202   1.4655227152156762     
         193         203   1.3639362445812364     
         203         204   1.2210109252844614     
         204         205   1.6179839150847208     
         186         206  0.71204710457886766     
         203         206   1.2391028131349726     
         205         207   1.2309839565055181     
         206         207   1.2785304156757231     
         125         208   1.2126882489557471     
         207         208   1.2963734456454423     
         208         209   1.2957822115814137     
         209         210   1.2312555959350058     
         210         211   1.6174669028043722     
         211         212   1.2215065703901569     
         186         213  0.71260871966001227     
         209         213   1.2779133080193155     
         212         213   1.2397141564629577     
         212         214   1.3623837670839167     
         214         215   1.0609088754902973     
         215         216   1.4133502810650367     
         216         217   1.4659863058224556     
         217         218   1.4052274711046588     
         218         219   1.0041267619194996     
         219         220   1.5682087369411766     
         219         221   1.5689685707615886     
         220         221  0.38202506661673957     
         218         222   1.4057423207125412     
         215         223   1.4143089091714518     
         222         223   1.4653964189556918     
         214         224   1.3645016192934973     
         224         225   1.2208019782020199     
         225         226   1.6179339925650742     
         187         227   1.2957295208198512     
         226         227   1.2307358474235508     
         186         228  0.71177637833184426     
         224         228   1.2385297636834189     
         227         228   1.2802927213453417     
         189         229  0.99808855191251256     
         190         230  0.99750672618389669     
         195         231  0.98768542133202608     
         196         232  0.98530222464640516     
         201         233  0.98519419937173247     
         202         234  0.98755074362154338     
         204         235  0.99767960957890756     
         205         236  0.99788566018238489     
         210         237  0.99761781632639068     
         211         238  0.99766123164196951     
         216         239  0.98768389335671058     
         217         240  0.98528207818092972     
         222         241  0.98522549134206139     
         223         242  0.98757748683119195     
         225         243  0.99745201591878097     
         226         244  0.99807288206258882     
