           2           3   1.3950286677338590     
           3           4   1.2048811888364561     
           4           5   1.6353203616433643     
           5           6   1.2091053932960178     
           1           7  0.86942975818311552     
           3           7   1.2246096137658664     
           6           7   1.2284665406283977     
           6           8   1.3657566299351618     
           8           9   1.3767085680286300     
           9          10   1.2130141060253066     
          10          11   1.6252490324726916     
           1          12  0.86359475916949879     
           9          12   1.2148867008995716     
          11          13   1.2260363175453808     
          12          13   1.2489730597640913     
          13          14   1.3050224400146455     
          14          15   1.3053196014295174     
          15          16   1.2255103590570435     
          16          17   1.6252911348558137     
          17          18   1.2134697865965822     
          18          19   1.3757684089393927     
          19          20   1.0344309435304377     
          20          21   1.3792706531535792     
          21          22   1.1199806221234896     
          22          23  0.98291947247773115     
          21          24   1.3864813468302852     
          24          25   1.4391479193508168     
          25          26   1.4389130419987874     
          20          27   1.3786986325745147     
          26          27   1.3864750340606646     
          27          28   1.1201145743181271     
          28          29  0.98326384022639857     
          19          30   1.3675270098995942     
          30          31   1.2083605034048419     
          31          32   1.6361768374633470     
           2          33   1.3950733804423900     
          32          33   1.2051212972821648     
           1          34  0.87003079191200394     
          30          34   1.2274333997530209     
          33          34   1.2250450667034256     
           1          35  0.86237699314844984     
          15          35   1.2484272575709781     
          18          35   1.2161695156965233     
           8          36   1.0360430117645334     
          36          37   1.3781753120678395     
          37          38   1.1203682216995305     
          38          39  0.98305018061664884     
          37          40   1.3866214963262746     
          40          41   1.4390631547835464     
          41          42   1.4387478269852938     
          36          43   1.3784802010602675     
          42          43   1.3869444471808305     
          43          44   1.1192966073940593     
          44          45  0.98304740673574253     
           2          46  0.99694747938571915     
           4          47  0.99446228378715962     
           5          48  0.99976145918743464     
          10          49  0.99877861006206692     
          11          50  0.99936230171570040     
          16          51  0.99936188133633230     
          17          52  0.99892018703504259     
          23          53  0.99650446167839912     
          23          54  0.98628253820100087     
          23          55  0.99682516341292204     
          24          56  0.98939461596123146     
          25          57  0.98593514729545095     
          26          58  0.98929082488542408     
          29          59  0.98653319412795348     
          29          60  0.99708121652465842     
          29          61  0.99627882275088031     
          31          62  0.99936896669287245     
          32          63  0.99463631316678924     
          39          64  0.98640186282949693     
          39          65  0.99657782634621228     
          39          66  0.99671793332840608     
          40          67  0.98933457962846771     
          41          68  0.98592147607495750     
          42          69  0.98936809039499030     
          45          70  0.99602127282952080     
          45          71  0.98646753621589467     
          45          72  0.99744036727759777     
          74          75   1.3942248673762598     
          75          76   1.2049896578928336     
          76          77   1.6348185055810032     
          77          78   1.2086138103106097     
          73          79  0.86950487057151782     
          75          79   1.2254986895077613     
          78          79   1.2277079905869561     
          78          80   1.3669224381899316     
          80          81   1.3752726368651877     
          81          82   1.2136649569249067     
          82          83   1.6240078503798141     
          73          84  0.86225786978017971     
          81          84   1.2161284537576527     
          83          85   1.2264346206986840     
          84          85   1.2490007166552057     
          85          86   1.3034386592630747     
          86          87   1.3020712201295255     
          87          88   1.2263863119496980     
          88          89   1.6239543713080644     
          89          90   1.2130788850674243     
          90          91   1.3775553700416228     
          91          92   1.0355417427915514     
          92          93   1.3779781291100803     
          93          94   1.1209423565222800     
          94          95  0.98256884280097678     
          93          96   1.3866865281144414     
          96          97   1.4391138238737402     
          97          98   1.4388495439275109     
          92          99   1.3788237408202020     
          98          99   1.3864834948942657     
          99         100   1.1200650944644288     
         100         101  0.98325289489621892     
          91         102   1.3650674697447780     
         102         103   1.2091186202928084     
         103         104   1.6349206080123144     
          74         105   1.3953442973150387     
         104         105   1.2051436645516012     
          73         106  0.86942409407689591     
         102         106   1.2290771982492030     
         105         106   1.2239886759512693     
          73         107  0.86200858819271298     
          87         107   1.2509529294706743     
          90         107   1.2143517858050938     
          80         108   1.0360586463704169     
         108         109   1.3779198690182171     
         109         110   1.1212466531487062     
         110         111  0.98281331087604340     
         109         112   1.3863967811983045     
         112         113   1.4392651901714490     
         113         114   1.4386187765078378     
         108         115   1.3784906390799891     
         114         115   1.3869747701022577     
         115         116   1.1195926828331237     
         116         117  0.98306054435194079     
          74         118  0.99684477597702181     
          76         119  0.99436882840949459     
          77         120  0.99951179864853912     
          82         121  0.99842722613047030     
          83         122  0.99939034661246229     
          88         123  0.99924394049754861     
          89         124  0.99860019446944570     
          95         125  0.99647830084769329     
          95         126  0.98608230575444045     
          95         127  0.99665350430749267     
          96         128  0.98938176749401574     
          97         129  0.98596172053936282     
          98         130  0.98935042634630233     
         101         131  0.98654314514281571     
         101         132  0.99712817402802278     
         101         133  0.99630132368038515     
         103         134  0.99925983554044162     
         104         135  0.99456266905357260     
         111         136  0.98625497384907435     
         111         137  0.99663296459848494     
         111         138  0.99651801599773160     
         112         139  0.98932439258564131     
         113         140  0.98595168163687208     
         114         141  0.98941276831993874     
         117         142  0.99608655034343618     
         117         143  0.98641862648465739     
         117         144  0.99735068648171576     
         145         146   2.3848963233586593     
         146         147   1.3506850121997005     
          14         148   1.2101763538548462     
         145         148  0.17694830670730399     
         147         148   2.4859783623296705     
         145         149   1.3515691268765955     
         146         150  0.17685483491495038     
         149         150   2.4835178535646381     
         151         152   2.3794351612262643     
         152         153   1.3559800658051524     
         151         154  0.17727391444651094     
         153         154   2.4785954411562803     
         151         155   1.3552030255291980     
          86         156   1.2143012734277900     
         152         156  0.17736693254140642     
         155         156   2.4807271501751669     
         150         158   1.2128225790693510     
         158         159   1.3028317121160755     
         159         160   1.2283324785553771     
         160         161   1.6210174940439956     
         161         162   1.2164365157971972     
         157         163  0.86305332530824153     
         159         163   1.2484922019194726     
         162         163   1.2167590483987567     
         162         164   1.3706839479456203     
         164         165   1.3714728726988819     
         165         166   1.2165531172465383     
         166         167   1.6205078573257647     
         157         168  0.86269177371319183     
         165         168   1.2157324335854585     
         167         169   1.2288238771081497     
         168         169   1.2498430894524439     
         154         170   1.2166756296269152     
         169         170   1.3003555233340616     
         170         171   1.3007706678629141     
         171         172   1.2287866568664563     
         172         173   1.6204010995668583     
         173         174   1.2167861532164161     
         174         175   1.3701717788817278     
         175         176   1.0367103545423411     
         176         177   1.3781757960629710     
         177         178   1.1210391729971827     
         178         179  0.98251777656139716     
         177         180   1.3865675600673244     
         180         181   1.4390602770983298     
         181         182   1.4389808959223660     
         176         183   1.3772458931420943     
         182         183   1.3867406519577574     
         183         184   1.1216259647820714     
         184         185  0.98247621822850006     
         175         186   1.3716650505458088     
         186         187   1.2161939575458318     
         187         188   1.6209911835525048     
         158         189   1.3022107709384838     
         188         189   1.2282627319194841     
         157         190  0.86333521947018066     
         186         190   1.2158620986866413     
         189         190   1.2493470857044364     
         157         191  0.86283085676236837     
         171         191   1.2488741964626271     
         174         191   1.2166528002018981     
         164         192   1.0362298918548170     
         192         193   1.3777173326556891     
         193         194   1.1214607711377362     
         194         195  0.98248905921411034     
         193         196   1.3866168987631078     
         196         197   1.4390524275204704     
         197         198   1.4390471261792370     
         192         199   1.3781293373052541     
         198         199   1.3865077651172888     
         199         200   1.1212911941964292     
         200         201  0.98259354723273684     
         160         202  0.99935449965227896     
         161         203  0.99885347121394163     
         166         204  0.99878308304462948     
         167         205  0.99934974802054699     
         172         206  0.99938735663573841     
         173         207  0.99870856154385523     
         179         208  0.99694983577476193     
         179         209  0.98620931466913120     
         179         210  0.99632742715845179     
         180         211  0.98940177880032620     
         181         212  0.98595334140764979     
         182         213  0.98932393256645945     
         185         214  0.98617519101117224     
         185         215  0.99639994475886162     
         185         216  0.99672500437967315     
         187         217  0.99894360549093375     
         188         218  0.99927124069618278     
         195         219  0.99637501247037441     
         195         220  0.98615834873624009     
         195         221  0.99678819174650424     
         196         222  0.98935961253344595     
         197         223  0.98596116050798399     
         198         224  0.98937070898410473     
         201         225  0.99637858142753810     
         201         226  0.99684539154910790     
         201         227  0.98621727870703579     
