           1           2   1.3735709038259039     
           2           3   1.2387902050768271     
           3           4   1.6007822699545273     
           4           5   1.2487630186703604     
           2           6   1.2298505962688444     
           5           6   1.2297986823517988     
           5           7   1.3440574313663529     
           7           8   1.0532250032712298     
           8           9   1.4147020705763731     
           9          10   1.4638720174689408     
          10          11   1.3828679679692482     
          11          12   1.1240367964846847     
          12          13   2.9628975031134255     
          11          14   1.3836844151601646     
           8          15   1.4153179011842028     
          14          15   1.4627542094087245     
           7          16   1.3640185874166502     
          16          17   1.1611717570329732     
          17          18   1.6926887149372174     
          16          19   1.3605991048256143     
          18          20   1.1663118838087849     
          19          20   1.4104788492602498     
          20          21   1.2965590329831929     
          21          22   1.2953244010236331     
          22          23   1.2660603625082905     
          23          24   1.5853906471843959     
          24          25   1.2570886052736510     
          22          26   1.2482585829811927     
          25          26   1.2262967944699048     
          25          27   1.3419979716378250     
          27          28   1.0547113303451232     
          28          29   1.4141631158677781     
          29          30   1.4637612220704768     
          30          31   1.3829655077935374     
          31          32   1.1241838594836726     
          32          33   2.9625987564791654     
          31          34   1.3828999608703891     
          28          35   1.4141266564914761     
          34          35   1.4636025501161063     
          27          36   1.3583609837960036     
          36          37   1.1514084764380277     
          37          38   1.7089259187119894     
           1          39   1.3849243654198966     
          38          39   1.1458328942520590     
          36          40   1.3811513276592069     
          39          40   1.3748987477136425     
           1          41  0.99534881458043345     
           3          42  0.99202237666428261     
           4          43  0.99818683486232973     
           6          44  0.96080717332319732     
           9          45  0.98611312071373580     
          10          46  0.98472549679614796     
          14          47  0.98487226704451392     
          15          48  0.98591844378073856     
          17          49  0.99763471903644108     
          18          50  0.99918826761083546     
          23          51  0.99835552661598914     
          24          52  0.99732824984041168     
          26          53  0.96019290281326275     
          29          54  0.98606076778801888     
          30          55  0.98495026272216035     
          34          56  0.98471554296193498     
          35          57  0.98601069172837108     
          37          58  0.99858397599069737     
          38          59  0.99256496199679878     
          60          61   1.3731386234370060     
          61          62   1.2391541479799313     
          62          63   1.6001992746639457     
          63          64   1.2493253528479347     
          61          65   1.2299001347966547     
          64          65   1.2299720578383111     
          64          66   1.3430711516660152     
          66          67   1.0536466350555653     
          67          68   1.4148780657644138     
          68          69   1.4636126420032329     
          69          70   1.3831238506480239     
          70          71   1.1239983231426727     
          71          72   2.9629468304997340     
          70          73   1.3833782167364834     
          67          74   1.4148776849580960     
          73          74   1.4630559986341667     
          66          75   1.3650143688108825     
          75          76   1.1616629183427745     
          76          77   1.6916710372540009     
          75          78   1.3588241547527447     
          77          79   1.1666727693845145     
          78          79   1.4130069570744226     
          79          80   1.2932960148329544     
          80          81   1.2932513352416792     
          81          82   1.2666276899480524     
          82          83   1.5843635577155981     
          83          84   1.2576418343543689     
          81          85   1.2493020613566581     
          84          85   1.2255909536140355     
          84          86   1.3419838639092956     
          86          87   1.0553285307114286     
          87          88   1.4136062479939357     
          88          89   1.4640833033911742     
          89          90   1.3826471525521951     
          90          91   1.1241718790597175     
          91          92   2.9626100309791412     
          90          93   1.3830868187538907     
          87          94   1.4141997065069019     
          93          94   1.4634184416870484     
          86          95   1.3578008013863498     
          95          96   1.1515942916050537     
          96          97   1.7086740694846765     
          60          98   1.3850995553608960     
          97          98   1.1460042901478931     
          95          99   1.3814509806485613     
          98          99   1.3745425740243074     
          60         100  0.99540328171017578     
          62         101  0.99208138971044302     
          63         102  0.99825463627394950     
          65         103  0.96085862200326133     
          68         104  0.98580385024569617     
          69         105  0.98470240007120002     
          73         106  0.98495525183466326     
          74         107  0.98592135181420593     
          76         108  0.99752528532804086     
          77         109  0.99929109207788003     
          82         110  0.99837066329956459     
          83         111  0.99717036716767282     
          85         112  0.96012651381097225     
          88         113  0.98612360465374049     
          89         114  0.98505575396654232     
          93         115  0.98465968967976514     
          94         116  0.98568806169512380     
          96         117  0.99863699663743266     
          97         118  0.99261579284149615     
          21         119   1.2001474896296322     
         119         120   2.6211593661346586     
         121         122   2.5989482849911565     
         123         124   2.5968654470328851     
         125         126   2.6000157144568634     
          80         128   1.2052370862107655     
         127         128   2.6177892747168006     
         120         129   1.2025058316255335     
         129         130   1.2884443825646992     
         130         131   1.2702731054242506     
         131         132   1.5786006747260619     
         132         133   1.2628307665107441     
         130         134   1.2508242456573795     
         133         134   1.2238772721691218     
         133         135   1.3370711484796225     
         135         136   1.0559940316034733     
         136         137   1.4144530324474041     
         137         138   1.4634696447677087     
         138         139   1.3831380815543814     
         139         140   1.1241402015293522     
         140         141   2.9627425670900251     
         139         142   1.3830018246237505     
         136         143   1.4141391112042836     
         142         143   1.4639914536626193     
         135         144   1.3705177741771748     
         144         145   1.1630301485978642     
         145         146   1.6881627171360720     
         144         147   1.3536798707714319     
         146         148   1.1710499227355435     
         147         148   1.4187653322822025     
         121         149   1.2257060763398480     
         148         149   1.2822059213199370     
         149         150   1.2805102612933161     
         150         151   1.2755355628076133     
         151         152   1.5744817010057657     
         152         153   1.2653164661620928     
         150         154   1.2521770415121214     
         153         154   1.2258417116623872     
         153         155   1.3326449963433138     
         155         156   1.0558458239506368     
         156         157   1.4143253333053205     
         157         158   1.4635589041018859     
         158         159   1.3831252950386679     
         159         160   1.1241547135147056     
         160         161   2.9626763772659004     
         159         162   1.3828935560180524     
         156         163   1.4141853718188999     
         162         163   1.4639263639256739     
         155         164   1.3735822837256915     
         164         165   1.1604105443926103     
         165         166   1.6927121164850094     
         129         167   1.2930631777849722     
         166         167   1.1670735605612534     
         164         168   1.3549764198647052     
         167         168   1.4133664650187576     
         131         169  0.99875863753529781     
         132         170  0.99819815199752915     
         134         171  0.96189238035453273     
         137         172  0.98634262631897784     
         138         173  0.98499138979306944     
         142         174  0.98471895612694360     
         143         175  0.98605719696634297     
         145         176  0.99841365781580815     
         146         177  0.99860800988988607     
         151         178  0.99778320529873998     
         152         179  0.99816640295019521     
         154         180  0.96214811086601393     
         157         181  0.98590498787686298     
         158         182  0.98469705728568679     
         162         183  0.98504349515913447     
         163         184  0.98650688504365114     
         165         185  0.99843640576490644     
         166         186  0.99949420026042146     
         122         187   1.2261030875032133     
         187         188   1.2784262137643223     
         188         189   1.2763669027986373     
         189         190   1.5732912903023697     
         190         191   1.2662948620244114     
         188         192   1.2532611526143058     
         191         192   1.2244693673909635     
         191         193   1.3330428176345552     
         193         194   1.0584374612223226     
         194         195   1.4133690393355187     
         195         196   1.4638953740169312     
         196         197   1.3828858603825096     
         197         198   1.1241845550910448     
         198         199   2.9626361129879744     
         197         200   1.3826701537998347     
         194         201   1.4131511115376956     
         200         201   1.4643949551476372     
         193         202   1.3721668499870481     
         202         203   1.1630680314099922     
         203         204   1.6879016288131001     
         202         205   1.3526187813724464     
         204         206   1.1714379183412427     
         205         206   1.4192367386910059     
         123         207   1.2276928423363949     
         206         207   1.2812071705736248     
         207         208   1.2781456830619431     
         208         209   1.2767338090857163     
         209         210   1.5730387713124803     
         210         211   1.2664928734819954     
         208         212   1.2532516643680625     
         211         212   1.2250234143227627     
         211         213   1.3321906384422182     
         213         214   1.0583625925066515     
         214         215   1.4133985512953815     
         215         216   1.4639548047509214     
         216         217   1.3828036089911011     
         217         218   1.1241797920607512     
         218         219   2.9626348407032128     
         217         220   1.3827530276261066     
         214         221   1.4131732944215400     
         220         221   1.4643134506300339     
         213         222   1.3730123225756563     
         222         223   1.1628417234374364     
         223         224   1.6881944717942172     
         187         225   1.2816077629297871     
         224         225   1.1711514546933393     
         222         226   1.3522444836963030     
         225         226   1.4191104605662872     
         189         227  0.99786017422706441     
         190         228  0.99826317995612368     
         192         229  0.96216189659590323     
         195         230  0.98604124580141539     
         196         231  0.98484725326170741     
         200         232  0.98487862865247033     
         201         233  0.98623186348368364     
         203         234  0.99849466469836790     
         204         235  0.99867541872591414     
         209         236  0.99784880573897583     
         210         237  0.99821524263478156     
         212         238  0.96219432959059548     
         215         239  0.98600693716381516     
         216         240  0.98481739947530811     
         220         241  0.98491332168840162     
         221         242  0.98626513028073504     
         223         243  0.99853406098483311     
         224         244  0.99860242834461699     
         124         245   1.2276096177341522     
         245         246   1.2784313944140777     
         246         247   1.2765881540968929     
         247         248   1.5732044667439542     
         248         249   1.2664341571762290     
         246         250   1.2531564516221803     
         249         250   1.2250950073600431     
         249         251   1.3321886667990228     
         251         252   1.0581074011544811     
         252         253   1.4134243430637778     
         253         254   1.4639625108398258     
         254         255   1.3828624201190169     
         255         256   1.1241697495723659     
         256         257   2.9626551355156674     
         255         258   1.3827535808198521     
         252         259   1.4133695944877183     
         258         259   1.4642085901485387     
         251         260   1.3732504506766565     
         260         261   1.1627277164662320     
         261         262   1.6883668518350470     
         260         263   1.3521559433139652     
         262         264   1.1708806194241765     
         263         264   1.4191935098269743     
         125         265   1.2249469567361766     
         264         265   1.2819808747806529     
         265         266   1.2791564942477096     
         266         267   1.2759909909133811     
         267         268   1.5735683472176369     
         268         269   1.2661394532873207     
         266         270   1.2530921468842637     
         269         270   1.2244999517318778     
         269         271   1.3331462748976670     
         271         272   1.0580872991060404     
         272         273   1.4134899436365249     
         273         274   1.4638770951322975     
         274         275   1.3829127913282828     
         275         276   1.1241664536695513     
         276         277   2.9626620715887069     
         275         278   1.3827264682565759     
         272         279   1.4133430873566069     
         278         279   1.4642710735715669     
         271         280   1.3723836883597991     
         280         281   1.1630452764095014     
         281         282   1.6879461148856019     
         245         283   1.2810697497775343     
         282         283   1.1713845608149231     
         280         284   1.3524441429360183     
         283         284   1.4194448796069261     
         247         285  0.99784005458913783     
         248         286  0.99822874157962715     
         250         287  0.96220294394616313     
         253         288  0.98600909133694770     
         254         289  0.98480111654025848     
         258         290  0.98493386509827086     
         259         291  0.98623496060253879     
         261         292  0.99849384884901893     
         262         293  0.99877448656559942     
         267         294  0.99795085140680706     
         268         295  0.99824550141454249     
         270         296  0.96216818924829128     
         273         297  0.98601501316617135     
         274         298  0.98482914043050673     
         278         299  0.98489767556216312     
         279         300  0.98622185043490851     
         281         301  0.99849193437146477     
         282         302  0.99872189134781331     
         126         303   1.2243872680333383     
         303         304   1.2805869313238927     
         304         305   1.2754209931464431     
         305         306   1.5743768519090811     
         306         307   1.2655965937968907     
         304         308   1.2523549327375789     
         307         308   1.2258543344314639     
         307         309   1.3321624438326720     
         309         310   1.0559352620230678     
         310         311   1.4140147728168904     
         311         312   1.4637727266587472     
         312         313   1.3827978885625938     
         313         314   1.1241572609718384     
         314         315   2.9626548938472226     
         313         316   1.3831804711548574     
         310         317   1.4144669123578439     
         316         317   1.4636645279904086     
         309         318   1.3744849469256897     
         318         319   1.1607833117610926     
         319         320   1.6918957956843208     
         318         321   1.3535623984859428     
         320         322   1.1673250309466146     
         321         322   1.4158576184995948     
         127         323   1.2074902768599578     
         322         323   1.2904246575051657     
         323         324   1.2861959512634684     
         324         325   1.2710629509763451     
         325         326   1.5775693188222291     
         326         327   1.2634271497526539     
         324         328   1.2519844385146834     
         327         328   1.2231716661890837     
         327         329   1.3370956174335571     
         329         330   1.0561635834224550     
         330         331   1.4146488371798003     
         331         332   1.4632402009112888     
         332         333   1.3833811180675151     
         333         334   1.1241188876316677     
         334         335   2.9627664047739173     
         333         336   1.3827036392142775     
         330         337   1.4138044574017552     
         336         337   1.4642001162869478     
         329         338   1.3703301016040301     
         338         339   1.1629859233862203     
         339         340   1.6885473440587850     
         303         341   1.2833262764295876     
         340         341   1.1706234929932002     
         338         342   1.3540517331861868     
         341         342   1.4184036216857785     
         305         343  0.99802190011921166     
         306         344  0.99813084617631209     
         308         345  0.96219231051448073     
         311         346  0.98587260178154534     
         312         347  0.98476432297976280     
         316         348  0.98501539246958603     
         317         349  0.98620012472838103     
         319         350  0.99833318482767297     
         320         351  0.99940153526935638     
         325         352  0.99859662643253699     
         326         353  0.99804609120682697     
         328         354  0.96188815211713885     
         331         355  0.98599802099451572     
         332         356  0.98492014023607566     
         336         357  0.98483086038286316     
         337         358  0.98607791644898934     
         339         359  0.99840568230174098     
         340         360  0.99883453227759778     
