    0.26818150
   -0.02725432
    0.05820470
   -0.03994067
   -0.03616258
    0.05846053
   -0.21184157
    0.00962809
    0.02526792
   -0.01541326
    0.05413096
   -0.25811259
    0.05364237
   -0.01600799
    0.05810408
   -0.03550385
   -0.03456227
   -0.20807392
    0.06288615
    0.01510124
    0.06277423
   -0.03454706
   -0.03543745
    0.05807339
   -0.20800285
    0.00900033
    0.02486241
   -0.01599424
    0.05346019
   -0.25810737
    0.05410871
   -0.01507696
    0.05853935
   -0.03596782
   -0.03978222
    0.05825455
   -0.21191977
    0.02044550
    0.02688746
    0.02168761
    0.02406726
    0.02867762
    0.02753558
    0.02283895
    0.02300902
    0.02046536
    0.02097504
    0.02282912
    0.02287508
    0.02735095
    0.02878557
    0.02405942
    0.02114985
    0.02699900
    0.26739384
   -0.02740664
    0.05826004
   -0.03997529
   -0.03616208
    0.05843124
   -0.21208671
    0.00956837
    0.02525175
   -0.01554262
    0.05400562
   -0.25811505
    0.05373132
   -0.01594363
    0.05792240
   -0.03547431
   -0.03453960
   -0.20827346
    0.06273570
    0.01457214
    0.06272526
   -0.03452242
   -0.03546985
    0.05804158
   -0.20829051
    0.00909242
    0.02495402
   -0.01601817
    0.05339626
   -0.25808271
    0.05424468
   -0.01500292
    0.05850555
   -0.03603606
   -0.03988601
    0.05825819
   -0.21202657
    0.02023321
    0.02682444
    0.02164704
    0.02337684
    0.02833118
    0.02770992
    0.02309818
    0.02366793
    0.02014546
    0.01965397
    0.02257158
    0.02260057
    0.02716648
    0.02909851
    0.02451309
    0.02110413
    0.02684913
   -0.03145719
   -0.02711418
   -0.02776050
   -0.03168312
    0.26495484
    0.00967435
    0.06233663
   -0.03726813
   -0.03590778
    0.05619567
   -0.20964631
    0.01103542
    0.02554982
   -0.01501685
    0.05382948
   -0.25867873
    0.05363359
   -0.01517115
    0.05611062
   -0.03594444
   -0.03723129
   -0.20951884
    0.06229681
    0.00995222
    0.06227498
   -0.03720372
   -0.03592975
    0.05611956
   -0.20952304
    0.01109481
    0.02561879
   -0.01519238
    0.05372956
   -0.25857552
    0.05387987
   -0.01503448
    0.05614815
   -0.03593109
   -0.03730289
    0.06228367
   -0.20973135
    0.01669633
    0.02018417
    0.02379697
    0.02770436
    0.02716578
    0.02283237
    0.02071676
    0.01761254
    0.01740912
    0.02086529
    0.02296090
    0.02724083
    0.02770179
    0.02375699
    0.02034391
    0.01667805
