           2           3   1.3885043553233669     
           3           4   1.2018275613468234     
           4           5   1.6387332535975485     
           5           6   1.2086015879567285     
           1           7  0.71324337789230741     
           3           7   1.2549946819615869     
           6           7   1.2448056330002482     
           6           8   1.3704517626295136     
           8           9   1.0445609737945563     
           9          10   1.4294164530512865     
          10          11   1.4468846694955788     
          11          12   1.4783202501419181     
          10          13  0.10129851109906446     
          12          13   1.4782183005376499     
           9          14   1.4288527359733194     
          11          14  0.10117419339021556     
          13          14   1.4470099086470627     
           8          15   1.3636188849726005     
          15          16   1.2197028998084984     
          16          17   1.6184497781526475     
           1          18  0.71443581854203830     
          15          18   1.2394801594339526     
          17          19   1.2294158184314947     
          18          19   1.2773164513267290     
          19          20   1.3012662604692675     
          20          21   1.3009686252209471     
          21          22   1.2300749385202823     
          22          23   1.6168411438157515     
          23          24   1.2206239723722092     
           1          25  0.71454413560763419     
          21          25   1.2764851052087396     
          24          25   1.2407574336733116     
          24          26   1.3610541145221371     
          26          27   1.0494189462091714     
          27          28   1.4270962112899319     
          28          29   1.4473997137599059     
          29          30   1.4782512055117154     
          28          31  0.10073285565634463     
          30          31   1.4775988972975227     
          27          32   1.4270511538252539     
          29          32  0.10098896432867022     
          31          32   1.4477520975694704     
          26          33   1.3697326259459985     
          33          34   1.2090184977310634     
          34          35   1.6378699348992072     
           2          36   1.3881522598116598     
          35          36   1.2019935768238847     
           1          37  0.71268527177452934     
          33          37   1.2450787806644379     
          36          37   1.2549851614286880     
           2          38  0.99629452221081471     
           4          39  0.99336889683405050     
           5          40  0.99825065130920443     
          10          41  0.98828056594293701     
          11          42  0.98369845918932497     
          13          43  0.98394472204277561     
          14          44  0.98845164962078558     
          16          45  0.99683301526303048     
          17          46  0.99841302450977465     
          22          47  0.99853383091169112     
          23          48  0.99683838505914524     
          28          49  0.98873575457309837     
          29          50  0.98387604129834005     
          31          51  0.98359439872538323     
          32          52  0.98852950673816942     
          34          53  0.99801338085784108     
          35          54  0.99331209040972068     
          56          57   1.3885223304271057     
          57          58   1.2017476158751834     
          58          59   1.6387541997833843     
          59          60   1.2085456179355638     
          55          61  0.71214844447302250     
          57          61   1.2555916854022999     
          60          61   1.2447683060134507     
          60          62   1.3712047138075776     
          62          63   1.0440466039160545     
          63          64   1.4297208340978191     
          64          65   1.4470002006760874     
          65          66   1.4781933784331356     
          64          67  0.10135309364418833     
          66          67   1.4783765574993251     
          63          68   1.4291845962303324     
          65          68  0.10124319363001033     
          67          68   1.4468481304393963     
          62          69   1.3635533922254832     
          69          70   1.2202955504402815     
          70          71   1.6172978907975988     
          55          72  0.71393748612288721     
          69          72   1.2393848714693343     
          71          73   1.2306944911918851     
          72          73   1.2785274034864653     
          73          74   1.2993791994962740     
          74          75   1.2996385259444765     
          75          76   1.2309289852297396     
          76          77   1.6164304140019874     
          77          78   1.2208554514375189     
          55          79  0.71351494951177508     
          75          79   1.2777393033687596     
          78          79   1.2403139398562584     
          78          80   1.3619320370446586     
          80          81   1.0488822627903955     
          81          82   1.4270298175642671     
          82          83   1.4475964256991853     
          83          84   1.4779197220581521     
          82          85  0.10077870553869044     
          84          85   1.4780773511727487     
          81          86   1.4276370674099417     
          83          86  0.10105550353316776     
          85          86   1.4473082161618811     
          80          87   1.3697156391237106     
          87          88   1.2090756086517893     
          88          89   1.6378743626310404     
          56          90   1.3883429218197685     
          89          90   1.2020283213802792     
          55          91  0.71201713988803061     
          87          91   1.2455118029231107     
          90          91   1.2552322194104963     
          56          92  0.99631325489034694     
          58          93  0.99335434224523655     
          59          94  0.99818010490357123     
          64          95  0.98859083919854318     
          65          96  0.98376170299752497     
          67          97  0.98386754620780370     
          68          98  0.98838370075921456     
          70          99  0.99711383119767372     
          71         100  0.99808717991756923     
          76         101  0.99796413793740368     
          77         102  0.99677798112058591     
          82         103  0.98875970623425113     
          83         104  0.98393798887224282     
          85         105  0.98356579551103429     
          86         106  0.98823001611396666     
          88         107  0.99807570706897064     
          89         108  0.99333614958690997     
          20         109   1.2040829057523943     
         109         110   2.6189792653217645     
          74         112   1.2072505397563564     
         111         112   2.6164088033297359     
         110         114   1.2044063569096612     
         114         115   1.2973436477515448     
         115         116   1.2303931229075225     
         116         117   1.6159218913139692     
         117         118   1.2217340028931942     
         113         119  0.71102561545688847     
         115         119   1.2809879615275588     
         118         119   1.2355595549912313     
         118         120   1.3671979081354524     
         120         121   1.0492684807948360     
         121         122   1.4277197384863103     
         122         123   1.4473743519892306     
         123         124   1.4782024349713445     
         122         125  0.10087216046737078     
         124         125   1.4778976633448464     
         121         126   1.4276794629187421     
         123         126  0.10081709427303336     
         125         126   1.4475900130408503     
         120         127   1.3668740652892437     
         127         128   1.2220488480217833     
         128         129   1.6157214537623485     
         113         130  0.71144131173499692     
         127         130   1.2356362103169998     
         129         131   1.2312588479016118     
         130         131   1.2814999521793455     
         111         132   1.2084979271177636     
         131         132   1.2957056152833000     
         132         133   1.2961113656424292     
         133         134   1.2309047339029899     
         134         135   1.6160481923008285     
         135         136   1.2219300183870245     
         113         137  0.71173450626904611     
         133         137   1.2811837202809706     
         136         137   1.2358657055552864     
         136         138   1.3670736809096240     
         138         139   1.0477000886804533     
         139         140   1.4284104347982873     
         140         141   1.4472883717109384     
         141         142   1.4780535689196725     
         140         143  0.10104500658155585     
         142         143   1.4782800390478033     
         139         144   1.4283991212573057     
         141         144  0.10101331662156603     
         143         144   1.4471460909237259     
         138         145   1.3680618031667273     
         145         146   1.2215399124392026     
         146         147   1.6162762559019777     
         114         148   1.2974477351004883     
         147         148   1.2303172537716711     
         113         149  0.71083597977447199     
         145         149   1.2353369675467882     
         148         149   1.2813594851312988     
         116         150  0.99844423602193522     
         117         151  0.99768984827676210     
         122         152  0.98856910845692514     
         123         153  0.98388878166233262     
         125         154  0.98399627894758490     
         126         155  0.98894748043791725     
         128         156  0.99785183956467161     
         129         157  0.99876955392779387     
         134         158  0.99879450675965775     
         135         159  0.99786047923189491     
         140         160  0.98879729344783829     
         141         161  0.98401243422652451     
         143         162  0.98387410055534696     
         144         163  0.98856485917283965     
         146         164  0.99774809564665723     
         147         165  0.99847716233705830     
