           2           3   1.3929700062508468     
           3           4   1.2052439370322574     
           4           5   1.6326546147460497     
           5           6   1.2085468789026630     
           1           7  0.86791376796715636     
           3           7   1.2256862396085433     
           6           7   1.2275878758776828     
           6           8   1.3663288436245535     
           8           9   1.3731500787261925     
           9          10   1.2141000514510885     
          10          11   1.6213778359315174     
           1          12  0.85965148910920131     
           9          12   1.2165754000837716     
          11          13   1.2277334171408647     
          12          13   1.2493779458913652     
          13          14   1.3009528256063334     
          14          15   1.3006879576376746     
          15          16   1.2271432682434236     
          16          17   1.6213145401398654     
          17          18   1.2133467852319575     
          18          19   1.3758595972345746     
          19          20   1.0353588735338493     
          20          21   1.3788791647040284     
          21          22   1.1205026671968614     
          22          23  0.98323557969125597     
          21          24   1.3865715281627489     
          24          25   1.4387356757333678     
          25          26   1.4386059053513085     
          20          27   1.3794683699559018     
          26          27   1.3861465166309261     
          27          28   1.1200649869898662     
          28          29  0.98402964316200447     
          19          30   1.3637968812559007     
          30          31   1.2090605808361117     
          31          32   1.6327113989722140     
           2          33   1.3941103733509062     
          32          33   1.2056649819265812     
           1          34  0.86760311527997325     
          30          34   1.2293372813789463     
          33          34   1.2239139309406160     
           1          35  0.85997714125259350     
          15          35   1.2512076951356850     
          18          35   1.2146799247053275     
           8          36   1.0357373099753149     
          36          37   1.3790113255021834     
          37          38   1.1211326209589070     
          38          39  0.98359715689043392     
          37          40   1.3859447943256977     
          40          41   1.4391128272418630     
          41          42   1.4381691354340627     
          36          43   1.3790501570873654     
          42          43   1.3869747013117333     
          43          44   1.1192262475316173     
          44          45  0.98370660930146547     
           2          46  0.99777466971797524     
           4          47  0.99528338251235626     
           5          48   1.0001973108043467     
          10          49  0.99903665467720471     
          11          50   1.0003144405210902     
          16          51  0.99993105177944142     
          17          52  0.99932618656151129     
          23          53  0.99680717900135940     
          23          54  0.98631650520330916     
          23          55  0.99706498767195384     
          24          56  0.98981017447416819     
          25          57  0.98644358041831937     
          26          58  0.98970284053043278     
          29          59  0.98686316662652684     
          29          60  0.99739197388706680     
          29          61  0.99672245594003783     
          31          62  0.99983089739285169     
          32          63  0.99555184881520997     
          39          64  0.98659101168649543     
          39          65  0.99710431251138731     
          39          66  0.99677395865839136     
          40          67  0.98969605492390000     
          41          68  0.98642817294801544     
          42          69  0.98980173091588919     
          45          70  0.99642215323589300     
          45          71  0.98665576835746327     
          45          72  0.99769836089104225     
          74          75   1.3926983852880206     
          75          76   1.2052471051163063     
          76          77   1.6324488391476664     
          77          78   1.2085012513847178     
          73          79  0.86798766462232257     
          75          79   1.2257510799395783     
          78          79   1.2275643583372531     
          78          80   1.3662210712583267     
          80          81   1.3729136115545364     
          81          82   1.2141371053197270     
          82          83   1.6212705316628886     
          73          84  0.85983870404691076     
          81          84   1.2166340715787172     
          83          85   1.2277106925340804     
          84          85   1.2492879618435573     
          85          86   1.3009252871255788     
          86          87   1.3005851221322398     
          87          88   1.2272073052644572     
          88          89   1.6212902096654296     
          89          90   1.2134122478865679     
          90          91   1.3757073496274872     
          91          92   1.0351544028859239     
          92          93   1.3788914442372810     
          93          94   1.1205202714491553     
          94          95  0.98325898600664685     
          93          96   1.3865965062063588     
          96          97   1.4387145904690481     
          97          98   1.4386786652603736     
          92          99   1.3796363038177792     
          98          99   1.3860454921822862     
          99         100   1.1200903486370479     
         100         101  0.98404800729671038     
          91         102   1.3639734144488163     
         102         103   1.2089864429389454     
         103         104   1.6328701295743289     
          74         105   1.3941745791419036     
         104         105   1.2055893623378777     
          73         106  0.86793458401233159     
         102         106   1.2292383572780963     
         105         106   1.2238600267895594     
          73         107  0.85999843809623144     
          87         107   1.2511576494178300     
          90         107   1.2147345131319676     
          80         108   1.0361969329282621     
         108         109   1.3788497114285609     
         109         110   1.1211245962555740     
         110         111  0.98358036326950971     
         109         112   1.3859849165165894     
         112         113   1.4391052870688021     
         113         114   1.4381080966097006     
         108         115   1.3788347967928998     
         114         115   1.3870818691695639     
         115         116   1.1191648376329304     
         116         117  0.98369078951794720     
          74         118  0.99778077721089120     
          76         119  0.99525527369615441     
          77         120   1.0002156415163690     
          82         121  0.99904564530661422     
          83         122   1.0003008538042106     
          88         123  0.99995440946040182     
          89         124  0.99932610636794639     
          95         125  0.99681658920678340     
          95         126  0.98631755284001521     
          95         127  0.99706232349043478     
          96         128  0.98980841265411434     
          97         129  0.98643911464007084     
          98         130  0.98969464546436681     
         101         131  0.98687739975814093     
         101         132  0.99739785271706305     
         101         133  0.99672814832742329     
         103         134  0.99981717012712656     
         104         135  0.99557471305933665     
         111         136  0.98659045270672441     
         111         137  0.99707611190940360     
         111         138  0.99680554485938322     
         112         139  0.98969768246631173     
         113         140  0.98642734510208496     
         114         141  0.98981320637098236     
         117         142  0.99639856902678725     
         117         143  0.98665668214408808     
         117         144  0.99773558732921486     
         145         146   2.3798866731245711     
         146         147   1.3552810540078444     
          14         148   1.2154118103898264     
         145         148  0.17684417076101236     
         147         148   2.4799388179340416     
         145         149   1.3552665173666854     
          86         150   1.2154389394488352     
         146         150  0.17682866987133428     
         149         150   2.4799662614163549     
