   -0.08162763
   -0.01842890
    0.06069651
   -0.04099183
   -0.03993761
    0.06251713
   -0.17302810
    0.00983494
    0.01773536
   -0.01662185
   -0.01300054
    0.01373406
    0.11112170
   -0.27329238
   -0.01236199
   -0.01594001
    0.06205038
   -0.03837580
   -0.03805605
   -0.17081390
    0.06704639
    0.02147079
    0.06685914
   -0.03817561
   -0.03846104
    0.06195677
   -0.17095653
    0.00978858
    0.01772117
   -0.01662440
   -0.01304697
    0.01369614
    0.11111712
   -0.27332490
   -0.01235556
   -0.01597250
    0.06262733
   -0.03988588
   -0.04091436
    0.06076527
   -0.17291034
    0.02489544
    0.02710525
    0.01988732
    0.02941921
    0.03788338
    0.03917397
    0.03062831
    0.02174223
    0.02578868
    0.02559522
    0.02172477
    0.02946370
    0.03781915
    0.03920415
    0.03057075
    0.01987335
    0.02712578
   -0.08161075
   -0.01843817
    0.06069830
   -0.04099294
   -0.03994115
    0.06250646
   -0.17304686
    0.00982973
    0.01773149
   -0.01663292
   -0.01301321
    0.01373046
    0.11113194
   -0.27327269
   -0.01235326
   -0.01593012
    0.06205206
   -0.03837263
   -0.03805742
   -0.17078996
    0.06703687
    0.02147220
    0.06684842
   -0.03817459
   -0.03845850
    0.06196609
   -0.17094240
    0.00978359
    0.01771483
   -0.01663095
   -0.01306025
    0.01369919
    0.11110924
   -0.27333329
   -0.01234343
   -0.01596820
    0.06262058
   -0.03988979
   -0.04091609
    0.06076505
   -0.17292556
    0.02488296
    0.02710184
    0.01988739
    0.02942164
    0.03788069
    0.03917569
    0.03062152
    0.02173034
    0.02578220
    0.02559044
    0.02171656
    0.02945848
    0.03781778
    0.03920611
    0.03055988
    0.01987050
    0.02712504
   -0.01675694
   -0.01675631
   -0.02134543
   -0.01538364
   -0.02134477
   -0.01538178
