           1           2   1.3747810716885291     
           2           3   1.2387104925005976     
           3           4   1.6017398159940284     
           4           5   1.2509629886949385     
           2           6   1.2296308629430883     
           5           6   1.2313126509649286     
           5           7   1.3436650484001404     
           7           8   1.0535712165136699     
           8           9   1.4029285866438759     
           9          10   1.4010319476765147     
          10          11   1.0957596947471799     
          10          12   1.3677966411308733     
          12          13   1.0929846865729442     
          12          14   1.3570564991411647     
          14          15   1.1263550752883893     
           8          16   1.4104469151439107     
          14          16   1.3928459835742295     
           7          17   1.3673567785637142     
          17          18   1.1622299157257250     
          18          19   1.6937637118574487     
          17          20   1.3574538857147531     
          19          21   1.1650469522922520     
          20          21   1.4116371939822721     
          21          22   1.2900082123264254     
          22          23   1.2916485031050449     
          23          24   1.2628189069627862     
          24          25   1.5897058816956673     
          25          26   1.2563451830320216     
          23          27   1.2496300380421750     
          26          27   1.2218007581299923     
          26          28   1.3497557515206886     
          28          29   1.0544833956089223     
          29          30   1.4094583536492344     
          30          31   1.3932347171489667     
          31          32   1.1267150016089071     
          31          33   1.3566245528983527     
          33          34   1.0929173190938326     
          33          35   1.3680236302860891     
          35          36   1.0951947754852804     
          29          37   1.4030964975537763     
          35          37   1.4009255947627905     
          28          38   1.3542425890397691     
          38          39   1.1550952528646414     
          39          40   1.7063248122774335     
           1          41   1.3852490944592710     
          40          41   1.1474040975376434     
          38          42   1.3840575183889483     
          41          42   1.3742407854005292     
           1          43  0.99567499994790087     
           3          44  0.99214218252520392     
           4          45  0.99910724557487718     
           6          46  0.96053004154983723     
           9          47  0.99166005246242062     
          11          48  0.96142958828891256     
          13          49  0.95980731287954801     
          15          50  0.96234931925324863     
          16          51  0.99243900616039826     
          18          52  0.99907070872911796     
          19          53  0.99893849379319988     
          24          54  0.99781568840187851     
          25          55  0.99844878846199869     
          27          56  0.95933772504452330     
          30          57  0.99224674378340882     
          32          58  0.96228315210859006     
          34          59  0.95995425347378027     
          36          60  0.96178191904070798     
          37          61  0.99177751357545341     
          39          62  0.99977458525134788     
          40          63  0.99267875915915760     
          64          65   1.3750313889613865     
          65          66   1.2386318014458073     
          66          67   1.6020196820717412     
          67          68   1.2508041345469463     
          65          69   1.2295354405951686     
          68          69   1.2314956030128053     
          68          70   1.3438944394567307     
          70          71   1.0529871888168327     
          71          72   1.4033361956340069     
          72          73   1.4008765950576285     
          73          74   1.0956859760301048     
          73          75   1.3679670245361550     
          75          76   1.0928199974458743     
          75          77   1.3571506004432918     
          77          78   1.1263174216968048     
          71          79   1.4105990592572744     
          77          79   1.3927900586006992     
          70          80   1.3676245557949422     
          80          81   1.1619566511794197     
          81          82   1.6943836030549888     
          80          83   1.3577482509594185     
          82          84   1.1646639588052752     
          83          84   1.4113521079488514     
          84          85   1.2908787753583437     
          85          86   1.2926609225911192     
          86          87   1.2621256069210851     
          87          88   1.5907350291175855     
          88          89   1.2557907851329462     
          86          90   1.2494786073915400     
          89          90   1.2217958671155149     
          89          91   1.3505811427460839     
          91          92   1.0540347673797450     
          92          93   1.4098385519923498     
          93          94   1.3929941323365689     
          94          95   1.1270118694680338     
          94          96   1.3565911318468227     
          96          97   1.0930390471280553     
          96          98   1.3680472153114822     
          98          99   1.0951999265593952     
          92         100   1.4030622936061361     
          98         100   1.4008369411952215     
          91         101   1.3539929990472148     
         101         102   1.1550685428955563     
         102         103   1.7064641063402191     
          64         104   1.3854511075785494     
         103         104   1.1473423535004956     
         101         105   1.3844430291518761     
         104         105   1.3741341013730355     
          64         106  0.99569365854469538     
          66         107  0.99213467965513535     
          67         108  0.99913091771822704     
          69         109  0.96048072427346909     
          72         110  0.99165038869041022     
          74         111  0.96150032039307287     
          76         112  0.95986254376055213     
          78         113  0.96236440524573175     
          79         114  0.99239065624777134     
          81         115  0.99904162941236385     
          82         116  0.99888285188960724     
          87         117  0.99769651793027814     
          88         118  0.99837221869616954     
          90         119  0.95929017678366024     
          93         120  0.99222548053946724     
          95         121  0.96217545647725511     
          97         122  0.95992117459291126     
          99         123  0.96179322635669717     
         100         124  0.99173558214582025     
         102         125  0.99979103459374641     
         103         126  0.99266107893732869     
         127         128   2.3825600496189541     
         128         129   1.3498266143258462     
          22         130   1.2142584311123619     
         127         130  0.17207192937555874     
         129         130   2.4809784973494211     
         127         131   1.3514793254972934     
         128         132  0.17162703191657308     
         131         132   2.4762437362556091     
         133         134   2.3692842467685695     
         134         135   1.3610340816921231     
         133         136  0.17063333612929493     
         135         136   2.4657241775555385     
         133         137   1.3613594781045100     
         134         138  0.17064935751333843     
         137         138   2.4650468525874798     
         139         140   2.3692772527604924     
         140         141   1.3613208562229262     
         139         142  0.17075728814109756     
         141         142   2.4652620448844931     
         139         143   1.3612426032497900     
         140         144  0.17077802338847226     
         143         144   2.4653854762395770     
         145         146   2.3701720638219710     
         146         147   1.3607074034888995     
         145         148  0.17101468459537952     
         147         148   2.4662438745776631     
         145         149   1.3606919260954389     
         146         150  0.17103251929329533     
         149         150   2.4662455554173848     
         151         152   2.3704472065984747     
         152         153   1.3604831890299265     
         151         154  0.17110083902013648     
         153         154   2.4666097145968138     
         151         155   1.3605308187078908     
         152         156  0.17110861615148620     
         155         156   2.4664441037981226     
         157         158   2.3701677531470366     
         158         159   1.3606479159554981     
         157         160  0.17102432573767701     
         159         160   2.4663975269266083     
         157         161   1.3607279299306621     
         158         162  0.17100374467927826     
         161         162   2.4660936838843015     
         163         164   2.3693743166163048     
         164         165   1.3611851752865451     
         163         166  0.17079593228592438     
         165         166   2.4655809121123413     
         163         167   1.3612610755342414     
         164         168  0.17075207086777661     
         167         168   2.4652498713035307     
         169         170   2.3695935636625771     
         170         171   1.3611756539073696     
         169         172  0.17078136702104366     
         171         172   2.4654508051498527     
         169         173   1.3608529328530063     
         170         174  0.17075581244541271     
         173         174   2.4659272334985745     
         175         176   2.3842299290272488     
         176         177   1.3502318626442926     
         175         178  0.17181553327913321     
         177         178   2.4778645410223512     
         175         179   1.3485263427940015     
          85         180   1.2127945560807745     
         176         180  0.17226312945379577     
         179         180   2.4827026464380548     
         132         181   1.2189585101961831     
         181         182   1.2833764083426622     
         182         183   1.2694463661617079     
         183         184   1.5794656430020593     
         184         185   1.2646828714519887     
         182         186   1.2508500275548242     
         185         186   1.2216007438245755     
         185         187   1.3389766052000931     
         187         188   1.0529747389803177     
         188         189   1.4107115992325603     
         189         190   1.3945051711359444     
         190         191   1.1188804583037757     
         190         192   1.3527474345230215     
         192         193   1.1185692554985520     
         192         194   1.3574925073499888     
         194         195   1.0914826336301691     
         188         196   1.4012488630671074     
         194         196   1.4070586682254629     
         187         197   1.3723437528855009     
         197         198   1.1637225072204982     
         198         199   1.6911791449049154     
         197         200   1.3519151431457281     
         199         201   1.1673754788932951     
         200         201   1.4167848105584702     
         136         202   1.2277337020604970     
         201         202   1.2824329580342777     
         202         203   1.2817666417306424     
         203         204   1.2697255000795842     
         204         205   1.5800593574155553     
         205         206   1.2639511596961097     
         203         207   1.2516383953160857     
         206         207   1.2221385238405238     
         206         208   1.3388608034093288     
         208         209   1.0520918104800698     
         209         210   1.4109404475055949     
         210         211   1.3928347713408575     
         211         212   1.1265096883328178     
         211         213   1.3570351873215218     
         213         214   1.0925384072384807     
         213         215   1.3682097419527517     
         215         216   1.0954052392947766     
         209         217   1.4042485195642314     
         215         217   1.4005266475138269     
         208         218   1.3725332507836259     
         218         219   1.1627594260704788     
         219         220   1.6925963856311201     
         181         221   1.2873648637561661     
         220         221   1.1663090390372273     
         218         222   1.3534109610904339     
         221         222   1.4134929127502858     
         183         223  0.99811852560350178     
         184         224  0.99924680710549030     
         186         225  0.96074841663350852     
         189         226  0.99249077211596737     
         191         227  0.96320625453052799     
         193         228  0.96040227830663061     
         195         229  0.96130917496689339     
         196         230  0.99175629767935203     
         198         231  0.99947299257769961     
         199         232  0.99908368201311049     
         204         233  0.99804090358382269     
         205         234  0.99901939655337091     
         207         235  0.96092714324500272     
         210         236  0.99239196475038938     
         212         237  0.96247718354069167     
         214         238  0.96011719138654950     
         216         239  0.96169440027937991     
         217         240  0.99172810032465519     
         219         241  0.99970484117387126     
         220         242  0.99917482152849624     
         138         243   1.2282690410211525     
         243         244   1.2796499576773228     
         244         245   1.2715385426362937     
         245         246   1.5772797272756447     
         246         247   1.2660848010648411     
         244         248   1.2521334616493618     
         247         248   1.2218424088694633     
         247         249   1.3371840155543526     
         249         250   1.0535569315285911     
         250         251   1.4105167531415075     
         251         252   1.3945812089615510     
         252         253   1.1186863127210995     
         252         254   1.3527675837898645     
         254         255   1.1186570803004159     
         254         256   1.3572406451908301     
         256         257   1.0916700314890102     
         250         258   1.4009249122732508     
         256         258   1.4072627489225382     
         249         259   1.3734763322582957     
         259         260   1.1637321161482546     
         260         261   1.6912353721605697     
         259         262   1.3509979073406171     
         261         263   1.1673375274533866     
         262         263   1.4172866286196741     
         142         264   1.2281312375624587     
         263         264   1.2819723293442480     
         264         265   1.2809702292864551     
         265         266   1.2699954377046867     
         266         267   1.5795745003160182     
         267         268   1.2645456362512861     
         265         269   1.2521007126046277     
         268         269   1.2215731041906033     
         268         270   1.3386768084733200     
         270         271   1.0527460761096277     
         271         272   1.4108029965785167     
         272         273   1.3928605110081200     
         273         274   1.1265190840910786     
         273         275   1.3569740276272391     
         275         276   1.0926184843990476     
         275         277   1.3680777199348135     
         277         278   1.0953758725712728     
         271         279   1.4038204974565882     
         277         279   1.4007658999324957     
         270         280   1.3727884941392887     
         280         281   1.1636822342479840     
         281         282   1.6910329160635609     
         243         283   1.2825734415972621     
         282         283   1.1674020937247642     
         280         284   1.3516392689737662     
         283         284   1.4165983640111257     
         245         285  0.99813490729639887     
         246         286  0.99924261986658380     
         248         287  0.96078104746626647     
         251         288  0.99253915225015343     
         253         289  0.96329988530167165     
         255         290  0.96037507110208054     
         257         291  0.96118601282715399     
         258         292  0.99174727572032717     
         260         293  0.99950365408775610     
         261         294  0.99913514503926926     
         266         295  0.99810448660382067     
         267         296  0.99904851401973838     
         269         297  0.96088861389438118     
         272         298  0.99241867984748433     
         274         299  0.96250509591500222     
         276         300  0.96011673589893609     
         278         301  0.96168153499782838     
         279         302  0.99174997083645400     
         281         303  0.99964459791305937     
         282         304  0.99923063265714418     
         144         305   1.2280178085568145     
         305         306   1.2801684178849106     
         306         307   1.2713949696349849     
         307         308   1.5777391195945172     
         308         309   1.2658309667368119     
         306         310   1.2518794310108285     
         309         310   1.2223308996899864     
         309         311   1.3371089063219832     
         311         312   1.0537576029192466     
         312         313   1.4103858987288269     
         313         314   1.3946000494148985     
         314         315   1.1186991989623265     
         314         316   1.3527313215969430     
         316         317   1.1187971373015606     
         316         318   1.3571430437151986     
         318         319   1.0917952368652240     
         312         320   1.4007919724503626     
         318         320   1.4073106445858941     
         311         321   1.3734055775023066     
         321         322   1.1635903828380663     
         322         323   1.6915137487767791     
         321         324   1.3513653735595936     
         323         325   1.1671846626705560     
         324         325   1.4169574372922811     
         148         326   1.2274157305983746     
         325         326   1.2824749694876953     
         326         327   1.2815373790102196     
         327         328   1.2696548671177561     
         328         329   1.5801835681002261     
         329         330   1.2641658610231274     
         327         331   1.2519688852985209     
         330         331   1.2216263657395077     
         330         332   1.3392746922435550     
         332         333   1.0527355681049793     
         333         334   1.4107722451033000     
         334         335   1.3928320190816532     
         335         336   1.1265678784165871     
         335         337   1.3569453486039111     
         337         338   1.0927303103031039     
         337         339   1.3680350147408034     
         339         340   1.0954795239542623     
         333         341   1.4038011194364768     
         339         341   1.4007541375308150     
         332         342   1.3722051299524192     
         342         343   1.1636284629931464     
         343         344   1.6911825154854236     
         305         345   1.2831365835678998     
         344         345   1.1673770947083266     
         342         346   1.3523292327354264     
         345         346   1.4161707052225727     
         307         347  0.99808405944148026     
         308         348  0.99918487087357200     
         310         349  0.96076355740522168     
         313         350  0.99254468722524369     
         315         351  0.96329952690452414     
         317         352  0.96031587225460080     
         319         353  0.96112657249796074     
         320         354  0.99173853312259386     
         322         355  0.99948278675272861     
         323         356  0.99911671577377070     
         328         357  0.99809365211838141     
         329         358  0.99903984576794091     
         331         359  0.96085871319508265     
         334         360  0.99240413099793623     
         336         361  0.96247111654666373     
         338         362  0.96006717826768451     
         340         363  0.96163345227489705     
         341         364  0.99174054257514310     
         343         365  0.99961218298493959     
         344         366  0.99915816663787427     
         150         367   1.2274346157134128     
         367         368   1.2805944008645043     
         368         369   1.2711173946285943     
         369         370   1.5781570246216814     
         370         371   1.2655889588224751     
         368         372   1.2518202359252677     
         371         372   1.2223729754919992     
         371         373   1.3374467756231476     
         373         374   1.0537838823854941     
         374         375   1.4103026040887294     
         375         376   1.3946245643339727     
         376         377   1.1187388421182762     
         376         378   1.3526828093791980     
         378         379   1.1188919267620014     
         378         380   1.3571244252407111     
         380         381   1.0918550847630073     
         374         382   1.4007886480838252     
         380         382   1.4072879731020982     
         373         383   1.3730662517991981     
         383         384   1.1635737698602173     
         384         385   1.6915744424356194     
         383         386   1.3517300031600519     
         385         387   1.1671433169465524     
         386         387   1.4166957888800671     
         154         388   1.2271646674798766     
         387         388   1.2827869665301608     
         388         389   1.2817697477989778     
         389         390   1.2695387394359077     
         390         391   1.5804049003645411     
         391         392   1.2640491477857421     
         389         393   1.2518903265248735     
         392         393   1.2217873792488512     
         392         394   1.3393508894327320     
         394         395   1.0527155399774943     
         395         396   1.4107481386536416     
         396         397   1.3928103927132256     
         397         398   1.1266175805099974     
         397         399   1.3569318772401648     
         399         400   1.0928008591175198     
         399         401   1.3680071611472426     
         401         402   1.0955292604818156     
         395         403   1.4037876057968421     
         401         403   1.4007488249974172     
         394         404   1.3721274711014972     
         404         405   1.1635233089238146     
         405         406   1.6914157831674090     
         367         407   1.2835155498270918     
         406         407   1.1672232732029637     
         404         408   1.3525680151721313     
         407         408   1.4159662117056673     
         369         409  0.99804684219816575     
         370         410  0.99915610962123425     
         372         411  0.96073690283228830     
         375         412  0.99253764398972411     
         377         413  0.96327969942633296     
         379         414  0.96027474925316547     
         381         415  0.96109692493652388     
         382         416  0.99173835242804054     
         384         417  0.99947202487252473     
         385         418  0.99909169549737342     
         390         419  0.99807803710785459     
         391         420  0.99902040779309342     
         393         421  0.96082813040116777     
         396         422  0.99239755765563709     
         398         423  0.96243957703107674     
         400         424  0.96003191304097091     
         402         425  0.96160661150885873     
         403         426  0.99172708746986249     
         405         427  0.99958769230662603     
         406         428  0.99913508665295092     
         156         429   1.2273114001672651     
         429         430   1.2806507025137355     
         430         431   1.2710041615955621     
         431         432   1.5782986504880721     
         432         433   1.2654957255517327     
         430         434   1.2518378111445045     
         433         434   1.2222634939846193     
         433         435   1.3376910339860948     
         435         436   1.0537946741613957     
         436         437   1.4102761412892886     
         437         438   1.3946473255827634     
         438         439   1.1187393540330581     
         438         440   1.3526683651635834     
         440         441   1.1188952673091364     
         440         442   1.3571384480408715     
         442         443   1.0918566933166374     
         436         444   1.4008029913847508     
         442         444   1.4072722635029948     
         435         445   1.3728101392709142     
         445         446   1.1636312295031701     
         446         447   1.6914636328872190     
         445         448   1.3518830016166530     
         447         449   1.1672443443197147     
         448         449   1.4165895333057976     
         160         450   1.2273129748275551     
         449         450   1.2827539649080106     
         450         451   1.2817053643756140     
         451         452   1.2696471891453316     
         452         453   1.5802702714774306     
         453         454   1.2641379179590682     
         451         455   1.2518589113069341     
         454         455   1.2219140282137257     
         454         456   1.3390822197782881     
         456         457   1.0527601668787518     
         457         458   1.4107003174820691     
         458         459   1.3928534161808630     
         459         460   1.1266050887580912     
         459         461   1.3569038953867756     
         461         462   1.0928153608961748     
         461         463   1.3680151070048960     
         463         464   1.0955298633907782     
         457         465   1.4037893066349523     
         463         465   1.4007359911820036     
         456         466   1.3723743426725559     
         466         467   1.1634704124185509     
         467         468   1.6915069000791310     
         429         469   1.2835252549619220     
         468         469   1.1671427066634175     
         466         470   1.3524096297395432     
         469         470   1.4160724758698853     
         431         471  0.99805308511005397     
         432         472  0.99915692512141940     
         434         473  0.96074051601006050     
         437         474  0.99253810800040054     
         439         475  0.96327966429447598     
         441         476  0.96027178729664431     
         443         477  0.96109481714708078     
         444         478  0.99173806947769205     
         446         479  0.99947199669708398     
         447         480  0.99910372147547044     
         452         481  0.99806911779716956     
         453         482  0.99901934737038933     
         455         483  0.96082602864756073     
         458         484  0.99239684176696996     
         460         485  0.96244453711295375     
         462         486  0.96002895515643538     
         464         487  0.96160460288446781     
         465         488  0.99173327703994241     
         467         489  0.99958627252603027     
         468         490  0.99911957033800214     
         162         491   1.2275801636687080     
         491         492   1.2804345712214082     
         492         493   1.2711186656144429     
         493         494   1.5780698525761754     
         494         495   1.2656141081827950     
         492         496   1.2519335485681271     
         495         496   1.2220974965368225     
         495         497   1.3376235085459802     
         497         498   1.0538828130337765     
         498         499   1.4102413841777914     
         499         500   1.3946792844212470     
         500         501   1.1186876317204650     
         500         502   1.3526886412679187     
         502         503   1.1188252802221215     
         502         504   1.3571585329886826     
         504         505   1.0918110713873623     
         498         506   1.4008107250009945     
         504         506   1.4072891914252204     
         497         507   1.3728057752637532     
         507         508   1.1637338961567947     
         508         509   1.6912136217631331     
         507         510   1.3517099562518813     
         509         511   1.1674246813662652     
         510         511   1.4167307314666067     
         166         512   1.2278666361424948     
         511         512   1.2823690484079346     
         512         513   1.2812975647960407     
         513         514   1.2699230586135697     
         514         515   1.5798512586035283     
         515         516   1.2643810046001287     
         513         517   1.2519228292293390     
         516         517   1.2218721009765454     
         516         518   1.3387449442419312     
         518         519   1.0527751372310621     
         519         520   1.4106772645285763     
         520         521   1.3928848819068613     
         521         522   1.1265464060235952     
         521         523   1.3569178250657978     
         523         524   1.0927390460538564     
         523         525   1.3680464049055674     
         525         526   1.0954853791834966     
         519         527   1.4038498454176633     
         525         527   1.4007369690234972     
         518         528   1.3726846180244747     
         528         529   1.1634975560340624     
         529         530   1.6914341388706089     
         491         531   1.2831858591255307     
         530         531   1.1671903706939584     
         528         532   1.3520636028480086     
         531         532   1.4163282697399695     
         493         533  0.99805921845813561     
         494         534  0.99916882821641839     
         496         535  0.96077422183034022     
         499         536  0.99255049734100653     
         501         537  0.96330741827167421     
         503         538  0.96029926559246381     
         505         539  0.96111079617133166     
         506         540  0.99174706271209501     
         508         541  0.99948611007114818     
         509         542  0.99913887311692218     
         514         543  0.99809231461806236     
         515         544  0.99904800253161619     
         517         545  0.96085255482912679     
         520         546  0.99240762954243067     
         522         547  0.96247980655719556     
         524         548  0.96005861557554506     
         526         549  0.96162270633354741     
         527         550  0.99173769648955790     
         529         551  0.99959461422162477     
         530         552  0.99915086743637516     
         168         553   1.2281931428436963     
         553         554   1.2800325858447035     
         554         555   1.2713924482380452     
         555         556   1.5775509773219674     
         556         557   1.2659408432386339     
         554         558   1.2520062320338503     
         557         558   1.2220821069384478     
         557         559   1.3370845186604490     
         559         560   1.0537845458263322     
         560         561   1.4103310458889604     
         561         562   1.3946515454881094     
         562         563   1.1186051073971288     
         562         564   1.3527538830733363     
         564         565   1.1187300180428663     
         564         566   1.3571931118973901     
         566         567   1.0917746808309605     
         560         568   1.4008702954110221     
         566         568   1.4072950024297308     
         559         569   1.3733967325836962     
         569         570   1.1636995709406288     
         570         571   1.6912247038484793     
         569         572   1.3511613156566202     
         571         573   1.1673390561169545     
         572         573   1.4169927843734247     
         172         574   1.2279423874377389     
         573         574   1.2822218131593948     
         574         575   1.2806484340858808     
         575         576   1.2700742433533576     
         576         577   1.5794288346308836     
         577         578   1.2646343030856866     
         575         579   1.2521855843698553     
         578         579   1.2214399899452340     
         578         580   1.3387637383426194     
         580         581   1.0527148540194997     
         581         582   1.4106715167688928     
         582         583   1.3928977559527571     
         583         584   1.1264510635080311     
         583         585   1.3569638023297985     
         585         586   1.0926527260004535     
         585         587   1.3680851013120006     
         587         588   1.0954784258073864     
         581         589   1.4039642062496582     
         587         589   1.4007162354662452     
         580         590   1.3727527870934935     
         590         591   1.1636724326637604     
         591         592   1.6911612351927656     
         553         593   1.2826681941465505     
         592         593   1.1673117456677895     
         590         594   1.3516494432437174     
         593         594   1.4167503067729186     
         555         595  0.99807176389882124     
         556         596  0.99917782429179758     
         558         597  0.96079581982392726     
         561         598  0.99255627334263918     
         563         599  0.96335179949809802     
         565         600  0.96032463911520616     
         567         601  0.96111649225263918     
         568         602  0.99174777062954800     
         570         603  0.99952699557188696     
         571         604  0.99916131028201627     
         576         605  0.99816239665729123     
         577         606  0.99908807852859360     
         579         607  0.96084736269762849     
         582         608  0.99242513084662054     
         584         609  0.96252036394153828     
         586         610  0.96007741481648079     
         588         611  0.96162264770002759     
         589         612  0.99173745394273027     
         591         613  0.99959375684804952     
         592         614  0.99915740801349018     
         174         615   1.2276445786980970     
         615         616   1.2809080926638619     
         616         617   1.2709808583183382     
         617         618   1.5782760564268874     
         618         619   1.2652509171650783     
         616         620   1.2516277501976112     
         619         620   1.2227500661469903     
         619         621   1.3373617298748071     
         621         622   1.0540694694763342     
         622         623   1.4100413752857308     
         623         624   1.3946950341655284     
         624         625   1.1187668383587996     
         624         626   1.3526159036672702     
         626         627   1.1189411717752498     
         626         628   1.3571495940079381     
         628         629   1.0918324896728411     
         622         630   1.4007176682577966     
         628         630   1.4073566956792927     
         621         631   1.3724159523962680     
         631         632   1.1626209945074202     
         632         633   1.6929729732230707     
         631         634   1.3535565966850516     
         633         635   1.1661009122610120     
         634         635   1.4132707768306043     
         178         636   1.2176473976324433     
         635         636   1.2872932968565967     
         636         637   1.2854845762570311     
         637         638   1.2677177252540655     
         638         639   1.5819903440549796     
         639         640   1.2629435695670670     
         637         641   1.2505194675285431     
         640         641   1.2216681166657244     
         640         642   1.3404892151374603     
         642         643   1.0527007179120111     
         643         644   1.4106002217822446     
         644         645   1.3929258098141679     
         645         646   1.1262933918333702     
         645         647   1.3570671384602897     
         647         648   1.0927067235363366     
         647         649   1.3680392010622382     
         649         650   1.0956376161587575     
         643         651   1.4039716619925422     
         649         651   1.4007620356777515     
         642         652   1.3711592004419266     
         652         653   1.1636368121986798     
         653         654   1.6910995376658591     
         615         655   1.2834485974584451     
         654         655   1.1673366582668288     
         652         656   1.3530320808098075     
         655         656   1.4159213409104865     
         617         657  0.99800163129782204     
         618         658  0.99908055603450441     
         620         659  0.96076486725851384     
         623         660  0.99255537021800433     
         625         661  0.96327072042298867     
         627         662  0.96024303834715852     
         629         663  0.96109298544775401     
         630         664  0.99176255195707730     
         632         665  0.99946300316146142     
         633         666  0.99900575123630686     
         638         667  0.99807897023007763     
         639         668  0.99909772180188661     
         641         669  0.96078879498331160     
         644         670  0.99242862292206380     
         646         671  0.96252263570124530     
         648         672  0.95999598441886369     
         650         673  0.96152662400913358     
         651         674  0.99173147902052428     
         653         675  0.99953175581339693     
         654         676  0.99908003489619068     
