    0.25738669
   -0.03309588
    0.05696048
   -0.04311718
   -0.03891373
    0.05496425
   -0.21686371
    0.00629110
    0.01309498
   -0.00806723
    0.00547647
    0.23301285
   -0.28309340
   -0.33091521
   -0.01901874
   -0.02417420
   -0.01332833
    0.05345475
   -0.04121085
   -0.04108377
   -0.21333102
    0.06117229
    0.00760230
    0.06115596
   -0.04117359
   -0.04136357
    0.05310141
   -0.21346777
    0.00564030
    0.01223635
   -0.01308732
   -0.02326246
   -0.01695147
    0.00517077
    0.23279489
   -0.27921225
   -0.33562217
   -0.01042905
    0.05425791
   -0.03990739
   -0.04371878
    0.05666575
   -0.21721086
    0.01565474
    0.02310255
    0.01794070
    0.03405773
    0.23832805
    0.04091631
    0.03240615
    0.02533521
    0.01659134
    0.02068196
    0.02067155
    0.01673650
    0.02582227
    0.03312736
    0.03976605
    0.23799561
    0.03480536
    0.01820241
    0.02306762
    0.25728379
   -0.03307977
    0.05695948
   -0.04311584
   -0.03891251
    0.05497088
   -0.21686818
    0.00628788
    0.01309054
   -0.00806770
    0.00547076
    0.23304432
   -0.28313370
   -0.33086639
   -0.01902344
   -0.02417749
   -0.01333680
    0.05346301
   -0.04120506
   -0.04108012
   -0.21334394
    0.06116749
    0.00761147
    0.06116125
   -0.04116525
   -0.04136361
    0.05310520
   -0.21347627
    0.00564804
    0.01223444
   -0.01308030
   -0.02325922
   -0.01694889
    0.00516911
    0.23279211
   -0.27920447
   -0.33563317
   -0.01043224
    0.05426273
   -0.03990716
   -0.04371642
    0.05666596
   -0.21720794
    0.01565828
    0.02310304
    0.01794314
    0.03405395
    0.23831285
    0.04090828
    0.03240032
    0.02532962
    0.01659408
    0.02069320
    0.02065976
    0.01673178
    0.02582077
    0.03313033
    0.03976485
    0.23799969
    0.03480408
    0.01820086
    0.02306817
   -0.03314558
   -0.03084370
   -0.03314989
   -0.03085161
