   -0.03506308
    0.05797854
   -0.04337076
   -0.03956700
    0.05562639
   -0.16356496
    0.00300222
    0.01682093
   -0.01580889
   -0.01262489
    0.01268097
    0.11052895
   -0.27514154
   -0.01368377
   -0.01760007
    0.05301337
   -0.04287129
   -0.04221362
   -0.29100258
    0.06138467
    0.00721909
    0.06166902
   -0.04053263
   -0.04058616
    0.05488089
   -0.16011543
    0.00038351
    0.01625514
   -0.01714639
   -0.01368837
    0.01194670
    0.11001635
   -0.27643768
   -0.01344309
   -0.01723101
    0.05516272
   -0.04243045
   -0.04476710
    0.05522464
   -0.29631223
    0.01767351
    0.02961324
    0.02238572
    0.16025719
    0.02981359
    0.03807196
    0.03655826
    0.02888369
    0.01494942
    0.01850982
    0.02727047
    0.02312099
    0.15816289
    0.02775895
    0.03612245
    0.03715692
    0.02962305
    0.01401767
    0.02101142
   -0.03507963
    0.05798489
   -0.04337147
   -0.03956585
    0.05561832
   -0.16357620
    0.00301840
    0.01683377
   -0.01581095
   -0.01262464
    0.01268482
    0.11054047
   -0.27512410
   -0.01367563
   -0.01759693
    0.05300723
   -0.04287313
   -0.04221473
   -0.29100753
    0.06138519
    0.00720764
    0.06167605
   -0.04052318
   -0.04057920
    0.05487813
   -0.16012133
    0.00040308
    0.01627319
   -0.01713393
   -0.01364158
    0.01195974
    0.11002703
   -0.27641535
   -0.01346911
   -0.01723138
    0.05515422
   -0.04243614
   -0.04477044
    0.05522995
   -0.29632029
    0.01766830
    0.02961480
    0.02239346
    0.16026318
    0.02982373
    0.03807029
    0.03657850
    0.02889918
    0.01495414
    0.01850882
    0.02727959
    0.02313400
    0.15816772
    0.02779589
    0.03614949
    0.03714975
    0.02961461
    0.01402257
    0.02100976
   -0.03105720
   -0.02863951
   -0.03106524
   -0.02863302
