           2           3   1.3934689524919968     
           3           4   1.1981442325630214     
           4           5   1.6413151932153065     
           5           6   1.2035127530287060     
           1           7  0.71963081887802605     
           3           7   1.2432869893884662     
           6           7   1.2504191366521737     
           6           8   1.3607973067033357     
           8           9   1.0534770542389331     
           9          10   1.4153194688264643     
          10          11   1.4646750706102898     
          11          12   1.3802786450764570     
          12          13   1.1259548042697727     
          13          14   2.9582182459716293     
          12          15   1.3812591110069901     
           9          16   1.4165459019584856     
          15          16   1.4637109099866763     
           8          17   1.3660144476024001     
          17          18   1.2089532612731839     
          18          19   1.6297920293800545     
           1          20  0.71375269010720177     
          17          20   1.2399839071925334     
          19          21   1.2192042186230585     
          20          21   1.2663770882949101     
          21          22   1.3054814260000061     
          22          23   1.3072846024116545     
          23          24   1.2186595566257796     
          24          25   1.6305862195380292     
          25          26   1.2081740721733401     
           1          27  0.71470039040102429     
          23          27   1.2663412262044704     
          26          27   1.2388987860996168     
          26          28   1.3683486386777692     
          28          29   1.0528990401451919     
          29          30   1.4158539407733171     
          30          31   1.4643117081020471     
          31          32   1.3806782184427171     
          32          33   1.1259002753760499     
          33          34   2.9582856635489518     
          32          35   1.3810137066958290     
          29          36   1.4165395200229143     
          35          36   1.4638289705824779     
          28          37   1.3588246705645108     
          37          38   1.2041512295807226     
          38          39   1.6404591830412021     
           2          40   1.3916757491234939     
          39          40   1.1987842032499041     
           1          41  0.71837453567232379     
          37          41   1.2512618822917396     
          40          41   1.2436284623107143     
           2          42  0.99773303096953481     
           4          43  0.99490395913818286     
           5          44  0.99925136984173635     
          10          45  0.98781143680976835     
          11          46  0.98626912712035242     
          15          47  0.98598503892815870     
          16          48  0.98746588984320571     
          18          49  0.99850901556772453     
          19          50  0.99952997226978324     
          24          51  0.99938171963310729     
          25          52  0.99856428126764063     
          30          53  0.98781434704128512     
          31          54  0.98627469442128535     
          35          55  0.98597102091613975     
          36          56  0.98741850477637250     
          38          57  0.99927996202564529     
          39          58  0.99492462742737964     
          60          61   1.3935269826158962     
          61          62   1.1981043446520061     
          62          63   1.6413705646478263     
          63          64   1.2034537864863886     
          59          65  0.71987373425747680     
          61          65   1.2431932457799011     
          64          65   1.2503620667271838     
          64          66   1.3608349234035879     
          66          67   1.0536683062147048     
          67          68   1.4155678365289928     
          68          69   1.4643659873407544     
          69          70   1.3806338760352044     
          70          71   1.1259507482332405     
          71          72   2.9582361471442828     
          70          73   1.3808720236958649     
          67          74   1.4161277848471989     
          73          74   1.4640909099299331     
          66          75   1.3657640916364726     
          75          76   1.2090154144380576     
          76          77   1.6296617477683482     
          59          78  0.71373355162291618     
          75          78   1.2401226969545178     
          77          79   1.2193295335771936     
          78          79   1.2661830911370326     
          79          80   1.3053805308181998     
          80          81   1.3073139839509176     
          81          82   1.2185939548399742     
          82          83   1.6305927419523341     
          83          84   1.2081693754631022     
          59          85  0.71496923253710265     
          81          85   1.2663371654899676     
          84          85   1.2387556156502197     
          84          86   1.3683073271920878     
          86          87   1.0530315906274108     
          87          88   1.4157864986262743     
          88          89   1.4643794867618283     
          89          90   1.3805760633756090     
          90          91   1.1259039879509758     
          91          92   2.9582860229101975     
          90          93   1.3810858204792686     
          87          94   1.4164901228237967     
          93          94   1.4638188374878465     
          86          95   1.3587778991267250     
          95          96   1.2042102484967507     
          96          97   1.6403923192139402     
          60          98   1.3915675046665463     
          97          98   1.1988164337380023     
          59          99  0.71841384668889974     
          95          99   1.2511751214141507     
          98          99   1.2436137470963045     
          60         100  0.99773177539687496     
          62         101  0.99490531349161671     
          63         102  0.99924599741012721     
          68         103  0.98782579097184786     
          69         104  0.98625755635725665     
          73         105  0.98599599808706184     
          74         106  0.98747120697134638     
          76         107  0.99850783322841186     
          77         108  0.99955188393549066     
          82         109  0.99936006827744328     
          83         110  0.99856225935595810     
          88         111  0.98781344677490723     
          89         112  0.98628704814045443     
          93         113  0.98595850197273138     
          94         114  0.98742992601531687     
          96         115  0.99927502453842532     
          97         116  0.99493311634206660     
         117         118   2.3957035253805450     
         118         119   1.3432648032565555     
          22         120   1.2059114819980372     
         117         120  0.17604324286361028     
         119         120   2.4952831195257112     
         117         121   1.3432715211887925     
          80         122   1.2059430004272766     
         118         122  0.17603822681300335     
         121         122   2.4952523703027278     
