   -0.06181831
   -0.01680341
    0.06327357
   -0.03908465
   -0.03523180
    0.06732667
   -0.16823343
    0.02116389
    0.06696869
   -0.03386137
   -0.03615765
   -0.16601741
    0.06946161
    0.02321566
    0.06942610
   -0.03592475
   -0.03363757
    0.06672709
    0.02114183
   -0.00673111
    0.09609033
   -0.22929569
    0.03504290
   -0.04694098
   -0.03334982
   -0.04720624
    0.09582589
   -0.22921697
    0.03479923
    0.06762230
   -0.03533383
   -0.03925212
    0.06326145
   -0.16812001
   -0.16626019
   -0.00669004
    0.09591503
   -0.22913645
    0.03486843
   -0.04706345
   -0.03336324
   -0.04708743
    0.09599203
   -0.22934644
    0.03487912
    0.02682328
    0.02871625
    0.02423638
    0.02620419
    0.02725837
    0.02736948
    0.02600602
    0.03276005
    0.04556751
    0.03502536
    0.03141887
    0.02862149
    0.03131745
    0.04545682
    0.03338256
    0.03422131
    0.02432987
    0.02850242
    0.04589957
    0.03296019
    0.03499894
    0.03150081
    0.02861449
    0.03125529
    0.03417925
    0.04526296
    0.03333061
   -0.06164717
   -0.01685551
    0.06330819
   -0.03882671
   -0.03476595
    0.06713875
   -0.16839220
    0.02062518
    0.06682221
   -0.03357530
   -0.03599136
   -0.16596591
    0.06933664
    0.02309428
    0.06944953
   -0.03582555
   -0.03334227
    0.06655345
    0.02066021
   -0.00691464
    0.09639549
   -0.22901103
    0.03512235
   -0.04683953
   -0.03323199
   -0.04733636
    0.09582219
   -0.22942359
    0.03476386
    0.06741946
   -0.03506834
   -0.03900372
    0.06328832
   -0.16810719
   -0.16617211
   -0.00694155
    0.09630399
   -0.22885722
    0.03504127
   -0.04689304
   -0.03319201
   -0.04723857
    0.09590652
   -0.22961767
    0.03487041
    0.02714835
    0.02890798
    0.02365510
    0.02563777
    0.02746577
    0.02764205
    0.02546484
    0.03280639
    0.04567169
    0.03522171
    0.03172286
    0.02869429
    0.03107839
    0.04505252
    0.03337844
    0.03378260
    0.02382612
    0.02859490
    0.04584959
    0.03284739
    0.03526923
    0.03179759
    0.02873637
    0.03099700
    0.03368312
    0.04478137
    0.03336511
   -0.02023738
   -0.01716932
   -0.02064686
   -0.01640946
   -0.02060524
   -0.01693273
   -0.02053553
   -0.01676031
   -0.02102074
   -0.01660525
   -0.02063288
   -0.01744820
   -0.05829721
    0.02289462
    0.06940904
   -0.03641849
   -0.03348631
    0.06677115
   -0.16512066
    0.02357462
    0.06672261
   -0.03331299
   -0.03628978
   -0.16496842
    0.06976817
    0.02293346
    0.06977787
   -0.03625620
   -0.03328180
    0.06670832
    0.02354539
   -0.00656705
    0.09616193
   -0.22911555
    0.03500324
   -0.04693665
   -0.03313156
   -0.04683029
    0.09630181
   -0.22897265
    0.03502709
    0.06676183
   -0.03349509
   -0.03646427
    0.06936710
   -0.16514566
   -0.16495112
   -0.00655396
    0.09628444
   -0.22897548
    0.03500274
   -0.04684696
   -0.03313534
   -0.04691725
    0.09618036
   -0.22911093
    0.03500586
    0.02680806
    0.02603365
    0.02625364
    0.02734588
    0.02739594
    0.02624844
    0.03442141
    0.04588060
    0.03373182
    0.03141546
    0.02870871
    0.03163720
    0.04606794
    0.03374903
    0.03475082
    0.02595325
    0.02672139
    0.03374844
    0.04607048
    0.03473250
    0.03162255
    0.02869785
    0.03143318
    0.03372586
    0.03446465
    0.04588665
   -0.05736317
    0.02300223
    0.06978168
   -0.03572884
   -0.03267406
    0.06651396
   -0.16479913
    0.02272892
    0.06647535
   -0.03290969
   -0.03605286
   -0.16499361
    0.06936738
    0.02280264
    0.06940999
   -0.03593435
   -0.03271385
    0.06650880
    0.02266110
   -0.00702133
    0.09654584
   -0.22898160
    0.03518529
   -0.04688150
   -0.03284889
   -0.04690581
    0.09657602
   -0.22889925
    0.03517352
    0.06645596
   -0.03246270
   -0.03561857
    0.06984055
   -0.16480969
   -0.16490310
   -0.00694576
    0.09653306
   -0.22894671
    0.03511293
   -0.04693181
   -0.03289696
   -0.04688540
    0.09655719
   -0.22891281
    0.03512946
    0.02737682
    0.02522290
    0.02502617
    0.02705794
    0.02707472
    0.02500615
    0.03469626
    0.04552868
    0.03325589
    0.03159953
    0.02888150
    0.03159352
    0.04544424
    0.03336157
    0.03460348
    0.02519477
    0.02745521
    0.03343297
    0.04548545
    0.03453775
    0.03154122
    0.02884036
    0.03163188
    0.03331867
    0.03468073
    0.04566917
