           1           2   1.3660129353939325     
           2           3   1.2431320294138861     
           3           4   1.5895778245012309     
           4           5   1.2548769917961813     
           2           6   1.2303415406923925     
           5           6   1.2257013149659501     
           5           7   1.3363721107803910     
           7           8   1.0565134690468525     
           8           9   1.4130673683315715     
           9          10   1.4649791144150015     
          10          11   1.3813294616752547     
          11          12   1.1252395952085286     
          12          13   2.9601232771802080     
          11          14   1.3817351283646664     
           8          15   1.4133254533561450     
          14          15   1.4643299206744209     
           7          16   1.3657835171908925     
          16          17   1.1625838562530983     
          17          18   1.6882396344641473     
          16          19   1.3523284975058842     
          18          20   1.1679479974878400     
          19          20   1.4136714671918158     
          20          21   1.2852475554616285     
          21          22   1.2777079840903256     
          22          23   1.2746263925375738     
          23          24   1.5692615853707774     
          24          25   1.2656604946633387     
          22          26   1.2493218052515667     
          25          26   1.2230162251823735     
          25          27   1.3290296537453781     
          27          28   1.0584956850336478     
          28          29   1.4120937528554731     
          29          30   1.4652208135515929     
          30          31   1.3810368008835803     
          31          32   1.1256051109228236     
          32          33   2.9593364912015914     
          31          34   1.3804315123966489     
          28          35   1.4115341820741976     
          34          35   1.4655556451475884     
          27          36   1.3623125076720093     
          36          37   1.1520646479441150     
          37          38   1.7065982876392500     
           1          39   1.3841973797911542     
          38          39   1.1462248155364194     
          36          40   1.3744533571024757     
          39          40   1.3747705709044784     
           1          41  0.99600318460661341     
           3          42  0.99310368543141980     
           4          43  0.99879351840161557     
           6          44  0.96130031338676736     
           9          45  0.98632999904316232     
          10          46  0.98544253143852745     
          14          47  0.98562196980611494     
          15          48  0.98646010864666245     
          17          49  0.99811313711577765     
          18          50  0.99968239923790103     
          23          51  0.99858320188323080     
          24          52  0.99783774250107715     
          26          53  0.96061642427976401     
          29          54  0.98666507626978894     
          30          55  0.98577277394355933     
          34          56  0.98546855375129438     
          35          57  0.98628526544258333     
          37          58  0.99909365315337051     
          38          59  0.99365462149004302     
          60          61   1.3659384621323714     
          61          62   1.2431477175739389     
          62          63   1.5896148276087938     
          63          64   1.2549081424430337     
          61          65   1.2304581520900402     
          64          65   1.2255101741383274     
          64          66   1.3366422857311604     
          66          67   1.0547136716108734     
          67          68   1.4140331321533235     
          68          69   1.4645611166859360     
          69          70   1.3815552868354484     
          70          71   1.1251412287968889     
          71          72   2.9602543609770060     
          70          73   1.3819505461354054     
          67          74   1.4140140391160065     
          73          74   1.4640012278256416     
          66          75   1.3672906023029985     
          75          76   1.1624609265402153     
          76          77   1.6886388633391285     
          75          78   1.3511303507879180     
          77          79   1.1676763017589173     
          78          79   1.4150131048747121     
          79          80   1.2841979421699501     
          80          81   1.2778835251575846     
          81          82   1.2743819181476268     
          82          83   1.5696226544882315     
          83          84   1.2653973277009749     
          81          85   1.2495392113076984     
          84          85   1.2222792775811324     
          84          86   1.3301135675845071     
          86          87   1.0575311616781695     
          87          88   1.4120208977566255     
          88          89   1.4653899923634746     
          89          90   1.3808480414971578     
          90          91   1.1255332182799642     
          91          92   2.9594609074828777     
          90          93   1.3809471785224134     
          87          94   1.4125917898500187     
          93          94   1.4649424350707783     
          86          95   1.3621373194857989     
          95          96   1.1519444524498801     
          96          97   1.7066316721939223     
          60          98   1.3843935316885461     
          97          98   1.1462836118516762     
          95          99   1.3747189178968489     
          98          99   1.3745402691700197     
          60         100  0.99604657964851251     
          62         101  0.99311939188839304     
          63         102  0.99887640299349356     
          65         103  0.96131328640533331     
          68         104  0.98627101957321384     
          69         105  0.98547862829868793     
          73         106  0.98560568468804233     
          74         107  0.98637005279870771     
          76         108  0.99812925478687042     
          77         109  0.99975190215770982     
          82         110  0.99849535122143562     
          83         111  0.99786864778316875     
          85         112  0.96063310268069846     
          88         113  0.98662326139516221     
          89         114  0.98580887177810639     
          93         115  0.98544833460466752     
          94         116  0.98627684564610685     
          96         117  0.99913645527675321     
          97         118  0.99364742167938824     
          21         120   1.2247836928085210     
         119         120   2.4893002438227092     
         119         121   1.3323096844568629     
         120         122  0.17551125241859317     
         121         122   2.4867682410948846     
         123         124   2.4861058460213212     
         123         125   1.3328879579720476     
          80         126   1.2251630482117386     
         124         126  0.17560550643646516     
         125         126   2.4886156998930802     
         122         127   1.2279185805908317     
         127         128   1.2729256749421456     
         128         129   1.2768012619051956     
         129         130   1.5661236484752095     
         130         131   1.2698136018992567     
         128         132   1.2526534085062768     
         131         132   1.2189545587233830     
         131         133   1.3278227303786305     
         133         134   1.0540127959464554     
         134         135   1.4141415172934597     
         135         136   1.4643129066247744     
         136         137   1.3814178627216480     
         137         138   1.1252830649232015     
         138         139   2.9598331835246179     
         137         140   1.3820032261827697     
         134         141   1.4149149470105851     
         140         141   1.4640492759538437     
         133         142   1.3768977175011305     
         142         143   1.1621730568969235     
         143         144   1.6885034320513128     
         142         145   1.3446323445808011     
         144         146   1.1684909850053347     
         145         146   1.4193547236666946     
         124         147   1.2284284698106429     
         146         147   1.2797329954919341     
         147         148   1.2730608860250898     
         148         149   1.2766712206557904     
         149         150   1.5663461982358771     
         150         151   1.2695822717252405     
         148         152   1.2526935381864763     
         151         152   1.2184320457210711     
         151         153   1.3286300073329864     
         153         154   1.0538120201380270     
         154         155   1.4149399703717516     
         155         156   1.4638487072544295     
         156         157   1.3819318367327476     
         157         158   1.1252503625616044     
         158         159   2.9598880851579392     
         157         160   1.3816001509592746     
         154         161   1.4143628109112754     
         160         161   1.4644052820223596     
         153         162   1.3759832533864016     
         162         163   1.1621868129148885     
         163         164   1.6883286907655866     
         127         165   1.2807670645793885     
         164         165   1.1686391280657469     
         162         166   1.3455444209676122     
         165         166   1.4181769113528351     
         129         167  0.99898627413907237     
         130         168  0.99867219751974023     
         132         169  0.96195537176755197     
         135         170  0.98631895211911924     
         136         171  0.98564665193883783     
         140         172  0.98566970779536001     
         141         173  0.98648692548793460     
         143         174  0.99887908891197330     
         144         175   1.0000591751629435     
         149         176  0.99888735670477913     
         150         177  0.99866678311536816     
         152         178  0.96197436562479077     
         155         179  0.98635027963699051     
         156         180  0.98558800531582558     
         160         181  0.98571418534177280     
         161         182  0.98645111727699597     
         163         183  0.99894219932665385     
         164         184   1.0000182271829516     
