   -0.08133500
   -0.01810400
    0.06095995
   -0.04074696
   -0.03971090
    0.06266146
   -0.17281466
    0.01016391
    0.01766672
   -0.01661615
   -0.01291263
    0.01387108
    0.11120944
   -0.27284730
   -0.01234647
   -0.01599769
    0.06205337
   -0.03816207
   -0.03819833
   -0.17055226
    0.06729180
    0.02144412
    0.06710318
   -0.03830176
   -0.03823055
    0.06196495
   -0.17074554
    0.01012003
    0.01766740
   -0.01661465
   -0.01296123
    0.01383742
    0.11120482
   -0.27287153
   -0.01231783
   -0.01602478
    0.06276476
   -0.03968077
   -0.04068408
    0.06101350
   -0.17270833
    0.02534444
    0.02759895
    0.02032761
    0.02959184
    0.03819570
    0.03933541
    0.03068080
    0.02209184
    0.02590355
    0.02572282
    0.02208112
    0.02965954
    0.03813559
    0.03936464
    0.03064554
    0.02031249
    0.02760205
   -0.08133249
   -0.01810790
    0.06096261
   -0.04074602
   -0.03971106
    0.06265705
   -0.17282031
    0.01016176
    0.01766610
   -0.01661957
   -0.01291498
    0.01386979
    0.11121568
   -0.27283825
   -0.01234478
   -0.01599475
    0.06205361
   -0.03816152
   -0.03819893
   -0.17054251
    0.06728977
    0.02144710
    0.06709571
   -0.03830362
   -0.03823011
    0.06197329
   -0.17072670
    0.01011790
    0.01766759
   -0.01661110
   -0.01291653
    0.01384538
    0.11119618
   -0.27289499
   -0.01235460
   -0.01602769
    0.06275662
   -0.03968371
   -0.04068281
    0.06101749
   -0.17273041
    0.02533629
    0.02759846
    0.02032837
    0.02959318
    0.03819706
    0.03933483
    0.03067820
    0.02208793
    0.02589140
    0.02572760
    0.02207975
    0.02968497
    0.03815758
    0.03934926
    0.03061635
    0.02031212
    0.02760312
   -0.01337925
   -0.02059454
   -0.01397083
   -0.01614035
   -0.01614401
   -0.01397843
   -0.02059393
   -0.01337962
