    0.30677288
   -0.02388378
    0.05980443
   -0.03729745
   -0.03499222
    0.05925157
   -0.21175084
    0.00975592
    0.01550843
   -0.01707001
   -0.01190680
    0.01582208
    0.11228398
   -0.26738958
   -0.01147726
   -0.01649947
    0.05813439
   -0.03563645
   -0.03563859
   -0.20875503
    0.06422843
    0.01630883
    0.06417638
   -0.03566995
   -0.03566278
    0.05812365
   -0.20881967
    0.00973447
    0.01550564
   -0.01709336
   -0.01192648
    0.01580345
    0.11227620
   -0.26742981
   -0.01148141
   -0.01647955
    0.05925105
   -0.03499198
   -0.03730081
    0.05979514
   -0.21170551
    0.02702511
    0.03318163
    0.02556261
    0.03022108
    0.04155938
    0.04237214
    0.03111715
    0.02597996
    0.02977597
    0.02969657
    0.02595004
    0.03018170
    0.04152172
    0.04238130
    0.03114903
    0.02555858
    0.03317528
    0.30097462
   -0.02293501
    0.05996644
   -0.03698483
   -0.03487636
    0.05970938
   -0.21194859
    0.00999818
    0.01548745
   -0.01706625
   -0.01188688
    0.01587079
    0.11231584
   -0.26725321
   -0.01143614
   -0.01649479
    0.05868087
   -0.03532102
   -0.03526708
   -0.20916432
    0.06452893
    0.01701916
    0.06449132
   -0.03529030
   -0.03534641
    0.05867844
   -0.20923311
    0.00997936
    0.01548100
   -0.01707899
   -0.01189196
    0.01585808
    0.11230329
   -0.26729252
   -0.01145312
   -0.01648183
    0.05971269
   -0.03487317
   -0.03698561
    0.05995557
   -0.21189599
    0.02743930
    0.03344187
    0.02574140
    0.03031796
    0.04164386
    0.04252501
    0.03125403
    0.02623014
    0.03002095
    0.02995848
    0.02620425
    0.03029123
    0.04161911
    0.04252440
    0.03126162
    0.02573556
    0.03343618
   -0.02154145
   -0.02142391
   -0.01914074
   -0.01719667
   -0.02011639
   -0.01640259
   -0.02469877
   -0.01930817
   -0.02083039
   -0.02397487
   -0.01813101
   -0.01938081
   -0.01908682
   -0.01836722
   -0.02360802
   -0.02098711
   -0.01841819
   -0.02424723
   -0.01547745
   -0.01949005
   -0.01633236
   -0.01838522
   -0.02069696
   -0.02073220
    0.33621891
    0.01060267
    0.06381287
   -0.03779881
   -0.03578084
    0.05538904
   -0.20739843
    0.01124706
    0.01598537
   -0.01643299
   -0.01161389
    0.01585468
    0.11231641
   -0.26793289
   -0.01152706
   -0.01636367
    0.05546944
   -0.03575322
   -0.03737212
   -0.20715084
    0.06386118
    0.01161633
    0.06383970
   -0.03738458
   -0.03575291
    0.05546497
   -0.20713080
    0.01124601
    0.01597733
   -0.01643856
   -0.01161383
    0.01585526
    0.11231811
   -0.26792480
   -0.01152938
   -0.01635888
    0.05539571
   -0.03577269
   -0.03779385
    0.06380537
   -0.20742435
    0.02785468
    0.02483814
    0.03057441
    0.04163706
    0.04185206
    0.03076411
    0.02506712
    0.02844313
    0.02841299
    0.02505406
    0.03056683
    0.04164493
    0.04185079
    0.03076519
    0.02485936
    0.02786781
    0.33289763
    0.01226350
    0.06390986
   -0.03714838
   -0.03571162
    0.05579111
   -0.20729234
    0.01131343
    0.01596023
   -0.01637299
   -0.01154178
    0.01586464
    0.11232885
   -0.26786826
   -0.01158266
   -0.01644999
    0.05576492
   -0.03559862
   -0.03759855
   -0.20773821
    0.06396763
    0.01091038
    0.06396812
   -0.03760430
   -0.03560454
    0.05575847
   -0.20773058
    0.01131240
    0.01596308
   -0.01636591
   -0.01152318
    0.01586563
    0.11232297
   -0.26788325
   -0.01160075
   -0.01645140
    0.05578894
   -0.03571712
   -0.03714406
    0.06392377
   -0.20728777
    0.02859771
    0.02517165
    0.03081096
    0.04188298
    0.04173187
    0.03063883
    0.02498968
    0.02797004
    0.02794409
    0.02497564
    0.03081593
    0.04188849
    0.04171861
    0.03063472
    0.02516981
    0.02861060
