   -0.08145278
   -0.01966807
    0.06014953
   -0.04207072
   -0.04079458
    0.06179888
   -0.17379945
    0.00954926
    0.06138517
   -0.03860623
   -0.03639289
   -0.17145207
    0.06610330
    0.02129955
    0.06622167
   -0.03609866
   -0.03826284
    0.06162535
    0.00887791
    0.01760483
   -0.01740911
   -0.01386874
    0.00343398
    0.23185363
   -0.28206867
   -0.33507241
   -0.01532731
   -0.01757913
    0.06188632
   -0.04055637
   -0.04197553
    0.06010120
   -0.17377890
   -0.17140064
    0.01811936
   -0.01735500
   -0.01349262
    0.00333593
    0.23193569
   -0.28241264
   -0.33465898
   -0.01553069
   -0.01819296
    0.02289089
    0.02507006
    0.01888299
    0.02133483
    0.02058874
    0.02016470
    0.02050467
    0.02788222
    0.04031443
    0.23886559
    0.04256276
    0.02859868
    0.01821272
    0.02512992
    0.02850604
    0.04080707
    0.23868225
    0.04184283
    0.02755863
   -0.08145287
   -0.01966810
    0.06014944
   -0.04207059
   -0.04079441
    0.06179872
   -0.17379977
    0.00954930
    0.06138507
   -0.03860597
   -0.03639270
   -0.17145237
    0.06610322
    0.02129956
    0.06622156
   -0.03609848
   -0.03826263
    0.06162525
    0.00887790
    0.01760478
   -0.01740913
   -0.01386876
    0.00343399
    0.23185361
   -0.28206866
   -0.33507244
   -0.01532733
   -0.01757913
    0.06188619
   -0.04055618
   -0.04197536
    0.06010111
   -0.17377922
   -0.17140094
    0.01811915
   -0.01735508
   -0.01349292
    0.00333527
    0.23193749
   -0.28241575
   -0.33465400
   -0.01553094
   -0.01819307
    0.02289081
    0.02507001
    0.01888294
    0.02133478
    0.02058868
    0.02016465
    0.02050461
    0.02788221
    0.04031441
    0.23886561
    0.04256274
    0.02859867
    0.01821268
    0.02512991
    0.02850589
    0.04080674
    0.23868187
    0.04184257
    0.02755852
   -0.02440239
   -0.02440227
