           2           3   1.3829233379619894     
           3           4   1.2066325373131350     
           4           5   1.6277382849791286     
           5           6   1.2161844967471174     
           1           7  0.71707445956383342     
           3           7   1.2545633901094315     
           6           7   1.2385478583510976     
           6           8   1.3674544675972204     
           8           9   1.0552167731824518     
           9          10   1.4068016076971379     
          10          11   1.4748862084570111     
          11          12   1.3714118121199093     
          12          13   1.1372460579702264     
          13          14  0.97222731068942736     
          12          15   1.3853645297971655     
           9          16   1.4163312026591779     
          15          16   1.4590976323266760     
           8          17   1.3584090685569203     
          17          18   1.2289234343904254     
          18          19   1.6034877756087935     
           1          20  0.71756679020634906     
          17          20   1.2315004358741941     
          19          21   1.2381475609205175     
          20          21   1.2804440892889004     
          21          22   1.2804955654595491     
          22          23   1.2798066271967068     
          23          24   1.2383418496046930     
          24          25   1.6033000734067389     
          25          26   1.2289130549619072     
           1          27  0.71718597541826212     
          23          27   1.2810898674846576     
          26          27   1.2310890817330371     
          26          28   1.3588074275628148     
          28          29   1.0549789997470445     
          29          30   1.4165533837335924     
          30          31   1.4589002714433748     
          31          32   1.3856437742497083     
          32          33   1.1368648973166149     
          33          34  0.97225089125087116     
          32          35   1.3716888169245842     
          29          36   1.4069066099132279     
          35          36   1.4747958864186088     
          28          37   1.3672245062698618     
          37          38   1.2161516209161591     
          38          39   1.6277924293253203     
           2          40   1.3832073922910550     
          39          40   1.2065442617562301     
           1          41  0.71679602831797695     
          37          41   1.2388308770357654     
          40          41   1.2543508856969257     
           2          42  0.99725462638060236     
           4          43  0.99505257956733884     
           5          44   1.0000561473155476     
          10          45  0.99098344069200506     
          11          46  0.99012971217171186     
          13          47  0.97297705403939938     
          14          48   1.0062407784681404     
          14          49  0.99665545382160636     
          14          50  0.99928625931136572     
          15          51  0.99180869598351962     
          16          52  0.99063415117049869     
          18          53  0.99910614694229094     
          19          54  0.99985032951714914     
          24          55  0.99981386221025359     
          25          56  0.99911951186811276     
          30          57  0.99062501710588280     
          31          58  0.99181573759298103     
          33          59  0.97320872228618038     
          34          60  0.99673844749478502     
          34          61  0.99929395076940053     
          34          62   1.0062386992722314     
          35          63  0.99015641728493931     
          36          64  0.99097111006239480     
          38          65   1.0000605222420360     
          39          66  0.99505805208666809     
          68          69   1.3829541092577244     
          69          70   1.2066285869954354     
          70          71   1.6277428911134013     
          71          72   1.2161870424354577     
          67          73  0.71713883248309007     
          69          73   1.2545287774335963     
          72          73   1.2385533083917266     
          72          74   1.3674563569557396     
          74          75   1.0552258068236240     
          75          76   1.4068326624481489     
          76          77   1.4748530909422217     
          77          78   1.3714418413067824     
          78          79   1.1372354907444777     
          79          80  0.97222651648183367     
          78          81   1.3853509202667691     
          75          82   1.4162989525897001     
          81          82   1.4591285063918440     
          74          83   1.3584030649360768     
          83          84   1.2289144455760523     
          84          85   1.6035040090413455     
          67          86  0.71765692009318527     
          83          86   1.2315038282400248     
          85          87   1.2381389154188951     
          86          87   1.2803981162689104     
          87          88   1.2805478179456513     
          88          89   1.2797627900719282     
          89          90   1.2383321040138116     
          90          91   1.6033098067607559     
          91          92   1.2288928644503567     
          67          93  0.71707340956442156     
          89          93   1.2811547196020887     
          92          93   1.2310960251000462     
          92          94   1.3588412264982703     
          94          95   1.0548700973964391     
          95          96   1.4166594790485225     
          96          97   1.4588015946744195     
          97          98   1.3858220138636543     
          98          99   1.1366358772748189     
          99         100  0.97236231698534059     
          98         101   1.3718183374389761     
          95         102   1.4069671882535226     
         101         102   1.4747537446064549     
          94         103   1.3672865851930172     
         103         104   1.2161265310367473     
         104         105   1.6278116576376047     
          68         106   1.3831824622751459     
         105         106   1.2065316312796344     
          67         107  0.71677185367622842     
         103         107   1.2388011682653668     
         106         107   1.2543856998786640     
          68         108  0.99725442481367710     
          70         109  0.99505227408725538     
          71         110   1.0000563540863963     
          76         111  0.99098249699411278     
          77         112  0.99013184438651691     
          79         113  0.97299243040993755     
          80         114   1.0062414388894554     
          80         115  0.99665582999338109     
          80         116  0.99928635181409997     
          81         117  0.99180718939016399     
          82         118  0.99063533412614069     
          84         119  0.99910541469651271     
          85         120  0.99984908036188069     
          90         121  0.99981512452157373     
          91         122  0.99912417140674203     
          96         123  0.99061912999328194     
          97         124  0.99180989176037282     
          99         125  0.97329116336734334     
         100         126  0.99672768981050175     
         100         127  0.99929259759220690     
         100         128   1.0062636694411680     
         101         129  0.99015947178124764     
         102         130  0.99096583099507152     
         104         131   1.0000643089408672     
         105         132  0.99505888284157806     
         133         134   2.3517158222255468     
         134         135   1.3701880183614845     
          22         136   1.2379510081837388     
         133         136  0.16176803975525070     
         135         136   2.4484514871213165     
         133         137   1.3701799969713304     
          88         138   1.2379414588192819     
         134         138  0.16176284759016127     
         137         138   2.4484738574388243     
