    0.26700170
   -0.02673030
    0.05784988
   -0.04051887
   -0.03674399
    0.05745168
   -0.21195636
    0.00888660
    0.05714693
   -0.03611459
   -0.03514666
   -0.20716327
    0.06220122
    0.01559954
    0.06237076
   -0.03522016
   -0.03605044
    0.05720311
    0.00899340
    0.00564578
   -0.02532203
   -0.00124731
   -0.06086677
   -0.03179566
   -0.00120558
   -0.06081052
   -0.02588697
    0.05741974
   -0.03686549
   -0.04058233
    0.05781967
   -0.21191150
   -0.20704636
    0.00555543
   -0.02539131
   -0.00134178
   -0.06091548
   -0.03176822
   -0.00118665
   -0.06086186
   -0.02590968
    0.01931288
    0.02545012
    0.01640052
    0.01864247
    0.01916716
    0.01885008
    0.01841111
    0.02033792
    0.01879071
    0.02390192
    0.02173374
    0.02855109
    0.01969373
    0.02012970
    0.02515736
    0.01909667
    0.01630281
    0.02537820
    0.02010300
    0.01875640
    0.02083102
    0.02474841
    0.02856222
    0.02255587
    0.02051105
    0.02222537
    0.01932688
    0.27001936
   -0.02500774
    0.05818678
   -0.03964419
   -0.03618828
    0.05868604
   -0.21093087
    0.00959310
    0.05868533
   -0.03496218
   -0.03446553
   -0.20739999
    0.06328105
    0.01776788
    0.06296117
   -0.03436121
   -0.03505450
    0.05891762
    0.00904872
    0.00520890
   -0.02562969
   -0.00124766
   -0.06097310
   -0.03133332
   -0.00083218
   -0.06077673
   -0.02545067
    0.05852021
   -0.03592535
   -0.03962666
    0.05838309
   -0.21111880
   -0.20722215
    0.00562149
   -0.02561506
   -0.00099302
   -0.06099905
   -0.03144560
   -0.00085637
   -0.06088260
   -0.02592941
    0.02136151
    0.02682813
    0.01798756
    0.01944806
    0.02060372
    0.02116194
    0.01929250
    0.02049166
    0.01891102
    0.02442833
    0.02206829
    0.02929467
    0.02056174
    0.02062627
    0.02628323
    0.02031596
    0.01748034
    0.02690715
    0.02038083
    0.01936486
    0.02109160
    0.02540702
    0.02941384
    0.02319399
    0.02093286
    0.02224196
    0.01993385
   -0.03172265
   -0.02747962
   -0.02826406
   -0.02974523
   -0.02293203
   -0.02852112
    0.26578137
    0.01111446
    0.06170092
   -0.03748816
   -0.03617208
    0.05559517
   -0.20900357
    0.01067200
    0.05573979
   -0.03580445
   -0.03664713
   -0.20879948
    0.06230818
    0.01210628
    0.06212382
   -0.03671116
   -0.03590947
    0.05580369
    0.01070026
    0.00620795
   -0.02458749
   -0.00114098
   -0.06055304
   -0.03153991
   -0.00106210
   -0.06045081
   -0.02452271
    0.05543175
   -0.03604439
   -0.03741546
    0.06196019
   -0.20895934
   -0.20875405
    0.00612586
   -0.02445497
   -0.00109156
   -0.06035065
   -0.03153997
   -0.00121782
   -0.06058880
   -0.02471053
    0.01576451
    0.01559104
    0.01517291
    0.01594606
    0.01589682
    0.01535388
    0.01982670
    0.01870842
    0.02322367
    0.02153994
    0.02796654
    0.02042134
    0.01901382
    0.02491284
    0.02030544
    0.01539865
    0.01520586
    0.02061786
    0.01771920
    0.02546433
    0.02135679
    0.02781594
    0.01972018
    0.02080732
    0.02282180
    0.01940995
    0.26537782
    0.01412537
    0.06263752
   -0.03567984
   -0.03563103
    0.05683453
   -0.20828843
    0.01044686
    0.05665541
   -0.03602425
   -0.03801624
   -0.20993682
    0.06202538
    0.01129344
    0.06208963
   -0.03788680
   -0.03598850
    0.05655128
    0.01039287
    0.00619277
   -0.02469988
   -0.00088551
   -0.06055590
   -0.03151050
   -0.00113357
   -0.06070755
   -0.02488795
    0.05684369
   -0.03572397
   -0.03572586
    0.06251465
   -0.20840465
   -0.20993032
    0.00615737
   -0.02508959
   -0.00119612
   -0.06070959
   -0.03150280
   -0.00087888
   -0.06048000
   -0.02456680
    0.01698431
    0.01615022
    0.01606251
    0.01570141
    0.01665329
    0.01604260
    0.02040183
    0.01919226
    0.02324290
    0.02268163
    0.02834767
    0.01997261
    0.01964992
    0.02421397
    0.02021985
    0.01621159
    0.01715432
    0.02020824
    0.01823220
    0.02507331
    0.02080432
    0.02822863
    0.01990472
    0.02208250
    0.02320986
    0.02053661
