           2           3   1.3844572761857936     
           3           4   1.2039149940880969     
           4           5   1.6324078722743913     
           5           6   1.2128850059580094     
           1           7  0.71491513603389678     
           3           7   1.2563951616510665     
           6           7   1.2373447990812700     
           6           8   1.3737823549673041     
           8           9   1.3646363764974319     
           9          10   1.2259133331355199     
          10          11   1.6076822987900339     
           1          12  0.71467235031181031     
           9          12   1.2300818339241462     
          11          13   1.2356078907890189     
          12          13   1.2831812265827798     
          13          14   1.2813254732370642     
          14          15   1.2812125582477276     
          15          16   1.2363873375240790     
          16          17   1.6058458709298988     
          17          18   1.2270981280819915     
          18          19   1.3612537898076749     
          19          20   1.0464435292585299     
          20          21   1.4262055449908719     
          21          22   1.4466269141508048     
          22          23   1.4413158559969366     
          23          24   1.4409365143150612     
          20          25   1.4259348155814295     
          24          25   1.4472432859905136     
          19          26   1.3724104268997512     
          26          27   1.2132406518054857     
          27          28   1.6315251473600803     
           2          29   1.3839974313982826     
          28          29   1.2042701715738655     
           1          30  0.71471267544664485     
          26          30   1.2377268887353658     
          29          30   1.2563865358913957     
           1          31  0.71481857547505756     
          15          31   1.2820488452558676     
          18          31   1.2315064724129918     
           8          32   1.0392918157905571     
          32          33   1.4292457879318825     
          33          34   1.4455206550530240     
          34          35   1.4418626409381354     
          35          36   1.4417873153285101     
          32          37   1.4293508066175837     
          36          37   1.4457837442464523     
           2          38  0.99713103618463805     
           4          39  0.99472175929384254     
           5          40   1.0004343828884517     
          10          41  0.99941096622176862     
          11          42  0.99966663237138287     
          16          43  0.99961003687236816     
          17          44  0.99914883040456692     
          21          45  0.98969590073461766     
          22          46  0.98267060364532943     
          23          47  0.98457416418716648     
          24          48  0.98241707943574630     
          25          49  0.98935654969625531     
          27          50   1.0001440887314950     
          28          51  0.99462570522659055     
          33          52  0.98933614459054042     
          34          53  0.98269960336046891     
          35          54  0.98450508183789576     
          36          55  0.98262455321304631     
          37          56  0.98927261245165954     
          58          59   1.3844481027451800     
          59          60   1.2039218496209041     
          60          61   1.6324085068712848     
          61          62   1.2128788029863413     
          57          63  0.71490221674364107     
          59          63   1.2564117646132014     
          62          63   1.2373521467799955     
          62          64   1.3737688479244554     
          64          65   1.3645922113911428     
          65          66   1.2259291215345913     
          66          67   1.6076735276286778     
          57          68  0.71464858331215075     
          65          68   1.2301017339449856     
          67          69   1.2356132167357421     
          68          69   1.2831818623517028     
          69          70   1.2813326795064075     
          70          71   1.2812225948142135     
          71          72   1.2363776098497383     
          72          73   1.6058703109284662     
          73          74   1.2270824256813340     
          74          75   1.3612859325612618     
          75          76   1.0464350448964366     
          76          77   1.4262042921642695     
          77          78   1.4466308177014142     
          78          79   1.4413140137197447     
          79          80   1.4409373225912121     
          76          81   1.4259416454628759     
          80          81   1.4472399226610508     
          75          82   1.3723852259347573     
          82          83   1.2132448951181376     
          83          84   1.6315257488594350     
          58          85   1.3840213577374687     
          84          85   1.2042656044966475     
          57          86  0.71466226678961131     
          82          86   1.2377667126229794     
          85          86   1.2563877559657790     
          57          87  0.71480229778292381     
          71          87   1.2820742581649947     
          74          87   1.2315070936240471     
          64          88   1.0393847563866108     
          88          89   1.4292087268439375     
          89          90   1.4455314525258687     
          90          91   1.4418604856384687     
          91          92   1.4417710184687336     
          88          93   1.4293029721219266     
          92          93   1.4458068135541877     
          58          94  0.99713241128280128     
          60          95  0.99471882931998423     
          61          96   1.0004301629175485     
          66          97  0.99940492828887240     
          67          98  0.99966810918904914     
          72          99  0.99960689438799866     
          73         100  0.99914812867158664     
          77         101  0.98969449825559330     
          78         102  0.98267045654158081     
          79         103  0.98457469461750446     
          80         104  0.98241870704049072     
          81         105  0.98935703630691518     
          83         106   1.0001453606980246     
          84         107  0.99462627052912700     
          89         108  0.98933942559168186     
          90         109  0.98270039610931026     
          91         110  0.98450627928721057     
          92         111  0.98262434756289330     
          93         112  0.98927858350382325     
         113         114   2.3522211422798489     
         114         115   1.3701845555135275     
          14         116   1.2370747317094961     
         113         116  0.16206498540754671     
         115         116   2.4495847555608363     
         113         117   1.3701800529415447     
          70         118   1.2370644141237150     
         114         118  0.16206458717233022     
         117         118   2.4495905041470776     
