    0.27501187
   -0.02528440
    0.05221295
   -0.04451974
   -0.04035536
    0.05490564
   -0.21684503
    0.00606277
   -0.00560543
   -0.02512255
   -0.04175129
    0.05643221
   -0.30911750
   -0.04296198
   -0.02639238
    0.05462339
   -0.03786860
   -0.03743498
   -0.21470804
    0.05902959
    0.01595293
    0.05913932
   -0.03743755
   -0.03786302
    0.05453891
   -0.21471249
    0.00605839
   -0.00555589
   -0.02499133
   -0.04166615
    0.05634125
   -0.30920992
   -0.04293901
   -0.02645891
    0.05498280
   -0.04036566
   -0.04451024
    0.05217756
   -0.21676271
    0.01765250
    0.01909565
    0.01110490
    0.01594856
    0.02442119
    0.16148907
    0.16054240
    0.02238128
    0.01381290
    0.01376344
    0.01474284
    0.01486684
    0.01350023
    0.01623031
    0.02456202
    0.16133682
    0.16034168
    0.02233670
    0.01370548
    0.01117543
    0.01907928
    0.27201722
   -0.02510540
    0.05241342
   -0.04446189
   -0.04041521
    0.05512278
   -0.21702477
    0.00608074
   -0.00540697
   -0.02523975
   -0.04182264
    0.05623311
   -0.30942388
   -0.04280442
   -0.02631466
    0.05491769
   -0.03811929
   -0.03769439
   -0.21500189
    0.05915253
    0.01610439
    0.05924551
   -0.03770723
   -0.03812625
    0.05478622
   -0.21513570
    0.00607742
   -0.00542165
   -0.02514766
   -0.04178345
    0.05617525
   -0.30948164
   -0.04281783
   -0.02645356
    0.05529236
   -0.04041269
   -0.04442281
    0.05236889
   -0.21686748
    0.01759421
    0.01921752
    0.01122842
    0.01599325
    0.02404304
    0.16105521
    0.16034592
    0.02248934
    0.01387335
    0.01346287
    0.01487050
    0.01483135
    0.01349161
    0.01616019
    0.02422555
    0.16097785
    0.16023222
    0.02240444
    0.01375285
    0.01136640
    0.01916475
   -0.02658475
   -0.02602074
   -0.02534191
   -0.02601966
    0.28154611
    0.01593094
    0.05942623
   -0.03782183
   -0.03769057
    0.05536006
   -0.21465916
    0.00970133
   -0.00458026
   -0.02596609
   -0.04205483
    0.05603555
   -0.30979779
   -0.04203399
   -0.02601108
    0.05521227
   -0.03816540
   -0.03839834
   -0.21457553
    0.05918812
    0.01581518
    0.05935076
   -0.03825723
   -0.03793782
    0.05517291
   -0.21472404
    0.00872796
   -0.00492445
   -0.02507870
   -0.04180990
    0.05658411
   -0.30895826
   -0.04191754
   -0.02516583
    0.05518570
   -0.03761120
   -0.03793365
    0.05938763
   -0.21436356
    0.01479646
    0.01473443
    0.01476522
    0.02316234
    0.15994845
    0.16006098
    0.02301130
    0.01454204
    0.01460583
    0.01458075
    0.01422498
    0.01301106
    0.01568094
    0.02391723
    0.16041229
    0.16050740
    0.02343438
    0.01570513
    0.01309088
    0.01430867
