           1           2   1.3773717336054767     
           2           3   1.2393181901367898     
           3           4   1.6042230577477270     
           4           5   1.2479799764474862     
           2           6   1.2292683700237814     
           5           6   1.2287114111799171     
           5           7   1.3502297004666830     
           7           8   1.3764361722803888     
           8           9   1.1598785571846622     
           9          10   1.6956305624936379     
           8          11   1.3527475529392181     
          10          12   1.1652910124118048     
          11          12   1.4100048553960320     
          12          13   1.2904599132157402     
          13          14   1.2941831621741162     
          14          15   1.2626511313213771     
          15          16   1.5928989876414288     
          16          17   1.2529923284699533     
          17          18   1.3578509347893459     
          18          19   1.0266527184389880     
          19          20   1.4094482400655339     
          20          21   1.1149469942326626     
          21          22  0.97654260973698515     
          20          23   1.3601536066039335     
          23          24   1.4691856546421416     
          24          25   1.4141134794467665     
          19          26   1.3546242308344214     
          25          26   1.4077810981910406     
          26          27   1.1180596805197585     
          27          28  0.98243329079076203     
          18          29   1.3617857276852352     
          29          30   1.1531008540555285     
          30          31   1.7073193274771488     
           1          32   1.3857385373904081     
          31          32   1.1481978281958767     
          29          33   1.3797180216912632     
          32          33   1.3725698281963374     
          14          34   1.2490836315484710     
          17          34   1.2185882742866163     
           7          35   1.0251354404090329     
          35          36   1.4103443876794066     
          36          37   1.1166052665702733     
          37          38  0.97720772039696069     
          36          39   1.3579324498277134     
          39          40   1.4706313813211134     
          40          41   1.4130074502268646     
          35          42   1.3539938590853320     
          41          42   1.4085418817701005     
          42          43   1.1178970542065265     
          43          44  0.98236432318129141     
           1          45  0.99585276111510967     
           3          46  0.99316593796624619     
           4          47  0.99780313494207051     
           6          48  0.96169605078784748     
           9          49  0.99790683080241405     
          10          50  0.99971441243654113     
          15          51  0.99847222629996779     
          16          52  0.99723519108342962     
          22          53  0.99892028054410986     
          22          54  0.98328136961988422     
          22          55   1.0025985046478321     
          23          56  0.98358418382607216     
          24          57  0.98490661462591578     
          25          58  0.98725639438157309     
          28          59  0.98557448571767625     
          28          60  0.99598812560457139     
          28          61  0.99558650095164980     
          30          62  0.99865868617842712     
          31          63  0.99383581118260200     
          34          64  0.96019821983592202     
          38          65   1.0018545233750911     
          38          66  0.98332979813658905     
          38          67  0.99913124625638272     
          39          68  0.98354428111224446     
          40          69  0.98492385512272240     
          41          70  0.98724281845823059     
          44          71  0.99585773425898449     
          44          72  0.98551771389560316     
          44          73  0.99570122180596443     
          74          75   1.3772513863846443     
          75          76   1.2393376379618655     
          76          77   1.6040794786788775     
          77          78   1.2480693826121334     
          75          79   1.2293428241657680     
          78          79   1.2284851281841032     
          78          80   1.3502272688734316     
          80          81   1.3764142737155081     
          81          82   1.1600694387008708     
          82          83   1.6953082567717968     
          81          84   1.3524235693276465     
          83          85   1.1654460149165284     
          84          85   1.4102963088546900     
          85          86   1.2899090872574956     
          86          87   1.2934657664915530     
          87          88   1.2631397289698545     
          88          89   1.5922070004987872     
          89          90   1.2533636289013115     
          90          91   1.3573301347485669     
          91          92   1.0266320658621066     
          92          93   1.4094918526677698     
          93          94   1.1154799400663702     
          94          95  0.97662019217395368     
          93          96   1.3595663040623751     
          96          97   1.4695643257326270     
          97          98   1.4137674208474427     
          92          99   1.3543981152780780     
          98          99   1.4079864420757622     
          99         100   1.1179759191048702     
         100         101  0.98250609104003039     
          91         102   1.3621097931926500     
         102         103   1.1530902022350740     
         103         104   1.7072802193655878     
          74         105   1.3855546102776484     
         104         105   1.1481958399634318     
         102         106   1.3793209430836832     
         105         106   1.3727266881072271     
          87         107   1.2491367077255024     
          90         107   1.2185090536687768     
          80         108   1.0253416882996786     
         108         109   1.4101100268887994     
         109         110   1.1163872368024841     
         110         111  0.97710481171323882     
         109         112   1.3582812127610244     
         112         113   1.4703953867209192     
         113         114   1.4131961439811243     
         108         115   1.3542165568200821     
         114         115   1.4083936554121810     
         115         116   1.1178649232268802     
         116         117  0.98239366474522027     
          74         118  0.99586761719602690     
          76         119  0.99318927956764713     
          77         120  0.99783029896721731     
          79         121  0.96172543564106361     
          82         122  0.99793333228118353     
          83         123  0.99970785599372181     
          88         124  0.99853863181936364     
          89         125  0.99729120634221735     
          95         126  0.99890270367892575     
          95         127  0.98327228687229895     
          95         128   1.0025159515205755     
          96         129  0.98359490018453122     
          97         130  0.98494303736239674     
          98         131  0.98727467196295093     
         101         132  0.98558219334194452     
         101         133  0.99600627091247396     
         101         134  0.99561417036964417     
         103         135  0.99868992934038658     
         104         136  0.99387112991031656     
         107         137  0.96020309586554653     
         111         138   1.0018932082944350     
         111         139  0.98330029965851140     
         111         140  0.99912302599330538     
         112         141  0.98354994654085370     
         113         142  0.98492588602217224     
         114         143  0.98725822426418486     
         117         144  0.99586628877093852     
         117         145  0.98555777341918416     
         117         146  0.99573042386808641     
          13         147   1.2148135959405271     
         147         148   2.4721900932753358     
         148         149   1.3572619563444732     
         147         150  0.16913307386557092     
         149         150   2.3525469759593967     
         150         151   1.3854789178710498     
         149         152  0.16332790596972516     
         151         152   2.3504407369206834     
         152         153   1.3603329191663454     
         151         154  0.16838193924226980     
         153         154   2.4654804145396976     
         155         156   2.4557453535264671     
         156         157   1.3688879169102297     
         155         158  0.16726792497573489     
         157         158   2.3381440909082465     
         158         159   1.3959548389326508     
         157         160  0.16167552609174160     
         159         160   2.3378492233221904     
         160         161   1.3694443733062738     
         159         162  0.16722723095714795     
         161         162   2.4547837163604380     
         163         164   2.4554436085070539     
         164         165   1.3689230502512995     
         163         166  0.16731591386976108     
         165         166   2.3383893351756559     
         166         167   1.3956550968210135     
         165         168  0.16180871403339328     
         167         168   2.3384478677387177     
         168         169   1.3688722190617795     
         167         170  0.16737872221193886     
         169         170   2.4555974992908678     
         171         172   2.4564840693430945     
         172         173   1.3681881464831978     
         171         174  0.16753734539193998     
         173         174   2.3394333540446430     
         174         175   1.3949617503118406     
         173         176  0.16205100473028664     
         175         176   2.3393777090597929     
         176         177   1.3682233830260655     
         175         178  0.16757770972968231     
         177         178   2.4564469874960642     
         179         180   2.4567543709686506     
         180         181   1.3679922667278430     
         179         182  0.16761414889055323     
         181         182   2.3397002813350469     
         182         183   1.3947526602473446     
         181         184  0.16210019255321306     
         183         184   2.3396776945373436     
         184         185   1.3680377392825707     
         183         186  0.16760554343934228     
         185         186   2.4566492492398488     
         187         188   2.4565989468558471     
         188         189   1.3681358968064619     
         187         190  0.16757746679331020     
         189         190   2.3394890663643335     
         190         191   1.3949183308368909     
         189         192  0.16204255815900839     
         191         192   2.3394335067992120     
         192         193   1.3682297023770655     
         191         194  0.16754446192132247     
         193         194   2.4563821959196686     
         195         196   2.4558023906068152     
         196         197   1.3687697203742684     
         195         198  0.16741496000539405     
         197         198   2.3385604272700729     
         198         199   1.3955893454811288     
         197         200  0.16183061529705092     
         199         200   2.3384499643627485     
         200         201   1.3689072618280380     
         199         202  0.16733431694732948     
         201         202   2.4554147381000444     
         203         204   2.4550732976276302     
         204         205   1.3692279844085029     
         203         206  0.16722979658989251     
         205         206   2.3380470579421546     
         206         207   1.3958545705970991     
         205         208  0.16169433610768122     
         207         208   2.3382136735258965     
         208         209   1.3688562137795677     
         207         210  0.16724748992530089     
         209         210   2.4556537408563743     
         211         212   2.4646331911403658     
         212         213   1.3610645089988522     
         211         214  0.16826401187876949     
         213         214   2.3494692955835927     
         214         215   1.3862622428905773     
         213         216  0.16314735822561668     
         215         216   2.3515038515454494     
         216         217   1.3581022913985543     
          86         218   1.2157747922870916     
         215         218  0.16895129968914319     
         217         218   2.4710381249695486     
         154         219   1.2204311663947021     
         219         220   1.2862535335997365     
         220         221   1.2666953614044727     
         221         222   1.5835130117595257     
         222         223   1.2577298892894202     
         220         224   1.2526617233386237     
         223         224   1.2220078812716186     
         223         225   1.3445388358601442     
         225         226   1.3761736498571953     
         226         227   1.1587635038391670     
         227         228   1.6933036209316095     
         226         229   1.3504264670639721     
         228         230   1.1658228852969084     
         229         230   1.4172784573860886     
         155         231   1.2282435319122542     
         230         231   1.2836049866467958     
         231         232   1.2826516958927545     
         232         233   1.2704743450399727     
         233         234   1.5815531895284598     
         234         235   1.2615963354906976     
         235         236   1.3444005029077082     
         236         237   1.0247467841709406     
         237         238   1.3541231464301879     
         238         239   1.1177382962175240     
         239         240  0.98263954602470427     
         238         241   1.4088015797480835     
         241         242   1.4121532913357024     
         242         243   1.4716038841804615     
         237         244   1.4102809605166120     
         243         244   1.3564126433005996     
         244         245   1.1187231667870545     
         245         246  0.97743170948524249     
         236         247   1.3813360617190809     
         247         248   1.1604990222989033     
         248         249   1.6939955981787522     
         219         250   1.2861641533250596     
         249         250   1.1665264180548160     
         247         251   1.3480574841066584     
         250         251   1.4130875159574947     
         232         252   1.2508483380506281     
         235         252   1.2194684272672867     
         225         253   1.0382202985807232     
         253         254   1.3774633301504768     
         254         255   1.1172594184048485     
         255         256  0.98152031810438323     
         254         257   1.3881479834350305     
         257         258   1.4389077632885641     
         258         259   1.4394739097582518     
         253         260   1.3756631680307787     
         259         260   1.3876218417405051     
         260         261   1.1208016564542351     
         261         262  0.98175512886232075     
         221         263  0.99865919897966537     
         222         264  0.99879191351486096     
         224         265  0.96152234352397559     
         227         266  0.99925473446028290     
         228         267  0.99967484590141020     
         233         268  0.99880920742513402     
         234         269  0.99772310404484932     
         240         270  0.98561752104671263     
         240         271  0.99581476273753522     
         240         272  0.99599202835724587     
         241         273  0.98732722047414445     
         242         274  0.98508241467512914     
         243         275  0.98363110774992857     
         246         276  0.98346106013252865     
         246         277   1.0016993747050857     
         246         278  0.99874689094087987     
         248         279  0.99844927183960486     
         249         280   1.0000799818337198     
         252         281  0.96089466532372703     
         256         282  0.99570866753546272     
         256         283  0.99647231538064207     
         256         284  0.98609375029194180     
         257         285  0.98866518159500749     
         258         286  0.98505159016657984     
         259         287  0.98868690618601895     
         262         288  0.99637599065322879     
         262         289  0.98589906922636328     
         262         290  0.99576318716740519     
         162         291   1.2292097059980827     
         291         292   1.2823039467599000     
         292         293   1.2693585449211895     
         293         294   1.5807117330627016     
         294         295   1.2594269065561483     
         292         296   1.2534150837198137     
         295         296   1.2225910717294617     
         295         297   1.3418441143039093     
         297         298   1.3785810979707169     
         298         299   1.1585925548158824     
         299         300   1.6936138307772943     
         298         301   1.3487274799601452     
         300         302   1.1657192761269553     
         301         302   1.4183004403880666     
         163         303   1.2285870462145219     
         302         303   1.2827976438355118     
         303         304   1.2820193545213439     
         304         305   1.2705423092726524     
         305         306   1.5813399957233616     
         306         307   1.2618313034936124     
         307         308   1.3450070672798069     
         308         309   1.0245596648058830     
         309         310   1.3540376142629256     
         310         311   1.1175463641152803     
         311         312  0.98265129155838860     
         310         313   1.4090262256488220     
         313         314   1.4118593009984439     
         314         315   1.4719553626529229     
         309         316   1.4104463892008186     
         315         316   1.3559209789307338     
         316         317   1.1191101023136623     
         317         318  0.97748289308701308     
         308         319   1.3810069163942369     
         319         320   1.1614500849496463     
         320         321   1.6921918589114082     
         291         322   1.2820618991498276     
         321         322   1.1680731575641503     
         319         323   1.3468946433458691     
         322         323   1.4153730559390294     
         304         324   1.2512699258155688     
         307         324   1.2186028108697993     
         297         325   1.0380804595584905     
         325         326   1.3771860251951376     
         326         327   1.1174236732619838     
         327         328  0.98158605259013543     
         326         329   1.3882985923457765     
         329         330   1.4387460095400895     
         330         331   1.4396045926641730     
         325         332   1.3761696940195105     
         331         332   1.3873214040958810     
         332         333   1.1207001141291755     
         333         334  0.98184266254715069     
         293         335  0.99873118952834739     
         294         336  0.99888107566324791     
         296         337  0.96159188033391840     
         299         338  0.99931352673967411     
         300         339  0.99976050709359610     
         305         340  0.99889285918239645     
         306         341  0.99775075295060955     
         312         342  0.98564072772159517     
         312         343  0.99588377030648867     
         312         344  0.99596719839709325     
         313         345  0.98733648243255001     
         314         346  0.98510899284534614     
         315         347  0.98364440678948006     
         318         348  0.98351173970817563     
         318         349   1.0014965901329116     
         318         350  0.99878819294792964     
         320         351  0.99847423520555345     
         321         352   1.0001048838316184     
         324         353  0.96095161145153840     
         328         354  0.99572398425803976     
         328         355  0.99647917525983354     
         328         356  0.98606985070225373     
         329         357  0.98869857079897561     
         330         358  0.98510876446066542     
         331         359  0.98873310373654510     
         334         360  0.99640783082895823     
         334         361  0.98593045249803057     
         334         362  0.99581338565335675     
         170         363   1.2286803055923783     
         363         364   1.2830359158491353     
         364         365   1.2692519387799877     
         365         366   1.5812446616066091     
         366         367   1.2590650745868437     
         364         368   1.2529443871496699     
         367         368   1.2230902568984972     
         367         369   1.3419638868780650     
         369         370   1.3784498637467286     
         370         371   1.1583218862260016     
         371         372   1.6938922932990230     
         370         373   1.3493173849208069     
         372         374   1.1656859959684942     
         373         374   1.4177357035646163     
         171         375   1.2279169798968910     
         374         375   1.2833788641297954     
         375         376   1.2825521859981566     
         376         377   1.2703211414994460     
         377         378   1.5818278191887387     
         378         379   1.2613955719634553     
         379         380   1.3454970681633771     
         380         381   1.0243958709015486     
         381         382   1.3537725602924982     
         382         383   1.1173229914808409     
         383         384  0.98260044956053028     
         382         385   1.4093655426830385     
         385         386   1.4113542887423105     
         386         387   1.4725728056255061     
         381         388   1.4103325526274502     
         387         388   1.3550357029592675     
         388         389   1.1199647777028792     
         389         390  0.97771145367214396     
         380         391   1.3804525296641945     
         391         392   1.1612742730039245     
         392         393   1.6924171029095150     
         363         394   1.2825299562520582     
         393         394   1.1682311654750523     
         391         395   1.3475685143979059     
         394         395   1.4147645667799793     
         376         396   1.2509846822846153     
         379         396   1.2188572281396752     
         369         397   1.0379696897167108     
         397         398   1.3772996094296053     
         398         399   1.1174313674628740     
         399         400  0.98154289525344418     
         398         401   1.3882260524147347     
         401         402   1.4388182984287365     
         402         403   1.4395394047485106     
         397         404   1.3760817152115747     
         403         404   1.3874156125305031     
         404         405   1.1206670812506001     
         405         406  0.98182774885486723     
         365         407  0.99866185285383546     
         366         408  0.99884896596731720     
         368         409  0.96159003258719078     
         371         410  0.99932355723758393     
         372         411  0.99973460693908311     
         377         412  0.99885875219915299     
         378         413  0.99775811351656907     
         384         414  0.98564284656009271     
         384         415  0.99591173360708762     
         384         416  0.99593021886715261     
         385         417  0.98730980580757155     
         386         418  0.98509265824378689     
         387         419  0.98357396292578481     
         390         420  0.98347507877424634     
         390         421   1.0011432717818665     
         390         422  0.99882682398067790     
         392         423  0.99842497297109178     
         393         424   1.0000527184825836     
         396         425  0.96091067257241503     
         400         426  0.99572665020493401     
         400         427  0.99645291268803204     
         400         428  0.98605363059766260     
         401         429  0.98868988080424747     
         402         430  0.98509893562239748     
         403         431  0.98872542733672319     
         406         432  0.99643248117466510     
         406         433  0.98593316449717749     
         406         434  0.99577821713993409     
         178         435   1.2280866682486751     
         435         436   1.2833768865608690     
         436         437   1.2691019177091298     
         437         438   1.5816189586260341     
         438         439   1.2588313060142089     
         436         440   1.2527611012834079     
         439         440   1.2231447445777968     
         439         441   1.3422661833346001     
         441         442   1.3782294921968692     
         442         443   1.1582099113449518     
         443         444   1.6939665077233992     
         442         445   1.3497147305078421     
         444         446   1.1657044261176370     
         445         446   1.4174166388112528     
         179         447   1.2277819742317944     
         446         447   1.2836896594445784     
         447         448   1.2827253718498022     
         448         449   1.2703309038382222     
         449         450   1.5818324745834036     
         450         451   1.2612758973640077     
         451         452   1.3453005787244809     
         452         453   1.0244226895700141     
         453         454   1.3533725203896876     
         454         455   1.1171062183635374     
         455         456  0.98257561279116445     
         454         457   1.4097671383353523     
         457         458   1.4108136409229253     
         458         459   1.4731904518772549     
         453         460   1.4102074149151840     
         459         460   1.3541674835356823     
         460         461   1.1208018038958831     
         461         462  0.97797313599330871     
         452         463   1.3804890694799254     
         463         464   1.1610587995239747     
         464         465   1.6927476254663003     
         435         466   1.2828439349936918     
         465         466   1.1681926813106227     
         463         467   1.3476394071346069     
         466         467   1.4145154391427428     
         448         468   1.2507524755418706     
         451         468   1.2192516929210537     
         441         469   1.0378085236689043     
         469         470   1.3774176225025276     
         470         471   1.1174660669028724     
         471         472  0.98152619015629916     
         470         473   1.3881537112064708     
         473         474   1.4388749570546833     
         474         475   1.4395107448609985     
         469         476   1.3760494050766285     
         475         476   1.3874545848113990     
         476         477   1.1206673153498434     
         477         478  0.98181277195246774     
         437         479  0.99863561550560498     
         438         480  0.99882433728605391     
         440         481  0.96158009947409984     
         443         482  0.99931012894816795     
         444         483  0.99970316517233992     
         449         484  0.99883603739015814     
         450         485  0.99777978838121173     
         456         486  0.98563853923207401     
         456         487  0.99592506691336458     
         456         488  0.99589980590108673     
         457         489  0.98728733469680963     
         458         490  0.98508097510484971     
         459         491  0.98351078252886392     
         462         492  0.98343656854585004     
         462         493   1.0008052589600196     
         462         494  0.99887592496494215     
         464         495  0.99840233165742531     
         465         496   1.0000121394863395     
         468         497  0.96087588677253255     
         472         498  0.99574223509057558     
         472         499  0.99642303079311279     
         472         500  0.98604913425110341     
         473         501  0.98867964641652839     
         474         502  0.98508904247211038     
         475         503  0.98871687983122081     
         478         504  0.99643209657638632     
         478         505  0.98592400834639260     
         478         506  0.99575752082929336     
         186         507   1.2279141800896971     
         507         508   1.2834525375561219     
         508         509   1.2689959461207592     
         509         510   1.5817452005582771     
         510         511   1.2587792599342615     
         508         512   1.2527548089704141     
         511         512   1.2230111070618250     
         511         513   1.3424908566734841     
         513         514   1.3779561378816285     
         514         515   1.1582597579032923     
         515         516   1.6938612892504503     
         514         517   1.3498619209186118     
         516         518   1.1657540431344333     
         517         518   1.4173446232588551     
         187         519   1.2279241521609732     
         518         519   1.2837544014647839     
         519         520   1.2826417481338832     
         520         521   1.2704250066785077     
         521         522   1.5815562463086537     
         522         523   1.2613919790195411     
         523         524   1.3448967630856337     
         524         525   1.0247173286470386     
         525         526   1.3530144648616784     
         526         527   1.1169218295498371     
         527         528  0.98255555113002835     
         526         529   1.4100925896491521     
         529         530   1.4104062646885245     
         530         531   1.4736234163966391     
         525         532   1.4100073970606741     
         531         532   1.3535789393572843     
         532         533   1.1214099236215165     
         533         534  0.97813127892626373     
         524         535   1.3806570560387905     
         535         536   1.1609954591919949     
         536         537   1.6928941459930371     
         507         538   1.2827828880979331     
         537         538   1.1681516026499590     
         535         539   1.3473440975522037     
         538         539   1.4146417997391125     
         520         540   1.2506839602049824     
         523         540   1.2195038388987756     
         513         541   1.0378779872978030     
         541         542   1.3774714019881635     
         542         543   1.1174546957131579     
         543         544  0.98151654018109180     
         542         545   1.3881073901923877     
         545         546   1.4389160089419890     
         546         547   1.4394655194690207     
         541         548   1.3759431962758846     
         547         548   1.3875316360446779     
         548         549   1.1206523780465045     
         549         550  0.98181765124711318     
         509         551  0.99863664496593674     
         510         552  0.99881755426935626     
         512         553  0.96158078586562046     
         515         554  0.99932597243030341     
         516         555  0.99970452899552098     
         521         556  0.99883685786387089     
         522         557  0.99780887112245631     
         528         558  0.98563936907303518     
         528         559  0.99594580235953267     
         528         560  0.99587954178268312     
         529         561  0.98727948366780649     
         530         562  0.98507956069002156     
         531         563  0.98347749883267099     
         534         564  0.98341487690038809     
         534         565   1.0004991983365064     
         534         566  0.99895017015187526     
         536         567  0.99840115177902933     
         537         568   1.0000055109299733     
         540         569  0.96086357299917857     
         544         570  0.99574678600343558     
         544         571  0.99642285239820305     
         544         572  0.98605136572381857     
         545         573  0.98867949855851922     
         546         574  0.98508707510553284     
         547         575  0.98871637187840822     
         550         576  0.99644584483593157     
         550         577  0.98592653406791320     
         550         578  0.99574494934923141     
         194         579   1.2280550798549379     
         579         580   1.2832431082714031     
         580         581   1.2690120678197181     
         581         582   1.5815925765679142     
         582         583   1.2589229175837358     
         580         584   1.2528827727494143     
         583         584   1.2227882173897369     
         583         585   1.3424877554119108     
         585         586   1.3779154364877870     
         586         587   1.1584078508518094     
         587         588   1.6936509577232111     
         586         589   1.3496458992049738     
         588         590   1.1658125220597533     
         589         590   1.4175759003469739     
         195         591   1.2284353127169494     
         590         591   1.2835169708552421     
         591         592   1.2822593340693138     
         592         593   1.2706293132016584     
         593         594   1.5810340913873639     
         594         595   1.2616851353230627     
         595         596   1.3444072994654435     
         596         597   1.0251283308272769     
         597         598   1.3527300722928490     
         598         599   1.1167773080158245     
         599         600  0.98255558508501473     
         598         601   1.4103318644895595     
         601         602   1.4101045802164744     
         602         603   1.4739152465480552     
         597         604   1.4097769707886456     
         603         604   1.3531851664429284     
         604         605   1.1218594588441815     
         605         606  0.97821749463443408     
         596         607   1.3808831893729416     
         607         608   1.1610430315800919     
         608         609   1.6929037693211728     
         579         610   1.2825250729863087     
         609         610   1.1681313489959473     
         607         611   1.3468241621188604     
         610         611   1.4149625651837205     
         592         612   1.2507473695345508     
         595         612   1.2195735943363530     
         585         613   1.0379873270502131     
         613         614   1.3774687792261662     
         614         615   1.1174401718897373     
         615         616  0.98151960966920715     
         614         617   1.3881038696598291     
         617         618   1.4389157451073149     
         618         619   1.4394504056480422     
         613         620   1.3759093770769901     
         619         620   1.3875532969239694     
         620         621   1.1206432391346326     
         621         622  0.98183753404975371     
         581         623  0.99866092760900871     
         582         624  0.99881873093474205     
         584         625  0.96159135001519258     
         587         626  0.99934820218516063     
         588         627  0.99973090333992876     
         593         628  0.99886861081259937     
         594         629  0.99785643559672199     
         600         630  0.98564567748536436     
         600         631  0.99597078246387249     
         600         632  0.99587053223668776     
         601         633  0.98728509602291137     
         602         634  0.98509063721656120     
         603         635  0.98346848549849997     
         606         636  0.98340233050473280     
         606         637   1.0002533328598722     
         606         638  0.99905128539935728     
         608         639  0.99841634538758850     
         609         640   1.0000212274795821     
         612         641  0.96087058006554715     
         616         642  0.99576481796920746     
         616         643  0.99641865518110040     
         616         644  0.98605418351725549     
         617         645  0.98868780234984521     
         618         646  0.98509649830889923     
         619         647  0.98872477753441002     
         622         648  0.99646340441825754     
         622         649  0.98593720688297881     
         622         650  0.99574721564273727     
         202         651   1.2286726160432186     
         651         652   1.2827029522492184     
         652         653   1.2692941515884053     
         653         654   1.5809746644037859     
         654         655   1.2593555269956576     
         652         656   1.2530399527339890     
         655         656   1.2227116866271064     
         655         657   1.3418624063500115     
         657         658   1.3784905498762907     
         658         659   1.1584990308928433     
         659         660   1.6935291007509121     
         658         661   1.3488587717271399     
         660         662   1.1657321342532048     
         661         662   1.4181867959053092     
         203         663   1.2289227534153488     
         662         663   1.2829602478988460     
         663         664   1.2816456100941824     
         664         665   1.2707708943352292     
         665         666   1.5804232093069639     
         666         667   1.2620181690354184     
         667         668   1.3442202641102678     
         668         669   1.0255700968877675     
         669         670   1.3525096105866585     
         670         671   1.1166741256481478     
         671         672  0.98256309088460414     
         670         673   1.4104992629325039     
         673         674   1.4099065992680211     
         674         675   1.4740816073673708     
         669         676   1.4095759662582528     
         675         676   1.3529705849985751     
         676         677   1.1221440830740488     
         677         678  0.97826030842033707     
         668         679   1.3808026859909981     
         679         680   1.1612465676830677     
         680         681   1.6926325709240990     
         651         682   1.2820451554716166     
         681         682   1.1682445644937198     
         679         683   1.3463306430685078     
         682         683   1.4153497652646423     
         664         684   1.2510291768185728     
         667         684   1.2192260700648136     
         657         685   1.0381350812642403     
         685         686   1.3774449201010941     
         686         687   1.1174528755381015     
         687         688  0.98153426417216771     
         686         689   1.3881019046720100     
         689         690   1.4389239652110146     
         690         691   1.4394156973254464     
         685         692   1.3758809797521570     
         691         692   1.3875810657245464     
         692         693   1.1205964979616754     
         693         694  0.98186335850508744     
         653         695  0.99868990622686826     
         654         696  0.99882770469252713     
         656         697  0.96160967576373269     
         659         698  0.99938316178050579     
         660         699  0.99977670461978352     
         665         700  0.99893077396315599     
         666         701  0.99791766008398064     
         672         702  0.98565205961774627     
         672         703  0.99600449064633179     
         672         704  0.99585913376063795     
         673         705  0.98729764648565899     
         674         706  0.98510724871546540     
         675         707  0.98347732664610421     
         678         708  0.98340102199294788     
         678         709   1.0000604759975535     
         678         710  0.99915998710822962     
         680         711  0.99844174366557548     
         681         712   1.0000355568835089     
         684         713  0.96088321889018569     
         688         714  0.99577486096574652     
         688         715  0.99642663804426634     
         688         716  0.98606059393412770     
         689         717  0.98869720465731303     
         690         718  0.98510740908091343     
         691         719  0.98873668219781408     
         694         720  0.99648977151880924     
         694         721  0.98595784742685788     
         694         722  0.99575230119830171     
         210         723   1.2284156052395221     
         723         724   1.2832260022710935     
         724         725   1.2691163490837676     
         725         726   1.5812215901079560     
         726         727   1.2591237778746678     
         724         728   1.2526962378866331     
         727         728   1.2235166851405894     
         727         729   1.3413354569074474     
         729         730   1.3787486170183063     
         730         731   1.1575567404730602     
         731         732   1.6952827910932824     
         730         733   1.3499123218148816     
         732         734   1.1643475032080053     
         733         734   1.4161108410623646     
         211         735   1.2210837791727249     
         734         735   1.2866807033870982     
         735         736   1.2850218818489165     
         736         737   1.2686061147231800     
         737         738   1.5825475253838874     
         738         739   1.2606557615459815     
         739         740   1.3462625622236508     
         740         741   1.0256952726491801     
         741         742   1.3524031430788017     
         742         743   1.1166301676986852     
         743         744  0.98254686752979437     
         742         745   1.4105631825956608     
         745         746   1.4098670328703795     
         746         747   1.4741351293792018     
         741         748   1.4094954025592701     
         747         748   1.3529269796023360     
         748         749   1.1222499222731843     
         749         750  0.97826764173224867     
         740         751   1.3789095286200876     
         751         752   1.1614812743816738     
         752         753   1.6923197556590108     
         723         754   1.2826426931693289     
         753         754   1.1683756754587804     
         751         755   1.3475320114279361     
         754         755   1.4146141407218573     
         736         756   1.2502630758601097     
         739         756   1.2188067309742912     
         729         757   1.0382362460299035     
         757         758   1.3771786432773940     
         758         759   1.1174667390289725     
         759         760  0.98147600593334727     
         758         761   1.3882445836958810     
         761         762   1.4388889545508881     
         762         763   1.4394573175377474     
         757         764   1.3759448629261195     
         763         764   1.3875835579524742     
         764         765   1.1204443577743299     
         765         766  0.98181837586382503     
         725         767  0.99863177418991522     
         726         768  0.99874951188066485     
         728         769  0.96157174740358531     
         731         770  0.99935596832462803     
         732         771  0.99967928973325404     
         737         772  0.99894211641080344     
         738         773  0.99792279783578552     
         744         774  0.98563391725880267     
         744         775  0.99603803554278403     
         744         776  0.99579587353488841     
         745         777  0.98728534375166033     
         746         778  0.98508751489681279     
         747         779  0.98345596924890255     
         750         780  0.98336806525230225     
         750         781  0.99997172044898919     
         750         782  0.99921562677681830     
         752         783  0.99839325728157968     
         753         784  0.99997574447393889     
         756         785  0.96080406497299808     
         760         786  0.99575051151647154     
         760         787  0.99638723437260390     
         760         788  0.98604999621400213     
         761         789  0.98865661941585536     
         762         790  0.98505490365321469     
         763         791  0.98870646976194776     
         766         792  0.99650395611881604     
         766         793  0.98599395213617058     
         766         794  0.99572120207875514     
