    0.30445901
   -0.02271756
    0.05392910
   -0.04196371
   -0.03823059
    0.05650321
   -0.21587655
    0.00801612
   -0.00532593
   -0.02604459
   -0.04085848
    0.06138229
   -0.25068809
    0.00208854
   -0.03652703
   -0.02495712
    0.05572788
   -0.03701182
   -0.03922635
   -0.21401784
    0.06005691
    0.01630417
    0.06010777
   -0.03928668
   -0.03703300
    0.05562416
   -0.21403388
    0.00798884
   -0.00531213
   -0.02487015
   -0.03651518
    0.06135174
   -0.25069027
    0.00205254
   -0.04088781
   -0.02613268
    0.05658384
   -0.03825203
   -0.04194510
    0.05389630
   -0.21581915
    0.02228818
    0.02373079
    0.01494293
    0.01563990
    0.02257152
    0.16626671
    0.03130559
    0.02608000
    0.03366555
    0.02478157
    0.01598982
    0.01654380
    0.02188439
    0.02176495
    0.01639552
    0.01609659
    0.02484681
    0.16621403
    0.02619692
    0.03358221
    0.03116260
    0.02250746
    0.01554744
    0.01500848
    0.02370384
    0.30403686
   -0.02271344
    0.05392658
   -0.04198265
   -0.03825110
    0.05648339
   -0.21591016
    0.00799533
   -0.00532107
   -0.02604545
   -0.04087312
    0.06136411
   -0.25068959
    0.00207098
   -0.03655412
   -0.02496150
    0.05570357
   -0.03706711
   -0.03929646
   -0.21401119
    0.06002656
    0.01626181
    0.06009900
   -0.03931603
   -0.03706425
    0.05560337
   -0.21409667
    0.00798015
   -0.00529931
   -0.02489225
   -0.03653493
    0.06133550
   -0.25070480
    0.00205173
   -0.04087565
   -0.02612189
    0.05659836
   -0.03826106
   -0.04194316
    0.05389166
   -0.21578953
    0.02227931
    0.02373018
    0.01493288
    0.01563045
    0.02257320
    0.16626626
    0.03123508
    0.02610626
    0.03365623
    0.02475586
    0.01599252
    0.01644141
    0.02173703
    0.02176220
    0.01638983
    0.01607011
    0.02481419
    0.16621971
    0.02616784
    0.03357474
    0.03112600
    0.02250420
    0.01555849
    0.01498151
    0.02368518
   -0.01759977
   -0.01798420
   -0.02260724
   -0.01681433
   -0.02250013
   -0.01608656
   -0.01712482
   -0.01715477
   -0.02191911
   -0.01600943
   -0.02191490
   -0.01595761
   -0.01804244
   -0.01769464
   -0.02257195
   -0.01614440
   -0.02269032
   -0.01682732
    0.31218738
    0.01668676
    0.06008072
   -0.03955204
   -0.03717510
    0.05614176
   -0.21342666
    0.01196161
   -0.00463286
   -0.02606315
   -0.04016354
    0.06115661
   -0.25087189
    0.00197344
   -0.03645904
   -0.02568779
    0.05628272
   -0.03651058
   -0.03907351
   -0.21323469
    0.06057936
    0.01691833
    0.06031858
   -0.03928388
   -0.03677101
    0.05603640
   -0.21314852
    0.01076328
   -0.00515116
   -0.02479359
   -0.03661918
    0.06196736
   -0.24977262
    0.00211404
   -0.04011166
   -0.02524096
    0.05597875
   -0.03644303
   -0.03931739
    0.06041632
   -0.21336287
    0.02151417
    0.01786623
    0.01600659
    0.02315354
    0.16620106
    0.02960654
    0.02611842
    0.03345505
    0.02473694
    0.01569221
    0.01795920
    0.02225804
    0.02185051
    0.01689210
    0.01616787
    0.02494287
    0.16730304
    0.03011745
    0.03386764
    0.02648660
    0.02372960
    0.01666403
    0.01648849
    0.02177125
    0.31183516
    0.01689604
    0.06050889
   -0.03908336
   -0.03663966
    0.05628329
   -0.21329869
    0.01195194
   -0.00461090
   -0.02594419
   -0.04009183
    0.06112785
   -0.25086615
    0.00200261
   -0.03652271
   -0.02573164
    0.05614114
   -0.03704649
   -0.03958978
   -0.21338025
    0.06016376
    0.01669079
    0.06008137
   -0.03955048
   -0.03692809
    0.05597244
   -0.21323583
    0.01071654
   -0.00516963
   -0.02473166
   -0.03658810
    0.06196834
   -0.24969735
    0.00211986
   -0.04027902
   -0.02530791
    0.05601630
   -0.03636382
   -0.03911852
    0.06060205
   -0.21337085
    0.02217054
    0.01804060
    0.01631365
    0.02346128
    0.16604612
    0.02589392
    0.03023939
    0.03337177
    0.02435539
    0.01538795
    0.01768418
    0.02155739
    0.02145335
    0.01660818
    0.01630789
    0.02515352
    0.16718873
    0.02999686
    0.03382545
    0.02686581
    0.02343561
    0.01648536
    0.01663218
    0.02208085
