           2           3   1.3933874589429887     
           3           4   1.1982266984540701     
           4           5   1.6445161135506168     
           5           6   1.2045825834449650     
           1           7  0.71399884989649909     
           3           7   1.2441514134057943     
           6           7   1.2479573860458828     
           6           8   1.3643835956825405     
           8           9   1.3753173742288383     
           9          10   1.2085463162136518     
          10          11   1.6341769630425997     
           1          12  0.70952392005269660     
           9          12   1.2342587482234368     
          11          13   1.2182949376893919     
          12          13   1.2691234291294662     
          13          14   1.3032750803105611     
          14          15   1.3024285914574654     
          15          16   1.2193543470291750     
          16          17   1.6316043069953499     
          17          18   1.2097780130386007     
          18          19   1.3714704361961150     
          19          20   1.0498842305988729     
          20          21   1.4245291472015031     
          21          22   1.4474361637203108     
          22          23   1.4412656417633805     
          23          24   1.4411007602634707     
          20          25   1.4241567075398172     
          24          25   1.4476707167530791     
          19          26   1.3617197569046877     
          26          27   1.2055075575120096     
          27          28   1.6425427703719837     
           2          29   1.3928143573958525     
          28          29   1.1987518516094728     
           1          30  0.71335539712921736     
          26          30   1.2491243833104169     
          29          30   1.2436804194886777     
           1          31  0.70900775210021594     
          15          31   1.2682006538854578     
          18          31   1.2358937067962517     
           8          32   1.0398340694307586     
          32          33   1.4287676170758914     
          33          34   1.4457298886854346     
          34          35   1.4420875620038069     
          35          36   1.4421974751866335     
          32          37   1.4289595090579597     
          36          37   1.4456688375239142     
           2          38  0.99720126429387579     
           4          39  0.99428493946127594     
           5          40  0.99984489302261847     
          10          41  0.99911852158556702     
          11          42  0.99884767416321862     
          16          43  0.99883332404802139     
          17          44  0.99876867226389787     
          21          45  0.98978938081561030     
          22          46  0.98177754304761589     
          23          47  0.98391027946398490     
          24          48  0.98154504765173012     
          25          49  0.98951165285262743     
          27          50  0.99944535311949134     
          28          51  0.99416490885352404     
          33          52  0.98937704586258046     
          34          53  0.98191485265648260     
          35          54  0.98384537423658158     
          36          55  0.98190154109005412     
          37          56  0.98940684706631288     
          58          59   1.3931902544139119     
          59          60   1.1983275844631036     
          60          61   1.6444693359230866     
          61          62   1.2045435494885524     
          57          63  0.71370767975289839     
          59          63   1.2443402440056122     
          62          63   1.2479515088029487     
          62          64   1.3644404326713657     
          64          65   1.3751975855859517     
          65          66   1.2085796447526194     
          66          67   1.6342158346313325     
          57          68  0.70964810986665672     
          65          68   1.2343835551722375     
          67          69   1.2182567973510594     
          68          69   1.2689202280885672     
          69          70   1.3033692337098510     
          70          71   1.3023545539899988     
          71          72   1.2193809603177956     
          72          73   1.6315961772548997     
          73          74   1.2097512039924703     
          74          75   1.3716294448040423     
          75          76   1.0498571040135103     
          76          77   1.4245237905175652     
          77          78   1.4474493723378805     
          78          79   1.4412610727406208     
          79          80   1.4411103646893537     
          76          81   1.4241876979605026     
          80          81   1.4476487577524906     
          75          82   1.3615868262757029     
          82          83   1.2055288288985591     
          83          84   1.6425781014568299     
          58          85   1.3930375467589502     
          84          85   1.1986718016786120     
          57          86  0.71353928262997568     
          82          86   1.2492510459281441     
          85          86   1.2435003263426241     
          57          87  0.70883364932570181     
          71          87   1.2684364835504829     
          74          87   1.2357569772737378     
          64          88   1.0399163181004336     
          88          89   1.4286899889972897     
          89          90   1.4457757697387583     
          90          91   1.4420625673712528     
          91          92   1.4422083512039152     
          88          93   1.4289645929049868     
          92          93   1.4456500473977973     
          58          94  0.99720477904247273     
          60          95  0.99428116824611146     
          61          96  0.99985149303405763     
          66          97  0.99909955658523864     
          67          98  0.99888039856412381     
          72          99  0.99879668950119127     
          73         100  0.99877104523366822     
          77         101  0.98978374500204724     
          78         102  0.98177970598593345     
          79         103  0.98390999989770866     
          80         104  0.98154432084160959     
          81         105  0.98951609744091706     
          83         106  0.99944605284030175     
          84         107  0.99416749842162666     
          89         108  0.98937707104769068     
          90         109  0.98191365599107305     
          91         110  0.98384646517541841     
          92         111  0.98190379192775223     
          93         112  0.98941515438546901     
          14         113   1.2139839325918820     
         113         114   2.4739593260736497     
         114         115   1.3612546803691608     
         113         116  0.17264971023941156     
         115         116   2.3494809478859975     
         116         117   1.3906678389877407     
         115         118  0.16686382315991882     
         117         118   2.3481734191563497     
         118         119   1.3631213672089790     
         117         120  0.17239143760201825     
         119         120   2.4696807333618964     
         121         122   2.4691411089826283     
         122         123   1.3634596178771616     
         121         124  0.17221119127076728     
         123         124   2.3467058270474310     
         124         125   1.3917726339020569     
         123         126  0.16657573856135627     
         125         126   2.3467202414321489     
         126         127   1.3634420927181112     
         125         128  0.17218428934448671     
         127         128   2.4691062213530239     
         129         130   2.4696586444235398     
         130         131   1.3630862520653171     
         129         132  0.17237443308771663     
         131         132   2.3482393487102202     
         132         133   1.3906061832519714     
         131         134  0.16685045025262416     
         133         134   2.3495515544875070     
         134         135   1.3612029347376828     
          70         136   1.2139525989286906     
         133         136  0.17264676108223892     
         135         136   2.4740060371153536     
         120         138   1.2183339212685649     
         138         139   1.2986564028230021     
         139         140   1.2217314639283989     
         140         141   1.6282535538191414     
         141         142   1.2124130602668484     
         137         143  0.70815453638188075     
         139         143   1.2687751224546027     
         142         143   1.2357883477476370     
         142         144   1.3665804995568263     
         144         145   1.3646503167199719     
         145         146   1.2128493473416639     
         146         147   1.6282574772746685     
         137         148  0.70750909011447050     
         145         148   1.2374451934491020     
         147         149   1.2213726776371849     
         148         149   1.2677111776817411     
         121         150   1.2181266666394095     
         149         150   1.2994285099129164     
         150         151   1.2987082995440171     
         151         152   1.2212667240654325     
         152         153   1.6289545535498686     
         153         154   1.2118686113285051     
         154         155   1.3680195666649728     
         155         156   1.0516813400106124     
         156         157   1.4235346300675018     
         157         158   1.4478842515517831     
         158         159   1.4411599663918573     
         159         160   1.4411875638016591     
         156         161   1.4236965358328666     
         160         161   1.4477697470587259     
         155         162   1.3634664575280575     
         162         163   1.2133307515683736     
         163         164   1.6277060463271664     
         138         165   1.2992320288215260     
         164         165   1.2217024274894741     
         137         166  0.70747984155404442     
         162         166   1.2381720038954374     
         165         166   1.2669586545235185     
         137         167  0.70820432608173245     
         151         167   1.2695678368276802     
         154         167   1.2350970689596392     
         144         168   1.0520376088249885     
         168         169   1.4234900114737707     
         169         170   1.4478153810154235     
         170         171   1.4411592902876920     
         171         172   1.4411325925070371     
         168         173   1.4234103892380803     
         172         173   1.4479680402204254     
         140         174  0.99880181104115551     
         141         175  0.99895187591805612     
         146         176  0.99895116801346684     
         147         177  0.99879213842133352     
         152         178  0.99875757345865757     
         153         179  0.99894157988527910     
         157         180  0.98963031209494323     
         158         181  0.98152653599178563     
         159         182  0.98387734740967159     
         160         183  0.98149551984810401     
         161         184  0.98963707092561615     
         163         185  0.99898443887697552     
         164         186  0.99887503640677999     
         169         187  0.98967603957353756     
         170         188  0.98150565847909976     
         171         189  0.98387911380088622     
         172         190  0.98151046092878491     
         173         191  0.98962692479462366     
         128         193   1.2182079159067805     
         193         194   1.2989080601482770     
         194         195   1.2212814770125400     
         195         196   1.6288550759824556     
         196         197   1.2119284100868444     
         192         198  0.70846936584699460     
         194         198   1.2691920160761316     
         197         198   1.2351925365087097     
         197         199   1.3676046471255772     
         199         200   1.3632408268482581     
         200         201   1.2133637252213698     
         201         202   1.6275250900893286     
         192         203  0.70768870420758856     
         200         203   1.2379908677941134     
         202         204   1.2218813136880033     
         203         204   1.2668577448170670     
         129         205   1.2183913168854577     
         204         205   1.2991041920427095     
         205         206   1.2986595510431840     
         206         207   1.2217086217028992     
         207         208   1.6281927508315386     
         208         209   1.2124920521007121     
         209         210   1.3663033404376694     
         210         211   1.0521157802878385     
         211         212   1.4234047193646080     
         212         213   1.4479575421597712     
         213         214   1.4411386977569052     
         214         215   1.4411160047553104     
         211         216   1.4234120025914909     
         215         216   1.4478753530088027     
         210         217   1.3648190302324841     
         217         218   1.2128352224005465     
         218         219   1.6282097873570005     
         193         220   1.2990743207619149     
         219         220   1.2214484579835041     
         192         221  0.70769778021684382     
         217         221   1.2371187296555866     
         220         221   1.2678417155574460     
         192         222  0.70847784544234871     
         206         222   1.2684251568145239     
         209         222   1.2358788686936428     
         199         223   1.0524692987213162     
         223         224   1.4233211195041544     
         224         225   1.4479337761955799     
         225         226   1.4411152526308624     
         226         227   1.4410761708538051     
         223         228   1.4231749432432286     
         227         228   1.4480335030487730     
         195         229  0.99874233104980747     
         196         230  0.99891435988479471     
         201         231  0.99895597599418517     
         202         232  0.99885507619556269     
         207         233  0.99881874245883073     
         208         234  0.99895226995020348     
         212         235  0.98963674241350474     
         213         236  0.98150603667231151     
         214         237  0.98388232523241970     
         215         238  0.98150377842129277     
         216         239  0.98966627950666086     
         218         240  0.99894869509553053     
         219         241  0.99880686392606921     
         224         242  0.98966476622030308     
         225         243  0.98149364257912686     
         226         244  0.98388571369553668     
         227         245  0.98151951420425076     
         228         246  0.98967378722402677     
