    0.30322313
   -0.02276563
    0.05431006
   -0.04187884
   -0.03934346
    0.05627277
   -0.21591565
    0.00784034
    0.05594958
   -0.03711363
   -0.03644009
   -0.21279387
    0.06045903
    0.01723644
    0.06076655
   -0.03640430
   -0.03696418
    0.05586737
    0.00791034
    0.00565477
   -0.02551325
   -0.00158325
   -0.06084275
   -0.03220383
   -0.00165337
   -0.06092916
   -0.02663713
    0.05621952
   -0.03954447
   -0.04194927
    0.05424493
   -0.21588254
   -0.21257849
    0.00554402
   -0.02552427
   -0.00162745
   -0.06093145
   -0.03213034
   -0.00157968
   -0.06094341
   -0.02659098
    0.02093406
    0.02399278
    0.01518118
    0.01812869
    0.01875463
    0.01830899
    0.01782154
    0.02075841
    0.01897346
    0.02359246
    0.02093327
    0.02810740
    0.02137883
    0.02232160
    0.02037564
    0.01961801
    0.01514978
    0.02391455
    0.02051527
    0.01974710
    0.01965372
    0.02394058
    0.02833285
    0.02246640
    0.01949218
    0.02248449
    0.01993558
    0.30392641
   -0.02291472
    0.05436818
   -0.04186182
   -0.03917019
    0.05612913
   -0.21601087
    0.00754302
    0.05621452
   -0.03718391
   -0.03617668
   -0.21253072
    0.06001655
    0.01749945
    0.06031133
   -0.03667944
   -0.03724335
    0.05575233
    0.00786516
    0.00579549
   -0.02557325
   -0.00153726
   -0.06089373
   -0.03226638
   -0.00170179
   -0.06098171
   -0.02674611
    0.05630113
   -0.03956540
   -0.04186440
    0.05412599
   -0.21578818
   -0.21280707
    0.00533619
   -0.02560471
   -0.00173983
   -0.06095173
   -0.03205981
   -0.00155067
   -0.06087523
   -0.02637012
    0.02100015
    0.02402105
    0.01507177
    0.01790525
    0.01886018
    0.01865263
    0.01791815
    0.02072600
    0.01823711
    0.02085937
    0.02459866
    0.02814254
    0.02086837
    0.02225981
    0.02052511
    0.01955867
    0.01519708
    0.02385740
    0.02048017
    0.01976063
    0.01964229
    0.02387169
    0.02834651
    0.02244739
    0.01960573
    0.02257477
    0.01996887
   -0.02600333
   -0.02501351
   -0.02538228
   -0.02492704
   -0.02444157
   -0.02572362
    0.31614923
    0.01677916
    0.05941174
   -0.03716854
   -0.03721670
    0.05580842
   -0.21227987
    0.01006443
    0.05491279
   -0.03612911
   -0.03620247
   -0.21214810
    0.06132734
    0.01732131
    0.05953023
   -0.03681367
   -0.03712033
    0.05592941
    0.00999612
    0.00557944
   -0.02466384
   -0.00117259
   -0.06050502
   -0.03167329
   -0.00147922
   -0.06083456
   -0.02604517
    0.05492821
   -0.03658249
   -0.03688471
    0.06067799
   -0.21266705
   -0.21230225
    0.00558292
   -0.02451805
   -0.00109924
   -0.06034618
   -0.03163045
   -0.00160056
   -0.06082224
   -0.02602144
    0.01753179
    0.01681869
    0.01600546
    0.01743680
    0.01864472
    0.01739717
    0.02157973
    0.01937484
    0.02383408
    0.02153496
    0.02831616
    0.02153183
    0.02281082
    0.01986757
    0.02004457
    0.01597744
    0.01699125
    0.02206619
    0.01804468
    0.02365089
    0.02402954
    0.02814348
    0.02102806
    0.02010369
    0.02228470
    0.01953285
    0.31368916
    0.01697914
    0.06126878
   -0.03635582
   -0.03592803
    0.05480487
   -0.21224684
    0.00961307
    0.05571734
   -0.03723550
   -0.03711190
   -0.21243698
    0.05926139
    0.01696937
    0.05991015
   -0.03723557
   -0.03682029
    0.05489311
    0.00929912
    0.00559910
   -0.02571685
   -0.00146029
   -0.06075571
   -0.03168468
   -0.00131775
   -0.06055488
   -0.02478843
    0.05560395
   -0.03711748
   -0.03698008
    0.05943486
   -0.21277362
   -0.21293899
    0.00562284
   -0.02574244
   -0.00154320
   -0.06070607
   -0.03163937
   -0.00116757
   -0.06032593
   -0.02454729
    0.01690275
    0.01590269
    0.01628686
    0.01721413
    0.01748698
    0.01591305
    0.02024080
    0.01998162
    0.02281984
    0.02154621
    0.02819531
    0.02147578
    0.02360103
    0.01924537
    0.02107070
    0.01694208
    0.01840651
    0.01992225
    0.01805475
    0.02542714
    0.02031806
    0.02808550
    0.01999245
    0.02170113
    0.02355346
    0.02147293
