           2           3   1.3825109099800932     
           3           4   1.2004051900108721     
           4           5   1.6378666144386078     
           5           6   1.2101601876443882     
           1           7  0.57082106007933675     
           3           7   1.2851970284428813     
           6           7   1.2681396947570751     
           6           8   1.3710593492819725     
           8           9   1.0491286086763159     
           9          10   1.4150215680053948     
          10          11   1.3935756408586766     
          11          12   1.1204647039499167     
          11          13   1.3597828791686803     
          13          14   1.0849139337842681     
          13          15   1.3703208065830652     
          15          16   1.0905761999794292     
           9          17   1.4080015357620146     
          15          17   1.4009405556624830     
           8          18   1.3586996592827740     
          18          19   1.2258237790381301     
          19          20   1.6089232499788939     
           1          21  0.56190240784797885     
          18          21   1.2610322056196952     
          20          22   1.2348763553014614     
          21          22   1.3157904924095711     
          22          23   1.2765056813964624     
          23          24   1.2780153270095398     
          24          25   1.2331805268754132     
          25          26   1.6116531928878566     
          26          27   1.2244559183057899     
           1          28  0.56320420683718608     
          24          28   1.3157758680462184     
          27          28   1.2596951606204736     
          27          29   1.3620934014338966     
          29          30   1.0461867222117869     
          30          31   1.4164744166207699     
          31          32   1.3933918844197282     
          32          33   1.1214159814988014     
          32          34   1.3593744025615035     
          34          35   1.0844840238149767     
          34          36   1.3714006837906039     
          36          37   1.0894817541645674     
          30          38   1.4093449633310902     
          36          38   1.3999779041133391     
          29          39   1.3699544547058835     
          39          40   1.2111718952837047     
          40          41   1.6356171456483577     
           2          42   1.3806018766255945     
          41          42   1.2015220389042545     
           1          43  0.56891121267631395     
          39          43   1.2686057265170076     
          42          43   1.2860902835057493     
           2          44  0.99915462998770199     
           4          45  0.99534285393702149     
           5          46   1.0015117139799679     
          10          47  0.99438344778868881     
          12          48  0.96608785315767842     
          14          49  0.96327945020545569     
          16          50  0.96364507429055479     
          17          51  0.99276352117208144     
          19          52   1.0004831279870583     
          20          53   1.0006982428168372     
          25          54   1.0007707835145154     
          26          55   1.0006442070284025     
          31          56  0.99405776829216019     
          33          57  0.96588353530042104     
          35          58  0.96356402169746103     
          37          59  0.96430658084838761     
          38          60  0.99274174613079558     
          40          61   1.0017470421979831     
          41          62  0.99541320945212186     
          64          65   1.3824924917430312     
          65          66   1.2004498486190229     
          66          67   1.6377922596220837     
          67          68   1.2101962841811160     
          63          69  0.57064248948611829     
          65          69   1.2851988711156177     
          68          69   1.2682458066279971     
          68          70   1.3708078337114389     
          70          71   1.0500741660336494     
          71          72   1.4145986601403377     
          72          73   1.3937199939619851     
          73          74   1.1204327129126912     
          73          75   1.3597095937886319     
          75          76   1.0850007510110444     
          75          77   1.3702067692141973     
          77          78   1.0905833675940373     
          71          79   1.4075440251040658     
          77          79   1.4011652096963199     
          70          80   1.3582224773110951     
          80          81   1.2259050827952964     
          81          82   1.6087901775225619     
          63          83  0.56202347781850703     
          80          83   1.2611853482924595     
          82          84   1.2349608619224313     
          83          84   1.3156528177449647     
          84          85   1.2766082731723831     
          85          86   1.2779906557167555     
          86          87   1.2332694435251308     
          87          88   1.6115911515019103     
          88          89   1.2245106531228858     
          63          90  0.56300231923026689     
          86          90   1.3157280580683022     
          89          90   1.2598077051285936     
          89          91   1.3617155078981393     
          91          92   1.0473580983157140     
          92          93   1.4161198910214385     
          93          94   1.3934743348767811     
          94          95   1.1213864363899331     
          94          96   1.3593788058102318     
          96          97   1.0845976694114134     
          96          98   1.3711387057002715     
          98          99   1.0894924356528071     
          92         100   1.4086098393883246     
          98         100   1.4003534660968029     
          91         101   1.3694346984825225     
         101         102   1.2112383632635799     
         102         103   1.6354764575516141     
          64         104   1.3806206346922592     
         103         104   1.2016350688127930     
          63         105  0.56900549160545322     
         101         105   1.2687842808458254     
         104         105   1.2859953695864648     
          64         106  0.99915297873011966     
          66         107  0.99533930303167539     
          67         108   1.0014528288567619     
          72         109  0.99442759833464256     
          74         110  0.96609503592063140     
          76         111  0.96326551912960112     
          78         112  0.96364422319792697     
          79         113  0.99281144215591988     
          81         114   1.0004309940614531     
          82         115   1.0006793749100025     
          87         116   1.0007849598143395     
          88         117   1.0005708114630121     
          93         118  0.99412193451101694     
          95         119  0.96589471551133521     
          97         120  0.96354911144558819     
          99         121  0.96429459941925744     
         100         122  0.99280968680971970     
         102         123   1.0016702234355364     
         103         124  0.99539597178992834     
          23         126   1.2438676633976931     
         125         126   2.4699869746285867     
         125         127   1.3469537408524370     
          85         128   1.2437734312667699     
         126         128  0.17190006865256144     
         127         128   2.4700663584690070     
