   -0.03961093
    0.05610791
   -0.04696952
   -0.04061297
    0.05385966
   -0.16629627
    0.00334102
   -0.00301548
   -0.02419578
   -0.03624747
    0.06473958
   -0.19314577
    0.00796071
    0.00784442
   -0.03718099
   -0.02607096
    0.05091053
   -0.04385167
   -0.04492999
   -0.29312504
    0.05952832
    0.00436626
    0.06082135
   -0.04249113
   -0.04092914
    0.05361206
   -0.16200673
    0.00103123
   -0.00326387
   -0.02549727
   -0.03660964
    0.06443772
   -0.19389782
    0.00791436
    0.00800597
   -0.03701481
   -0.02526228
    0.05278727
   -0.04361263
   -0.04852336
    0.05301111
   -0.29883197
    0.01126700
    0.02333389
    0.01524299
    0.15779607
    0.01668652
    0.02041112
    0.02640212
    0.03016481
    0.02454827
    0.02655640
    0.02280386
    0.03059940
    0.01891217
    0.01545449
    0.00735189
    0.01357047
    0.02310875
    0.01656412
    0.15577719
    0.01642369
    0.01970409
    0.02960417
    0.02774445
    0.02250838
    0.02212542
    0.03043341
    0.02900325
    0.01893949
    0.01495815
    0.00632178
    0.01449776
   -0.03961546
    0.05610858
   -0.04697687
   -0.04060888
    0.05385466
   -0.16627467
    0.00333732
   -0.00301374
   -0.02418864
   -0.03624572
    0.06474822
   -0.19313442
    0.00795411
    0.00785015
   -0.03717725
   -0.02605622
    0.05090280
   -0.04385150
   -0.04491710
   -0.29313709
    0.05953325
    0.00436122
    0.06083120
   -0.04247413
   -0.04092721
    0.05361693
   -0.16202551
    0.00103194
   -0.00324464
   -0.02550394
   -0.03661039
    0.06443419
   -0.19392285
    0.00792069
    0.00800741
   -0.03700317
   -0.02526001
    0.05279481
   -0.04361652
   -0.04852040
    0.05300543
   -0.29883705
    0.01127511
    0.02332292
    0.01520741
    0.15779231
    0.01668449
    0.02040714
    0.02640638
    0.03028515
    0.02440353
    0.02658111
    0.02293435
    0.03047009
    0.01891976
    0.01548496
    0.00736152
    0.01358341
    0.02311044
    0.01658175
    0.15577368
    0.01640720
    0.01967022
    0.02951046
    0.02774348
    0.02260418
    0.02200654
    0.03056178
    0.02898556
    0.01895265
    0.01499044
    0.00631605
    0.01449237
   -0.03466465
   -0.03127859
   -0.03466936
   -0.03128681
