           2           3   1.3862624548333204     
           3           4   1.2040831802210736     
           4           5   1.6329009051447256     
           5           6   1.2117783919450231     
           1           7  0.71226705272769397     
           3           7   1.2544638303617581     
           6           7   1.2432801903952231     
           6           8   1.3674011049577370     
           8           9   1.0491006502131925     
           9          10   1.4129750505341117     
          10          11   1.4731045967130429     
          11          12   1.3861286775829260     
          12          13   1.0850932278049477     
          13          14   1.9321297948605913     
          12          15   1.3810616951520964     
           9          16   1.4174336180178952     
          15          16   1.4684194243717568     
           8          17   1.3603591702170761     
          17          18   1.2241046918260940     
          18          19   1.6092679401178946     
           1          20  0.71372304920484841     
          17          20   1.2348563205945742     
          19          21   1.2346650887167339     
          20          21   1.2805334639449573     
          21          22   1.2868431098789870     
          22          23   1.2871422356190003     
          23          24   1.2352061138513095     
          24          25   1.6075840471630041     
          25          26   1.2254718683953691     
           1          27  0.71393687178005327     
          23          27   1.2791104852153690     
          26          27   1.2364559225736427     
          26          28   1.3569868235763745     
          28          29   1.0548649486401163     
          29          30   1.4143117145798083     
          30          31   1.4699890448985609     
          31          32   1.3798463102689504     
          32          33   1.0856919442480313     
          33          34   1.9307465103200723     
          32          35   1.3854033106583965     
          29          36   1.4107324699817543     
          35          36   1.4740164031244505     
          28          37   1.3666198166901360     
          37          38   1.2118552465464829     
          38          39   1.6322113616188827     
           2          40   1.3857963883125937     
          39          40   1.2044250025049679     
           1          41  0.71246851410911261     
          37          41   1.2435070316611110     
          40          41   1.2544556868774723     
           2          42  0.99685370918230443     
           4          43  0.99411267412479853     
           5          44  0.99946915151078086     
          10          45  0.98894241770122004     
          11          46  0.98904164418056140     
          13          47  0.95558967039236153     
          15          48  0.98308607821975436     
          16          49  0.98864641596055158     
          18          50  0.99843472297039648     
          19          51  0.99924789791247715     
          24          52  0.99921710481824011     
          25          53  0.99827083021201302     
          30          54  0.98894069617517799     
          31          55  0.98306363630627669     
          33          56  0.95561143919471803     
          35          57  0.98895989114006910     
          36          58  0.98899389734036536     
          38          59  0.99931063683290922     
          39          60  0.99402918345159141     
          62          63   1.3862410496663493     
          63          64   1.2040892391550697     
          64          65   1.6328896000790762     
          65          66   1.2117881210756067     
          61          67  0.71216906789133916     
          63          67   1.2545085687455380     
          66          67   1.2433100077686623     
          66          68   1.3673882828472634     
          68          69   1.0491143682174660     
          69          70   1.4128753269574839     
          70          71   1.4731761942816224     
          71          72   1.3860629211064348     
          72          73   1.0850937773777629     
          73          74   1.9321127615468210     
          72          75   1.3811193687039800     
          69          76   1.4175150996096662     
          75          76   1.4683538885541603     
          68          77   1.3603776631527751     
          77          78   1.2240789224266437     
          78          79   1.6093120104864980     
          61          80  0.71378434935453683     
          77          80   1.2349203286886077     
          79          81   1.2346021635532829     
          80          81   1.2804886612140092     
          81          82   1.2869988725132462     
          82          83   1.2870278214197890     
          83          84   1.2352832404754175     
          84          85   1.6075109400176899     
          85          86   1.2255095455626326     
          61          87  0.71384632131125481     
          83          87   1.2791405706017911     
          86          87   1.2364805817948237     
          86          88   1.3569424482496044     
          88          89   1.0548645561486563     
          89          90   1.4143597749048726     
          90          91   1.4699502753383971     
          91          92   1.3798821656095590     
          92          93   1.0857367662544695     
          93          94   1.9306308453678418     
          92          95   1.3853295567721706     
          89          96   1.4106616939210233     
          95          96   1.4740755881827672     
          88          97   1.3666735966360244     
          97          98   1.2118302293928886     
          98          99   1.6322586826476388     
          62         100   1.3858445464097713     
          99         100   1.2043994825548916     
          61         101  0.71246248205707918     
          97         101   1.2434975668456405     
         100         101   1.2544504639488954     
          62         102  0.99685214370051656     
          64         103  0.99411146130212946     
          65         104  0.99946922420802020     
          70         105  0.98894569256078058     
          71         106  0.98903053572186517     
          73         107  0.95559744713816741     
          75         108  0.98309809476239807     
          76         109  0.98864223547121621     
          78         110  0.99843404126359392     
          79         111  0.99922700199957615     
          84         112  0.99923855176173182     
          85         113  0.99826638543116630     
          90         114  0.98893420788488462     
          91         115  0.98307382511091423     
          93         116  0.95565935477557729     
          95         117  0.98895298600689474     
          96         118  0.98899904317092702     
          98         119  0.99930994445092680     
          99         120  0.99402652446010342     
          22         122   1.2301058294765370     
         121         122   2.4850257328027610     
         121         123   1.3364513178917965     
          82         124   1.2300938358190543     
         122         124  0.17378879471364336     
         123         124   2.4849898434953790     
