           2           3   1.3865756625741650     
           3           4   1.1985974145639573     
           4           5   1.6440722008728592     
           5           6   1.2053320190142824     
           1           7  0.56654955260600748     
           3           7   1.2834545049527069     
           6           7   1.2780104245871455     
           6           8   1.3653425861927668     
           8           9   1.0521777869222468     
           9          10   1.4161348448431912     
          10          11   1.4632093603319971     
          11          12   1.3823374591211990     
          12          13   1.1250137170842256     
          13          14   2.9609441200150064     
          12          15   1.3821256338836752     
           9          16   1.4161723181341537     
          15          16   1.4633734502364308     
           8          17   1.3610102208221064     
          17          18   1.2171217322414662     
          18          19   1.6221187239155397     
           1          20  0.55986203470553952     
          17          20   1.2672306424962314     
          19          21   1.2272550664040136     
          20          21   1.3113304323201340     
          21          22   1.2871973476265761     
          22          23   1.2875104589283572     
          23          24   1.2273174639995259     
          24          25   1.6220307003479257     
          25          26   1.2171351490660562     
           1          27  0.55964671178184322     
          23          27   1.3112794989986767     
          26          27   1.2673159088920372     
          26          28   1.3608075444984196     
          28          29   1.0527027148080257     
          29          30   1.4158827031368066     
          30          31   1.4632823530512922     
          31          32   1.3823346288690526     
          32          33   1.1250113226371274     
          33          34   2.9609703299405186     
          32          35   1.3820394597596237     
          29          36   1.4159701656042003     
          35          36   1.4634695649817506     
          28          37   1.3650995136016622     
          37          38   1.2052826507082286     
          38          39   1.6440843250114863     
           2          40   1.3868060320872853     
          39          40   1.1986015167769326     
           1          41  0.56681639347541091     
          37          41   1.2782036084551236     
          40          41   1.2832090457495140     
           2          42  0.99764208412988775     
           4          43  0.99344660381559979     
           5          44  0.99887344214231977     
          10          45  0.98694625437639638     
          11          46  0.98545498307593338     
          15          47  0.98527311395662009     
          16          48  0.98676918430337590     
          18          49  0.99795123949700004     
          19          50  0.99882279118035411     
          24          51  0.99873344677955656     
          25          52  0.99794912083958165     
          30          53  0.98697935166073891     
          31          54  0.98547224911204090     
          35          55  0.98527779380548242     
          36          56  0.98679155761772175     
          38          57  0.99885315095039084     
          39          58  0.99344241624331120     
          60          61   1.3868616983004307     
          61          62   1.1986385564809281     
          62          63   1.6440502099164556     
          63          64   1.2052598475839800     
          59          65  0.56625669295218961     
          61          65   1.2830289832306077     
          64          65   1.2789425846177822     
          64          66   1.3645931960080171     
          66          67   1.0519989851311216     
          67          68   1.4161396427801398     
          68          69   1.4631905922720070     
          69          70   1.3823384503488354     
          70          71   1.1249571174482613     
          71          72   2.9610738990686336     
          70          73   1.3822102232903490     
          67          74   1.4162419771150101     
          73          74   1.4633208878335904     
          66          75   1.3615605128109765     
          75          76   1.2160810522832799     
          76          77   1.6237909417754179     
          59          78  0.56008380734823127     
          75          78   1.2680692945062855     
          77          79   1.2259262348414424     
          78          79   1.3098077168722277     
          79          80   1.2904966466828682     
          80          81   1.2907556872069932     
          81          82   1.2259465498713344     
          82          83   1.6237346701794000     
          83          84   1.2161019784796661     
          59          85  0.55964236244079535     
          81          85   1.3098538425735056     
          84          85   1.2681668038851159     
          84          86   1.3613623034087823     
          86          87   1.0526515942267414     
          87          88   1.4156049767157810     
          88          89   1.4635085656021041     
          89          90   1.3820517703127400     
          90          91   1.1249901592028966     
          91          92   2.9610138026773760     
          90          93   1.3823282171322373     
          87          94   1.4161902050178758     
          93          94   1.4632776073321581     
          86          95   1.3642657822008319     
          95          96   1.2052387010127676     
          96          97   1.6440161908946114     
          60          98   1.3870706325871605     
          97          98   1.1986637374912819     
          59          99  0.56673138804006351     
          95          99   1.2791336463007270     
          98          99   1.2827571568505751     
          60         100  0.99762869568101176     
          62         101  0.99339212879133154     
          63         102  0.99882352021696585     
          68         103  0.98692275689225151     
          69         104  0.98544223169693212     
          73         105  0.98522483143585127     
          74         106  0.98673600027567787     
          76         107  0.99791079873918620     
          77         108  0.99870782572354666     
          82         109  0.99863756080053712     
          83         110  0.99789665121561566     
          88         111  0.98694373316617801     
          89         112  0.98544919069598613     
          93         113  0.98523262507043774     
          94         114  0.98677575398640460     
          96         115  0.99879897480295021     
          97         116  0.99338416023977483     
         117         118   2.3613363579491540     
         118         119   1.3649699731097640     
          22         120   1.2326014223206261     
         117         120  0.16667968341477327     
         119         120   2.4598040600722859     
         117         121   1.3661679161297533     
         118         122  0.16663543713434303     
         121         122   2.4573407394036755     
         123         124   2.3678622892626935     
         124         125   1.3607399705277152     
         123         126  0.16715855655055134     
         125         126   2.4633987582862660     
         123         127   1.3593513043780359     
          80         128   1.2267392774046522     
         124         128  0.16724045639389770     
         127         128   2.4663882348345698     
         122         130   1.2350325910416005     
         130         131   1.2837596191361507     
         131         132   1.2285508489572166     
         132         133   1.6203736590841535     
         133         134   1.2190797824148030     
         129         135  0.56151747772353566     
         131         135   1.3133202828348052     
         134         135   1.2626354558559014     
         134         136   1.3638216037237758     
         136         137   1.0515341452255647     
         137         138   1.4166004063747906     
         138         139   1.4632568013372533     
         139         140   1.3822432942934524     
         140         141   1.1250616100672448     
         141         142   2.9607124225225787     
         140         143   1.3824510569484090     
         137         144   1.4169551172009325     
         143         144   1.4629804902796362     
         136         145   1.3651834912161254     
         145         146   1.2181613727756808     
         146         147   1.6219928357833806     
         129         148  0.56155886709022007     
         145         148   1.2624530295958274     
         147         149   1.2271792888589435     
         148         149   1.3124956000306889     
         126         150   1.2294584049434287     
         149         150   1.2863895290834255     
         150         151   1.2864296707057612     
         151         152   1.2272633682951999     
         152         153   1.6218945644361240     
         153         154   1.2181930432976058     
         129         155  0.56171416143924946     
         151         155   1.3124245947653794     
         154         155   1.2625444712601457     
         154         156   1.3649666666127609     
         156         157   1.0519924388051745     
         157         158   1.4164787454035446     
         158         159   1.4632831596136699     
         159         160   1.3822173108541922     
         160         161   1.1250807807609413     
         161         162   2.9606960054223999     
         160         163   1.3823833933462657     
         157         164   1.4166643294686012     
         163         164   1.4631251158718226     
         156         165   1.3636647414741214     
         165         166   1.2190878785093411     
         166         167   1.6203460744425866     
         130         168   1.2838221301925854     
         167         168   1.2285726940492521     
         129         169  0.56145125829289422     
         165         169   1.2627257952752928     
         168         169   1.3132356524724877     
         132         170  0.99914352312931554     
         133         171  0.99865341729105184     
         138         172  0.98695932873649295     
         139         173  0.98546821968640219     
         143         174  0.98549355367042701     
         144         175  0.98693875882442150     
         146         176  0.99866560251478087     
         147         177  0.99910309732186742     
         152         178  0.99908037943386263     
         153         179  0.99865083648082753     
         158         180  0.98696794972837720     
         159         181  0.98547935158847222     
         163         182  0.98548121937377797     
         164         183  0.98697224086509028     
         166         184  0.99863016635669499     
         167         185  0.99912550145035062     
