           2           3   1.3875518481748792     
           3           4   1.2000530839957431     
           4           5   1.6428407269234631     
           5           6   1.2082897608064425     
           1           7  0.56702011308389633     
           3           7   1.2826397674800445     
           6           7   1.2808671437353849     
           6           8   1.3624780142550910     
           8           9   1.0517967802934711     
           9          10   1.4099224640313115     
          10          11   1.4651018571287928     
          11          12   1.3764377669856629     
          12          13   1.1481631770540548     
          12          14   1.3770279286530638     
           9          15   1.4103680117464710     
          14          15   1.4641140919099587     
           8          16   1.3644475588305363     
          16          17   1.2171800240225386     
          17          18   1.6250412688565690     
           1          19  0.56085884737287883     
          16          19   1.2680585167489515     
          18          20   1.2258795949881105     
          19          20   1.3101935598127292     
          20          21   1.2907727798748663     
          21          22   1.2909921309131036     
          22          23   1.2259580677837967     
          23          24   1.6249006495190965     
          24          25   1.2172901063883006     
           1          26  0.56043929147867233     
          22          26   1.3103233461861363     
          25          26   1.2679788467340802     
          25          27   1.3644277006686965     
          27          28   1.0521456071968989     
          28          29   1.4100501267513172     
          29          30   1.4649834797332739     
          30          31   1.3764845906523373     
          31          32   1.1482192627923546     
          31          33   1.3768566966739779     
          28          34   1.4099340787004635     
          33          34   1.4643949505068365     
          27          35   1.3622028993431563     
          35          36   1.2082680139192898     
          36          37   1.6427772589960803     
           2          38   1.3876285574620670     
          37          38   1.2001152358176321     
           1          39  0.56748396208324348     
          35          39   1.2809976896089903     
          38          39   1.2824454334436250     
           2          40  0.99824348540765662     
           4          41  0.99397988613493560     
           5          42  0.99979594404278305     
          10          43  0.99032719412988002     
          11          44  0.98906372322923486     
          13          45  0.97131425620703205     
          13          46  0.97167541607894192     
          14          47  0.98932889837955318     
          15          48  0.99029205802092357     
          17          49  0.99902152681326162     
          18          50  0.99918018172915668     
          23          51  0.99911282752509045     
          24          52  0.99903159933135044     
          29          53  0.99033266064539094     
          30          54  0.98908050948577830     
          32          55  0.97129031321076964     
          32          56  0.97167186793508675     
          33          57  0.98931747140561344     
          34          58  0.99031190221726328     
          36          59  0.99978483164967680     
          37          60  0.99396872551307114     
          62          63   1.3876215268250196     
          63          64   1.2000166094488509     
          64          65   1.6428922870246219     
          65          66   1.2082482013108731     
          61          67  0.56707893442816171     
          63          67   1.2826016309758592     
          66          67   1.2809586184630730     
          66          68   1.3624540884574807     
          68          69   1.0515567995521233     
          69          70   1.4101363119835293     
          70          71   1.4649580281669246     
          71          72   1.3765341237817528     
          72          73   1.1481671307234527     
          72          74   1.3769970710718133     
          69          75   1.4103490739865328     
          74          75   1.4641523435162358     
          68          76   1.3646816743921466     
          76          77   1.2169770302004561     
          77          78   1.6253981498310028     
          61          79  0.56079685511340827     
          76          79   1.2681098293596806     
          78          80   1.2255853095359714     
          79          80   1.3100805632064509     
          80          81   1.2912510165400555     
          81          82   1.2912801322406564     
          82          83   1.2258438185691936     
          83          84   1.6250156925687804     
          84          85   1.2172425249277037     
          61          86  0.56054253595532388     
          82          86   1.3102411684890829     
          85          86   1.2679786857843005     
          85          87   1.3644733236574182     
          87          88   1.0522321670795751     
          88          89   1.4099764209003485     
          89          90   1.4650302506999200     
          90          91   1.3764354528746288     
          91          92   1.1482631750961791     
          91          93   1.3768610866599065     
          88          94   1.4099022893260453     
          93          94   1.4644078473077036     
          87          95   1.3621325340149564     
          95          96   1.2082501332998070     
          96          97   1.6428177040505292     
          62          98   1.3876190924028238     
          97          98   1.2000909884967557     
          61          99  0.56735809336777265     
          95          99   1.2810656451717128     
          98          99   1.2824959787701198     
          62         100  0.99824038173666085     
          64         101  0.99397128895902054     
          65         102  0.99979897970473952     
          70         103  0.99032211437915318     
          71         104  0.98907500385184854     
          73         105  0.97133182628780557     
          73         106  0.97168080894376840     
          74         107  0.98930728700198201     
          75         108  0.99027620910248682     
          77         109  0.99901787193250891     
          78         110  0.99917278694700307     
          83         111  0.99909706148973276     
          84         112  0.99901707407774021     
          89         113  0.99033672999114863     
          90         114  0.98907896802239892     
          92         115  0.97127798244548413     
          92         116  0.97164953283220967     
          93         117  0.98931791009297054     
          94         118  0.99031299589334465     
          96         119  0.99977056816972398     
          97         120  0.99395753857419444     
          21         121   1.2285319481987704     
         121         122   2.4551692912079863     
         122         123   1.3699132187233967     
         121         124  0.16557177904951528     
         123         124   2.3344428764066003     
         124         125   1.3985822634311069     
         123         126  0.15959530663292962     
         125         126   2.3332247115775866     
         126         127   1.3721090933184878     
         125         128  0.16524442296466685     
         127         128   2.4511921940537511     
         129         130   2.4509234253508398     
         130         131   1.3726163372511446     
         129         132  0.16524824494157167     
         131         132   2.3320195714015641     
         132         133   1.3999635274516951     
         131         134  0.15945885978952987     
         133         134   2.3321115555693401     
         134         135   1.3725858848176289     
         133         136  0.16522987904537864     
         135         136   2.4509447338637034     
         137         138   2.4521266660346064     
         138         139   1.3713769335105583     
         137         140  0.16533516395982500     
         139         140   2.3341622264866966     
         140         141   1.3978017373057103     
         139         142  0.15967941240893560     
         141         142   2.3354129206743446     
         142         143   1.3691641065498716     
          81         144   1.2277840139678031     
         141         144  0.16564395223726633     
         143         144   2.4560367183881859     
         128         146   1.2320628489149954     
         146         147   1.2866938067067095     
         147         148   1.2279798652471796     
         148         149   1.6218151583670206     
         149         150   1.2202843841591819     
         145         151  0.56155475332483185     
         147         151   1.3118833744880900     
         150         151   1.2646174954218714     
         150         152   1.3641995522191837     
         152         153   1.0528409288436653     
         153         154   1.4104744461493404     
         154         155   1.4646469918059983     
         155         156   1.3766521923953747     
         156         157   1.1482255928827334     
         156         158   1.3763285823444737     
         153         159   1.4092359382482771     
         158         159   1.4652769241678292     
         152         160   1.3635229882060764     
         160         161   1.2201113597142033     
         161         162   1.6220827899054260     
         145         163  0.56237615106468064     
         160         163   1.2652054009624187     
         162         164   1.2280259347079416     
         163         164   1.3115619561147165     
         129         165   1.2324392884149260     
         164         165   1.2871035922568934     
         165         166   1.2870740146937711     
         166         167   1.2277077073367051     
         167         168   1.6224365605990252     
         168         169   1.2199342249638299     
         145         170  0.56223451992236784     
         166         170   1.3118985442599209     
         169         170   1.2649404216965503     
         169         171   1.3640660491491203     
         171         172   1.0519489401008151     
         172         173   1.4106675443362111     
         173         174   1.4646095023866550     
         174         175   1.3766218759711797     
         175         176   1.1480086119327431     
         175         177   1.3768125384279759     
         172         178   1.4100233193610168     
         177         178   1.4646672823261229     
         171         179   1.3644397026714821     
         179         180   1.2201560971843519     
         180         181   1.6220430587164298     
         146         182   1.2866205989212236     
         181         182   1.2277919446049377     
         145         183  0.56163443018738013     
         179         183   1.2645374237855571     
         182         183   1.3119664813665259     
         148         184  0.99944483143307472     
         149         185  0.99960800010573747     
         154         186  0.99051704722896150     
         155         187  0.98922680584838163     
         157         188  0.97145468461504969     
         157         189  0.97167772254850204     
         158         190  0.98919298288050195     
         159         191  0.99030674744736968     
         161         192  0.99941167167717782     
         162         193  0.99931932831417003     
         167         194  0.99931975270353202     
         168         195  0.99942935586725101     
         173         196  0.99049997762692865     
         174         197  0.98924136842885746     
         176         198  0.97169191830814350     
         176         199  0.97155129847685251     
         177         200  0.98925696299988886     
         178         201  0.99030159590361422     
         180         202  0.99963145623251315     
         181         203  0.99947984579138804     
         136         205   1.2324354730064280     
         205         206   1.2869756405481292     
         206         207   1.2277794811264942     
         207         208   1.6223742633594813     
         208         209   1.2200248319621234     
         204         210  0.56235942256150329     
         206         210   1.3119222080258670     
         209         210   1.2647751323999619     
         209         211   1.3641236647210009     
         211         212   1.0524923529239218     
         212         213   1.4101380395820038     
         213         214   1.4646105702562748     
         214         215   1.3767638954747068     
         215         216   1.1482596003254644     
         215         217   1.3762937032090428     
         212         218   1.4099050035240617     
         217         218   1.4651296429524132     
         211         219   1.3639563332725975     
         219         220   1.2201220179610328     
         220         221   1.6219908432038506     
         204         222  0.56145882885204257     
         219         222   1.2650459800922409     
         221         223   1.2278258513636620     
         222         223   1.3116385807791844     
         137         224   1.2312965060779222     
         223         224   1.2869337780989758     
         224         225   1.2872886777281569     
         225         226   1.2277950486222224     
         226         227   1.6220369969745734     
         227         228   1.2200781631641719     
         204         229  0.56152744295397816     
         225         229   1.3114593900936640     
         228         229   1.2650070404756806     
         228         230   1.3642143649695349     
         230         231   1.0516282756782178     
         231         232   1.4105281448341629     
         232         233   1.4643705013583956     
         233         234   1.3769534567034087     
         234         235   1.1480890956110283     
         234         236   1.3764411743129237     
         231         237   1.4104037841304164     
         236         237   1.4648061671160002     
         230         238   1.3644265610964921     
         238         239   1.2198912784146159     
         239         240   1.6225649919358243     
         205         241   1.2871460293701837     
         240         241   1.2276777016165976     
         204         242  0.56250883994523082     
         238         242   1.2646936968868308     
         241         242   1.3119337133797921     
         207         243  0.99932053370731511     
         208         244  0.99937530480128434     
         213         245  0.99028101748109520     
         214         246  0.98925564501666341     
         216         247  0.97165247258123388     
         216         248  0.97146814394064951     
         217         249  0.98917054172381169     
         218         250  0.99051168938118217     
         220         251  0.99963794262086769     
         221         252  0.99948264749960747     
         226         253  0.99946155935967951     
         227         254  0.99968395009950484     
         232         255  0.99027795308304434     
         233         256  0.98928060527413808     
         235         257  0.97153372498788559     
         235         258  0.97167875589335917     
         236         259  0.98920141576822707     
         237         260  0.99049658159551224     
         239         261  0.99943428059873196     
         240         262  0.99929260135417886     
