    0.29431405
   -0.02224212
    0.05420499
   -0.04108123
   -0.03974194
    0.05645357
   -0.21555089
    0.00690367
    0.05624033
   -0.03835238
   -0.03649252
   -0.21394561
    0.05926079
    0.01872334
    0.05913664
   -0.03635994
   -0.03823282
    0.05631725
    0.00553785
    0.01627338
   -0.01783849
   -0.01368746
    0.00410137
    0.23221507
   -0.28153387
   -0.33394512
   -0.01519976
   -0.01807173
    0.05652740
   -0.03946931
   -0.04085905
    0.05423393
   -0.21570752
   -0.21379010
    0.01693335
   -0.01778746
   -0.01316161
    0.00401347
    0.23233877
   -0.28189772
   -0.33340795
   -0.01533563
   -0.01887847
    0.02346860
    0.02545688
    0.01925516
    0.02074594
    0.02028000
    0.02060286
    0.01980293
    0.02639622
    0.04156716
    0.24020968
    0.04376467
    0.02671084
    0.01807957
    0.02556429
    0.02673068
    0.04218678
    0.24009462
    0.04311256
    0.02582340
    0.29480976
   -0.02229843
    0.05410277
   -0.04118908
   -0.03988607
    0.05626604
   -0.21557698
    0.00685696
    0.05600433
   -0.03838363
   -0.03633485
   -0.21383456
    0.05929778
    0.01850096
    0.05919139
   -0.03608376
   -0.03801754
    0.05619835
    0.00569565
    0.01620264
   -0.01790801
   -0.01373638
    0.00415311
    0.23226248
   -0.28132442
   -0.33400599
   -0.01508517
   -0.01795372
    0.05651785
   -0.03936541
   -0.04084916
    0.05421711
   -0.21561464
   -0.21363297
    0.01697645
   -0.01789765
   -0.01328700
    0.00394248
    0.23230175
   -0.28183909
   -0.33359803
   -0.01530418
   -0.01880858
    0.02343269
    0.02534750
    0.01907248
    0.02060553
    0.01995294
    0.02054484
    0.02003042
    0.02624141
    0.04149190
    0.24030826
    0.04401199
    0.02689953
    0.01812528
    0.02558163
    0.02645348
    0.04194282
    0.24008112
    0.04319049
    0.02602748
   -0.02259327
   -0.02213171
   -0.02295756
   -0.02340857
    0.30500099
    0.01827200
    0.05882308
   -0.03676626
   -0.03767005
    0.05601185
   -0.21293702
    0.00735475
    0.05602848
   -0.03753958
   -0.03645159
   -0.21309159
    0.05918516
    0.01801170
    0.05891852
   -0.03661709
   -0.03783120
    0.05572477
    0.00699385
    0.01622838
   -0.01719803
   -0.01324748
    0.00419805
    0.23226068
   -0.28183478
   -0.33350662
   -0.01544496
   -0.01814838
    0.05599064
   -0.03800725
   -0.03682672
    0.05893330
   -0.21318905
   -0.21312568
    0.01616033
   -0.01709975
   -0.01309430
    0.00438406
    0.23239589
   -0.28166290
   -0.33324101
   -0.01530913
   -0.01810653
    0.02006687
    0.01952677
    0.01956223
    0.01983615
    0.01997871
    0.01936626
    0.02699153
    0.04244334
    0.23983121
    0.04326986
    0.02648396
    0.01894599
    0.01984614
    0.02726902
    0.04272060
    0.23997201
    0.04349493
    0.02652003
