           1           2   1.3694277221733600     
           2           3   1.2424944588769156     
           3           4   1.5923407261694638     
           4           5   1.2558157141558146     
           2           6   1.2298225385421442     
           5           6   1.2264664466291941     
           5           7   1.3383941230963965     
           7           8   1.0541884603969360     
           8           9   1.4078281318795267     
           9          10   1.4666812632426551     
          10          11   1.3756423950162568     
          11          12   1.1489657121696963     
          11          13   1.3764358263645959     
           8          14   1.4084792212782078     
          13          14   1.4647591618188280     
           7          15   1.3674614770453182     
          15          16   1.1650539110786513     
          16          17   1.6872753696608476     
          15          18   1.3506346964250504     
          17          19   1.1687834441240723     
          18          19   1.4159769884358455     
          19          20   1.2803124963415204     
          20          21   1.2799398550074752     
          21          22   1.2706046241644495     
          22          23   1.5765724372447567     
          23          24   1.2634094191180794     
          21          25   1.2508800352155558     
          24          25   1.2192096039869176     
          24          26   1.3394011597908408     
          26          27   1.0568750264811340     
          27          28   1.4070014620456850     
          28          29   1.4666850217331875     
          29          30   1.3753544716977120     
          30          31   1.1491881340996968     
          30          32   1.3757816812132821     
          27          33   1.4067027787817401     
          32          33   1.4660067359935440     
          26          34   1.3565044941691868     
          34          35   1.1563141278064895     
          35          36   1.7025313691136055     
           1          37   1.3822418925359488     
          36          37   1.1490179351684711     
          34          38   1.3777504287075544     
          37          38   1.3750504952362019     
           1          39  0.99649448049253952     
           3          40  0.99353014281508745     
           4          41  0.99955945381434164     
           6          42  0.96145868810073487     
           9          43  0.98985459421841648     
          10          44  0.98910310013705149     
          12          45  0.97132008982883522     
          12          46  0.97080081290436093     
          13          47  0.98933429217163749     
          14          48  0.98962701134522690     
          16          49  0.99927116263651994     
          17          50  0.99987679666205598     
          22          51  0.99877168326472354     
          23          52  0.99860884985206699     
          25          53  0.96044579219731085     
          28          54  0.99011636066748154     
          29          55  0.98928262803632638     
          31          56  0.97106816699894449     
          31          57  0.97104921646313003     
          32          58  0.98913376135555442     
          33          59  0.98949427142332291     
          35          60   1.0001342887201272     
          36          61  0.99406474145933299     
          62          63   1.3693352294118046     
          63          64   1.2425580207489906     
          64          65   1.5922335179288252     
          65          66   1.2559164419397200     
          63          67   1.2298489080812607     
          66          67   1.2264872804555171     
          66          68   1.3382798404142273     
          68          69   1.0538841585919236     
          69          70   1.4080746901136878     
          70          71   1.4665117662917087     
          71          72   1.3757880389859520     
          72          73   1.1487904171608840     
          72          74   1.3765148034775836     
          69          75   1.4085664793423311     
          74          75   1.4647041360792379     
          68          76   1.3679076353481663     
          76          77   1.1650245180524925     
          77          78   1.6874293451257807     
          76          79   1.3502293028884158     
          78          80   1.1686033813758299     
          79          80   1.4164865391087997     
          80          81   1.2799521485316747     
          81          82   1.2800719385066786     
          82          83   1.2705886885094630     
          83          84   1.5765831799774701     
          84          85   1.2633590004496320     
          82          86   1.2508341701840089     
          85          86   1.2191425808683101     
          85          87   1.3395912788689972     
          87          88   1.0566738525705170     
          88          89   1.4070270295110168     
          89          90   1.4666812612113735     
          90          91   1.3753436814123390     
          91          92   1.1491917777257583     
          91          93   1.3758014363458249     
          88          94   1.4068750899327818     
          93          94   1.4659169895501849     
          87          95   1.3564264587891395     
          95          96   1.1562518168461289     
          96          97   1.7025577663795313     
          62          98   1.3823822915920321     
          97          98   1.1490424902508416     
          95          99   1.3779307039223978     
          98          99   1.3748770692599630     
          62         100  0.99650701164748756     
          64         101  0.99354013903484373     
          65         102  0.99957867556158186     
          67         103  0.96142724426230353     
          70         104  0.98986203353863667     
          71         105  0.98913318235880576     
          73         106  0.97136162937181003     
          73         107  0.97087218738766201     
          74         108  0.98932555168674852     
          75         109  0.98960711545138491     
          77         110  0.99926196180901106     
          78         111  0.99989612482297796     
          83         112  0.99876734130685008     
          84         113  0.99862113064986890     
          86         114  0.96045584081519020     
          89         115  0.99010799529742466     
          90         116  0.98927600999135490     
          92         117  0.97104674397904078     
          92         118  0.97104391743058993     
          93         119  0.98915060190243553     
          94         120  0.98950203236918055     
          96         121   1.0001442014613551     
          97         122  0.99406277694895273     
          20         123   1.2275902829894909     
         123         124   2.4529804971042708     
         124         125   1.3698432844438360     
         123         126  0.16511696935068290     
         125         126   2.3338426392852858     
         126         127   1.3984210139393338     
         125         128  0.15914044991029869     
         127         128   2.3319844193463171     
         128         129   1.3728241376138182     
         127         130  0.16447688293419072     
         129         130   2.4470646677521164     
         131         132   2.4434776631543573     
         132         133   1.3760373698103150     
         131         134  0.16395034892784199     
         133         134   2.3269308740837715     
         134         135   1.4030053331150087     
         133         136  0.15832306296139931     
         135         136   2.3269260977813788     
         136         137   1.3760379439484867     
         135         138  0.16395414137883033     
         137         138   2.4434932504077591     
         139         140   2.4467952962234327     
         140         141   1.3730221606603554     
         139         142  0.16442604526646967     
         141         142   2.3317481020365833     
         142         143   1.3986351329596860     
         141         144  0.15907593868892006     
         143         144   2.3335422509463108     
         144         145   1.3700425339339057     
          81         146   1.2277463993956068     
         143         146  0.16505811448578964     
         145         146   2.4527229691322430     
         130         147   1.2332366737149769     
         147         148   1.2730076597557378     
         148         149   1.2754409294280835     
         149         150   1.5698605949140874     
         150         151   1.2696905842931456     
         148         152   1.2527751925101056     
         151         152   1.2179814169284289     
         151         153   1.3323435934955823     
         153         154   1.0555554644608116     
         154         155   1.4075531592752550     
         155         156   1.4668505364768043     
         156         157   1.3753489643121830     
         157         158   1.1492441799363229     
         157         159   1.3758498244810782     
         154         160   1.4077265855118144     
         159         160   1.4655628762311601     
         153         161   1.3721166804379912     
         161         162   1.1656953535016970     
         162         163   1.6855013991886258     
         161         164   1.3469918917294008     
         163         165   1.1708777758490285     
         164         165   1.4189701225664684     
         131         166   1.2360997296275344     
         165         166   1.2754246122719646     
         166         167   1.2725096548549240     
         167         168   1.2762758364885409     
         168         169   1.5692408095806030     
         169         170   1.2699966746225089     
         167         171   1.2525825653621430     
         170         171   1.2191160055624755     
         170         172   1.3306450415218205     
         172         173   1.0556218578709478     
         173         174   1.4074009035157489     
         174         175   1.4658559171097605     
         175         176   1.3757626763175357     
         176         177   1.1491882825165871     
         176         178   1.3754943583537491     
         173         179   1.4078378265750406     
         178         179   1.4665491063816667     
         172         180   1.3735862130411192     
         180         181   1.1652858041930707     
         181         182   1.6862235106831502     
         147         183   1.2764216794268153     
         182         183   1.1702914839011576     
         180         184   1.3464977092312238     
         183         184   1.4185332431356916     
         149         185  0.99911276181207875     
         150         186  0.99929647816772682     
         152         187  0.96178406614926448     
         155         188  0.99004580876420101     
         156         189  0.98918805697915380     
         158         190  0.97086573859371750     
         158         191  0.97113465919695141     
         159         192  0.98926013192611983     
         160         193  0.98964242332690955     
         162         194  0.99976345982507153     
         163         195   1.0000565408401623     
         168         196  0.99898269151995200     
         169         197  0.99920838706388992     
         171         198  0.96182849426244632     
         174         199  0.98961884741549178     
         175         200  0.98922292293000436     
         177         201  0.97097929391167748     
         177         202  0.97117649600492906     
         178         203  0.98923415847518947     
         179         204  0.99007559402196865     
         181         205  0.99984962879247630     
         182         206   1.0001514047959061     
         138         207   1.2360761771752897     
         207         208   1.2725548276195271     
         208         209   1.2762709720412235     
         209         210   1.5692126078025748     
         210         211   1.2700340084375541     
         208         212   1.2525593229356256     
         211         212   1.2191699006283723     
         211         213   1.3305867055230007     
         213         214   1.0552059464630719     
         214         215   1.4081609472423593     
         215         216   1.4663523755384613     
         216         217   1.3756524355118576     
         217         218   1.1489900796421271     
         217         219   1.3758671105465972     
         214         220   1.4075183685104822     
         219         220   1.4657669794452259     
         213         221   1.3740555853955014     
         221         222   1.1652622377211592     
         222         223   1.6863484972190068     
         221         224   1.3461240630956253     
         223         225   1.1701492677958296     
         224         225   1.4190415063432806     
         139         226   1.2334165401460246     
         225         226   1.2760688541222105     
         226         227   1.2731480824153210     
         227         228   1.2754281864302313     
         228         229   1.5698669754381680     
         229         230   1.2696708200588396     
         227         231   1.2527179547534668     
         230         231   1.2179582997823299     
         230         232   1.3324222596259547     
         232         233   1.0553607456058378     
         233         234   1.4079448180338119     
         234         235   1.4653970978203867     
         235         236   1.3759583304082150     
         236         237   1.1492010950115192     
         236         238   1.3753088302840157     
         233         239   1.4075317176699029     
         238         239   1.4668945349648197     
         232         240   1.3722027215540853     
         240         241   1.1656483137883769     
         241         242   1.6855606715078328     
         207         243   1.2754083430386314     
         242         243   1.1708727899193914     
         240         244   1.3469706437530409     
         243         244   1.4189995724597080     
         209         245  0.99899400388182702     
         210         246  0.99923867362910657     
         212         247  0.96181211837218361     
         215         248  0.99007396881743903     
         216         249  0.98926579248061175     
         218         250  0.97105136787550994     
         218         251  0.97122867306746774     
         219         252  0.98921035380706268     
         220         253  0.98959816553457025     
         222         254  0.99984447931766840     
         223         255   1.0001640966522880     
         228         256  0.99911323787298634     
         229         257  0.99930736379878438     
         231         258  0.96179500137896967     
         234         259  0.98964565871968413     
         235         260  0.98927607020270736     
         237         261  0.97086942054939285     
         237         262  0.97114500454784369     
         238         263  0.98918669241865587     
         239         264  0.99004025904241066     
         241         265  0.99976326774137803     
         242         266   1.0000538440368179     
