   -0.06679640
   -0.01402235
    0.06422179
   -0.03636453
   -0.03638980
    0.06564180
   -0.16841769
    0.01300405
    0.02013128
   -0.01441599
   -0.00809763
    0.04403644
    0.29809853
   -0.27445799
   -0.27373549
   -0.00851224
   -0.01481163
    0.06475396
   -0.03523631
   -0.03478812
   -0.16642673
    0.06981380
    0.02507550
    0.06980183
   -0.03479653
   -0.03523426
    0.06474712
   -0.16649863
    0.01298436
    0.02013793
   -0.01488785
   -0.00853490
    0.04402114
    0.29806897
   -0.27448712
   -0.27376583
   -0.00809678
   -0.01434018
    0.06565173
   -0.03640448
   -0.03635529
    0.06421238
   -0.16833204
    0.03213948
    0.03458818
    0.02726027
    0.03712222
    0.05379126
    0.05293367
    0.03644918
    0.02873741
    0.03148740
    0.03146943
    0.02865274
    0.03641604
    0.05289436
    0.05380487
    0.03714347
    0.02732773
    0.03456235
   -0.06632590
   -0.01409941
    0.06415166
   -0.03638200
   -0.03638485
    0.06558577
   -0.16833191
    0.01292087
    0.02009555
   -0.01439646
   -0.00813165
    0.04402690
    0.29807744
   -0.27449113
   -0.27377132
   -0.00852533
   -0.01481337
    0.06466765
   -0.03521519
   -0.03479944
   -0.16633517
    0.06978336
    0.02501049
    0.06975378
   -0.03481437
   -0.03521044
    0.06465328
   -0.16638913
    0.01290502
    0.02010224
   -0.01487189
   -0.00854852
    0.04401878
    0.29805118
   -0.27448789
   -0.27380269
   -0.00811719
   -0.01434028
    0.06559159
   -0.03639328
   -0.03637559
    0.06414672
   -0.16827044
    0.03216615
    0.03454211
    0.02718031
    0.03707644
    0.05373741
    0.05293240
    0.03643016
    0.02864608
    0.03147226
    0.03142750
    0.02858726
    0.03638098
    0.05288376
    0.05377517
    0.03712726
    0.02723961
    0.03452700
   -0.01146254
   -0.01572509
   -0.00990302
   -0.01078267
   -0.01106306
   -0.00938485
   -0.01578573
   -0.01082292
   -0.01091270
   -0.01580788
   -0.00949429
   -0.01111181
   -0.01087871
   -0.00997302
   -0.01579554
   -0.01152354
   -0.06532001
    0.02479263
    0.07004323
   -0.03498375
   -0.03482646
    0.06451431
   -0.16552081
    0.01519061
    0.02019586
   -0.01428081
   -0.00807817
    0.04430210
    0.29861885
   -0.27348336
   -0.27377431
   -0.00805630
   -0.01430929
    0.06448270
   -0.03479148
   -0.03497141
   -0.16555606
    0.07010836
    0.02481983
    0.07006009
   -0.03496953
   -0.03481956
    0.06448501
   -0.16550246
    0.01519514
    0.02021980
   -0.01432937
   -0.00807065
    0.04431397
    0.29856818
   -0.27364899
   -0.27358854
   -0.00803657
   -0.01426497
    0.06450327
   -0.03482415
   -0.03498987
    0.07007949
   -0.16559372
    0.03127846
    0.02858894
    0.03716511
    0.05375754
    0.05382200
    0.03720300
    0.02855972
    0.03133945
    0.03128616
    0.02860716
    0.03722668
    0.05376394
    0.05382713
    0.03720414
    0.02856078
    0.03130990
