           1           2   1.3728540464674914     
           2           3   1.2409438014647804     
           3           4   1.5978000907617669     
           4           5   1.2532101259566579     
           2           6   1.2292300593377805     
           5           6   1.2313279720903512     
           5           7   1.3387667202059970     
           7           8   1.0554512953995363     
           8           9   1.4060852019039842     
           9          10   1.4679288396118209     
          10          11   1.3743128111849854     
          11          12   1.1525918135043185     
          11          13   1.3751617612674445     
           8          14   1.4069690306006115     
          13          14   1.4660175653886940     
           7          15   1.3672070169132662     
          15          16   1.1628799957900078     
          16          17   1.6921559677613214     
          15          18   1.3549115820984556     
          17          19   1.1659336065127175     
          18          19   1.4134961983613705     
          19          20   1.2860237122533131     
          20          21   1.2873225395934069     
          21          22   1.2652226740344812     
          22          23   1.5861028150214727     
          23          24   1.2582071655415243     
          21          25   1.2504065139760305     
          24          25   1.2205743753075291     
          24          26   1.3467638686694634     
          26          27   1.0574580561221116     
          27          28   1.4057622202713813     
          28          29   1.4679066325470480     
          29          30   1.3740783034086261     
          30          31   1.1529424437738249     
          30          32   1.3745654962770366     
          27          33   1.4053818305176971     
          32          33   1.4670077690350232     
          26          34   1.3508484420597322     
          34          35   1.1558395538268009     
          35          36   1.7045211782616205     
           1          37   1.3854563314626027     
          36          37   1.1483877798336437     
          34          38   1.3847455494323264     
          37          38   1.3728659429031138     
           1          39  0.99594283433182351     
           3          40  0.99262227702272543     
           4          41  0.99880745089837342     
           6          42  0.96074017334660655     
           9          43  0.98955700480232900     
          10          44  0.98871014548109815     
          12          45  0.97027329364786397     
          12          46  0.96987210840365867     
          13          47  0.98888452240467695     
          14          48  0.98926947427027778     
          16          49  0.99874774146615208     
          17          50  0.99916673367448883     
          22          51  0.99808420839371614     
          23          52  0.99804185057527217     
          25          53  0.95956083579361373     
          28          54  0.98972428521907529     
          29          55  0.98881826913109938     
          31          56  0.96993177507431561     
          31          57  0.97007033068126625     
          32          58  0.98872988049926591     
          33          59  0.98911924281283581     
          35          60  0.99949974414117115     
          36          61  0.99314768494133920     
          62          63   1.3728317164141675     
          63          64   1.2409598466950569     
          64          65   1.5977698862016949     
          65          66   1.2532308944612092     
          63          67   1.2292247237967218     
          66          67   1.2313494657052519     
          66          68   1.3387375205365870     
          68          69   1.0551480255710901     
          69          70   1.4063381680441558     
          70          71   1.4677589169932606     
          71          72   1.3744424119380874     
          72          73   1.1524384914798314     
          72          74   1.3752267655690509     
          69          75   1.4070467931088864     
          74          75   1.4659697134295027     
          68          76   1.3675143070578653     
          76          77   1.1628366341753393     
          77          78   1.6922777328293237     
          76          79   1.3547072156463771     
          78          80   1.1658286405599925     
          79          80   1.4137369659286840     
          80          81   1.2859004963730178     
          81          82   1.2873888328754106     
          82          83   1.2651407897503595     
          83          84   1.5861877352588449     
          84          85   1.2581493149634118     
          82          86   1.2504805682439424     
          85          86   1.2204524665147136     
          85          87   1.3469703159631383     
          87          88   1.0572785627150534     
          88          89   1.4057419136402700     
          89          90   1.4679302645392260     
          90          91   1.3740552250269356     
          91          92   1.1529283152939533     
          91          93   1.3746251544475758     
          88          94   1.4055794288308134     
          93          94   1.4668850678300982     
          87          95   1.3507910604781534     
          95          96   1.1558284539271990     
          96          97   1.7045244172032719     
          62          98   1.3855101963799343     
          97          98   1.1483908826834626     
          95          99   1.3848160414670121     
          98          99   1.3728026048537847     
          62         100  0.99595368583861621     
          64         101  0.99262665502899528     
          65         102  0.99882319017745458     
          67         103  0.96073299644330457     
          70         104  0.98955995312510348     
          71         105  0.98874042790601879     
          73         106  0.97030308375188556     
          73         107  0.96992864894898767     
          74         108  0.98887528522889367     
          75         109  0.98925427786006692     
          77         110  0.99875162378474625     
          78         111  0.99919356270477055     
          83         112  0.99807566761162070     
          84         113  0.99804427552428387     
          86         114  0.95956022800545049     
          89         115  0.98971172431753185     
          90         116  0.98880716696339910     
          92         117  0.96992376125201696     
          92         118  0.97007725093461727     
          93         119  0.98875066058097227     
          94         120  0.98912855174197678     
          96         121  0.99951186749211984     
          97         122  0.99314870335806571     
          20         123   1.2205293918377269     
         123         124   2.4636106452128441     
         124         125   1.3640087918149790     
         123         126  0.16863532969568837     
         125         126   2.3439362897569085     
         126         127   1.3922924940000712     
         125         128  0.16259811725301332     
         127         128   2.3421108085246289     
         128         129   1.3666690237690313     
         127         130  0.16786140021191795     
         129         130   2.4577656262946697     
         131         132   2.4535775691310531     
         132         133   1.3702103473068590     
         131         134  0.16711507626731567     
         133         134   2.3362399161804857     
         134         135   1.3971716912557786     
         133         136  0.16148372137776448     
         135         136   2.3362100896610509     
         136         137   1.3703466247475558     
         135         138  0.16715653653927026     
         137         138   2.4535288679271634     
         139         140   2.4539126166294745     
         140         141   1.3701015383445754     
         139         142  0.16735065450967801     
         141         142   2.3366977924215733     
         142         143   1.3969203009837976     
         141         144  0.16171483223067137     
         143         144   2.3367462089222766     
         144         145   1.3699922727986693     
         143         146  0.16742912517030772     
         145         146   2.4542482965490620     
         147         148   2.4545018711073818     
         148         149   1.3698502578213876     
         147         150  0.16757167026873368     
         149         150   2.3370730928381738     
         150         151   1.3967135068409351     
         149         152  0.16190617726826287     
         151         152   2.3371226057207775     
         152         153   1.3697962464020605     
         151         154  0.16758548130699857     
         153         154   2.4546230289016688     
         155         156   2.4546531713461421     
         156         157   1.3697843613322433     
         155         158  0.16761490854984357     
         157         158   2.3371732834907042     
         158         159   1.3966812773092403     
         157         160  0.16194079596655422     
         159         160   2.3371662926756378     
         160         161   1.3697909077936370     
         159         162  0.16761724176876455     
         161         162   2.4546579870994765     
         163         164   2.4546270976432485     
         164         165   1.3697917782715356     
         163         166  0.16758688230913646     
         165         166   2.3371328126604674     
         166         167   1.3967011320536362     
         165         168  0.16190090175675159     
         167         168   2.3371003974213846     
         168         169   1.3698412748186841     
         167         170  0.16756834751002650     
         169         170   2.4545019977324150     
         171         172   2.4542494050863342     
         172         173   1.3699909689051928     
         171         174  0.16742251744050002     
         173         174   2.3367516247643794     
         174         175   1.3969445978185782     
         173         176  0.16173098262794053     
         175         176   2.3366328817424526     
         176         177   1.3701147257064854     
         175         178  0.16736418913946166     
         177         178   2.4539346500437049     
         179         180   2.4535652352458128     
         180         181   1.3703107876129401     
         179         182  0.16715424322238726     
         181         182   2.3362852218364520     
         182         183   1.3971283472216864     
         181         184  0.16147660801045965     
         183         184   2.3362890912939513     
         184         185   1.3701820307072576     
         183         186  0.16712757575307294     
         185         186   2.4536218922653665     
         187         188   2.4578149236852309     
         188         189   1.3666626412704075     
         187         190  0.16786788013382006     
         189         190   2.3421271746563073     
         190         191   1.3922858991582028     
         189         192  0.16257644461662191     
         191         192   2.3439676695621103     
         192         193   1.3640095586050736     
          81         194   1.2205302607581061     
         191         194  0.16862073730174920     
         193         194   2.4635918324204140     
         130         195   1.2260247738079013     
         195         196   1.2799314029513051     
         196         197   1.2709656311513902     
         197         198   1.5774911010050774     
         198         199   1.2654642704530827     
         196         200   1.2515956316956471     
         199         200   1.2211607910463707     
         199         201   1.3359941076741531     
         201         202   1.0561561453969268     
         202         203   1.4061862113301968     
         203         204   1.4680019629961738     
         204         205   1.3741240938182551     
         205         206   1.1529678834081192     
         205         207   1.3747079499736428     
         202         208   1.4063415467522864     
         207         208   1.4666459719011666     
         201         209   1.3691109049548633     
         209         210   1.1640541225206931     
         210         211   1.6896350105983367     
         209         212   1.3525917854316258     
         211         213   1.1681934330283821     
         212         213   1.4156329676323949     
         131         214   1.2291273314610354     
         213         214   1.2817145584184544     
         214         215   1.2792505413133999     
         215         216   1.2716489539948383     
         216         217   1.5769231318955399     
         217         218   1.2657526283202312     
         215         219   1.2516825515360928     
         218         219   1.2219459159795298     
         218         220   1.3347798826258195     
         220         221   1.0562292459448244     
         221         222   1.4062578429199741     
         222         223   1.4667796376048985     
         223         224   1.3746432886169044     
         224         225   1.1530077664338787     
         224         226   1.3741088054173363     
         221         227   1.4061849595420375     
         226         227   1.4679148498107075     
         220         228   1.3700232426015602     
         228         229   1.1636507221813508     
         229         230   1.6902743103221129     
         195         231   1.2829746790343854     
         230         231   1.1677354171936756     
         228         232   1.3524929932534251     
         231         232   1.4147925836840061     
         197         233  0.99831543644297371     
         198         234  0.99860020091493895     
         200         235  0.96090103686859751     
         203         236  0.98967172438470685     
         204         237  0.98874498452143611     
         206         238  0.96985596776203042     
         206         239  0.97016646317611110     
         207         240  0.98880703087536370     
         208         241  0.98924142677162830     
         210         242  0.99916245087498679     
         211         243  0.99926312835133857     
         216         244  0.99820967935417293     
         217         245  0.99851842689058024     
         219         246  0.96094084155160975     
         222         247  0.98923613790195741     
         223         248  0.98878441102394676     
         225         249  0.96990462142806211     
         225         250  0.97013451713044285     
         226         251  0.98876853119485542     
         227         252  0.98969224976595627     
         229         253  0.99924113604770515     
         230         254  0.99933094635032960     
         138         255   1.2290675239342241     
         255         256   1.2790533931020802     
         256         257   1.2715758340591747     
         257         258   1.5769492011513919     
         258         259   1.2659138106973946     
         256         260   1.2518947832831717     
         259         260   1.2215409067749119     
         259         261   1.3351612844419012     
         261         262   1.0563146530441145     
         262         263   1.4060973048096905     
         263         264   1.4680319513699158     
         264         265   1.3740746649404192     
         265         266   1.1530056954138024     
         265         267   1.3746666263342944     
         262         268   1.4062921435629123     
         267         268   1.4666991477708824     
         261         269   1.3698160968895003     
         269         270   1.1639657285679372     
         270         271   1.6899313538190963     
         269         272   1.3521544461617969     
         271         273   1.1679638280008653     
         272         273   1.4158583983830313     
         139         274   1.2288287601342140     
         273         274   1.2817419090080502     
         274         275   1.2793437603795237     
         275         276   1.2713884334755921     
         276         277   1.5772154866672317     
         277         278   1.2657154702244613     
         275         279   1.2518739721226841     
         278         279   1.2216203706764426     
         278         280   1.3352519193530434     
         280         281   1.0562416070419127     
         281         282   1.4061959890497728     
         282         283   1.4667953862465817     
         283         284   1.3746118050862177     
         284         285   1.1530212028850892     
         284         286   1.3741214205125705     
         281         287   1.4062601043518936     
         286         287   1.4679021063176383     
         280         288   1.3698179996889537     
         288         289   1.1640907778989007     
         289         290   1.6897877337541904     
         255         291   1.2815636805247010     
         290         291   1.1680472136673095     
         288         292   1.3520856730747348     
         291         292   1.4158729228049389     
         257         293  0.99828500119885966     
         258         294  0.99856649970987432     
         260         295  0.96085672134001909     
         263         296  0.98967500223574334     
         264         297  0.98875334577645546     
         266         298  0.96986161578362395     
         266         299  0.97015145880598297     
         267         300  0.98880463736862578     
         268         301  0.98924161253312182     
         270         302  0.99917194856001867     
         271         303  0.99929011693254866     
         276         304  0.99824785088965173     
         277         305  0.99854355353376889     
         279         306  0.96085650765290032     
         282         307  0.98922967803835615     
         283         308  0.98878686706511332     
         285         309  0.96988575662872734     
         285         310  0.97013517008621553     
         286         311  0.98877138698569844     
         287         312  0.98968076179848474     
         289         313  0.99919934597265048     
         290         314  0.99933836781159791     
         146         315   1.2285452833657557     
         315         316   1.2796323269229168     
         316         317   1.2712416681915473     
         317         318   1.5774649900598641     
         318         319   1.2656637465853948     
         316         320   1.2517831480990167     
         319         320   1.2218166359505465     
         319         321   1.3352829902295380     
         321         322   1.0564629405076786     
         322         323   1.4059998331431236     
         323         324   1.4680931866141953     
         324         325   1.3739998779853684     
         325         326   1.1531897763345158     
         325         327   1.3745809951193226     
         322         328   1.4061627701765942     
         327         328   1.4667970893644371     
         321         329   1.3696571786009564     
         329         330   1.1639319408812470     
         330         331   1.6901663834430838     
         329         332   1.3523972373292139     
         331         333   1.1677557524779352     
         332         333   1.4156883434600407     
         147         334   1.2283633338599362     
         333         334   1.2821559732822017     
         334         335   1.2797389332039879     
         335         336   1.2710770352993892     
         336         337   1.5776661904735754     
         337         338   1.2655051448957233     
         335         339   1.2518528785124399     
         338         339   1.2217043303441071     
         338         340   1.3355634959868721     
         340         341   1.0564489375766304     
         341         342   1.4061023996865267     
         342         343   1.4668441401370620     
         343         344   1.3745486701986021     
         344         345   1.1532095945092600     
         344         346   1.3740136982902198     
         341         347   1.4060707682021645     
         346         347   1.4680441107915150     
         340         348   1.3694073025970244     
         348         349   1.1640648884027289     
         349         350   1.6899975000068375     
         315         351   1.2820783144808394     
         350         351   1.1678762820146715     
         348         352   1.3524931498878057     
         351         352   1.4156318639191265     
         317         353  0.99824304891033799     
         318         354  0.99851654325906147     
         320         355  0.96077287601394123     
         323         356  0.98966560884404453     
         324         357  0.98874026826672501     
         326         358  0.96982075650209110     
         326         359  0.97009706832458920     
         327         360  0.98878277217015775     
         328         361  0.98922441799639771     
         330         362  0.99914595349555857     
         331         363  0.99927808602505230     
         336         364  0.99823255329383653     
         337         365  0.99851226786798042     
         339         366  0.96076636415481398     
         342         367  0.98922046690426624     
         343         368  0.98877622011957700     
         345         369  0.96982137060653928     
         345         370  0.97008736826474729     
         346         371  0.98874593943705014     
         347         372  0.98966652805711997     
         349         373  0.99915250617174867     
         350         374  0.99929722246852160     
         154         375   1.2282736083610011     
         375         376   1.2798606617855188     
         376         377   1.2710401345820004     
         377         378   1.5777144776446499     
         378         379   1.2655345729148586     
         376         380   1.2517937642090986     
         379         380   1.2218415616698421     
         379         381   1.3354289098281995     
         381         382   1.0565421835039581     
         382         383   1.4059794495472655     
         383         384   1.4681070487594614     
         384         385   1.3739725989316107     
         385         386   1.1532882228698356     
         385         387   1.3745259670877374     
         382         388   1.4060658743344583     
         387         388   1.4668642499124711     
         381         389   1.3694982848830664     
         389         390   1.1639736723044218     
         390         391   1.6901939591341177     
         389         392   1.3525011049252533     
         391         393   1.1677071660442220     
         392         393   1.4156400330970160     
         155         394   1.2282455551277969     
         393         394   1.2822676037895089     
         394         395   1.2798726933521087     
         395         396   1.2709958953635532     
         396         397   1.5777657246564372     
         397         398   1.2654917565254262     
         395         399   1.2518250578870913     
         398         399   1.2218066379198709     
         398         400   1.3355046401479922     
         400         401   1.0565546797044629     
         401         402   1.4060318525268596     
         402         403   1.4668894876406620     
         403         404   1.3745084608219631     
         404         405   1.1533003230778029     
         404         406   1.3739761379850410     
         401         407   1.4060002598619106     
         406         407   1.4680916660968617     
         400         408   1.3694249778383314     
         408         409   1.1640121259348228     
         409         410   1.6901535127920628     
         375         411   1.2822598810136865     
         410         411   1.1677334346077402     
         408         412   1.3525310908825769     
         411         412   1.4156203952096134     
         377         413  0.99822964116462254     
         378         414  0.99849608921143129     
         380         415  0.96073033560474286     
         383         416  0.98966045982171058     
         384         417  0.98873465024449803     
         386         418  0.96979703898684111     
         386         419  0.97006850170863723     
         387         420  0.98876996742308154     
         388         421  0.98921572725434781     
         390         422  0.99913075807983487     
         391         423  0.99927023086082190     
         396         424  0.99822656872121707     
         397         425  0.99849477684390342     
         399         426  0.96072600929070484     
         402         427  0.98921495795009251     
         403         428  0.98876815720506128     
         405         429  0.96979548896467904     
         405         430  0.97006528570089312     
         406         431  0.98873629928286511     
         407         432  0.98966098559712501     
         409         433  0.99913085398052559     
         410         434  0.99927380258933407     
         162         435   1.2282438948548169     
         435         436   1.2798912889985714     
         436         437   1.2709943279407447     
         437         438   1.5777641035911498     
         438         439   1.2654896713447104     
         436         440   1.2518205614536386     
         439         440   1.2218098906797263     
         439         441   1.3355047214378439     
         441         442   1.0565448737618612     
         442         443   1.4060043720592192     
         443         444   1.4680893741609680     
         444         445   1.3739781697917468     
         445         446   1.1532960627470783     
         445         447   1.3745122347288798     
         442         448   1.4060377261542747     
         447         448   1.4668849427267114     
         441         449   1.3694242835461794     
         449         450   1.1640100518971908     
         450         451   1.6901531891411845     
         449         452   1.3525345812009790     
         451         453   1.1677356936902978     
         452         453   1.4156124108048420     
         163         454   1.2282704751937454     
         453         454   1.2822775366233325     
         454         455   1.2798429508292433     
         455         456   1.2710414921800297     
         456         457   1.5777139869696906     
         457         458   1.2655365208132521     
         455         459   1.2518012091371633     
         458         459   1.2218387062360772     
         458         460   1.3354296637147982     
         460         461   1.0565526021589640     
         461         462   1.4060604655782980     
         462         463   1.4668675371543065     
         463         464   1.3745236159767020     
         464         465   1.1532928819960555     
         464         466   1.3739692398876842     
         461         467   1.4059736263179365     
         466         467   1.4681112985885540     
         460         468   1.3694948227382708     
         468         469   1.1639785540365439     
         469         470   1.6901914736500372     
         435         471   1.2822473923386908     
         470         471   1.1677119798482940     
         468         472   1.3524972467106471     
         471         472   1.4156435096982891     
         437         473  0.99821941407673520     
         438         474  0.99849556453439325     
         440         475  0.96072671311301583     
         443         476  0.98966087998257435     
         444         477  0.98873631148752772     
         446         478  0.96979702595251305     
         446         479  0.97006617978640919     
         447         480  0.98876829986907733     
         448         481  0.98921444487040344     
         450         482  0.99913143782280911     
         451         483  0.99927186783174504     
         456         484  0.99823176855143603     
         457         485  0.99849507160031414     
         459         486  0.96072945113375097     
         462         487  0.98921575954107888     
         463         488  0.98876988239512165     
         465         489  0.96979599552857565     
         465         490  0.97006760867902175     
         466         491  0.98873433338571270     
         467         492  0.98966101373124493     
         469         493  0.99912948987587735     
         470         494  0.99927712841244876     
         170         495   1.2283637658287767     
         495         496   1.2797418979034689     
         496         497   1.2710844961381818     
         497         498   1.5776600298074217     
         498         499   1.2655084999556130     
         496         500   1.2518418434417862     
         499         500   1.2217129183293074     
         499         501   1.3355419594767632     
         501         502   1.0564538444500269     
         502         503   1.4060874647386978     
         503         504   1.4680306876677147     
         504         505   1.3740223331103678     
         505         506   1.1532103294873870     
         505         507   1.3745403933297997     
         502         508   1.4060808971255492     
         507         508   1.4668600409216737     
         501         509   1.3694197638690142     
         509         510   1.1640622745855218     
         510         511   1.6900003276045930     
         509         512   1.3524928797889577     
         511         513   1.1678710250242275     
         512         513   1.4156286877082866     
         171         514   1.2285448240413603     
         513         514   1.2821094876481121     
         514         515   1.2796069594631156     
         515         516   1.2712422774107319     
         516         517   1.5774706669432896     
         517         518   1.2656642609954118     
         515         519   1.2517902671386694     
         518         519   1.2218110421870791     
         518         520   1.3352882281006082     
         520         521   1.0564540846984527     
         521         522   1.4061639015088570     
         522         523   1.4667961511623615     
         523         524   1.3745812983330743     
         524         525   1.1531905721106612     
         524         526   1.3740012905591521     
         521         527   1.4060055728708711     
         526         527   1.4680904991592949     
         520         528   1.3696641630085069     
         528         529   1.1639323426072230     
         529         530   1.6901670185720410     
         495         531   1.2821529383408996     
         530         531   1.1677559730921505     
         528         532   1.3523924679720476     
         531         532   1.4156935753655024     
         497         533  0.99823215324084980     
         498         534  0.99851143948552756     
         500         535  0.96076847654608233     
         503         536  0.98966700136053998     
         504         537  0.98874703199899194     
         506         538  0.96982414458448130     
         506         539  0.97008886146144979     
         507         540  0.98877514249124387     
         508         541  0.98921981977960904     
         510         542  0.99915240934471439     
         511         543  0.99928787739165059     
         516         544  0.99825207443110064     
         517         545  0.99851498084119106     
         519         546  0.96077348409748564     
         522         547  0.98922362082714876     
         523         548  0.98878221880764072     
         525         549  0.96982099468723759     
         525         550  0.97009686935374972     
         526         551  0.98874033032628783     
         527         552  0.98966510706647415     
         529         553  0.99914581765909294     
         530         554  0.99927692628639653     
         178         555   1.2288139726519460     
         555         556   1.2793465584944010     
         556         557   1.2713920412733495     
         557         558   1.5772165178293907     
         558         559   1.2657102581618098     
         556         560   1.2518774154302785     
         559         560   1.2216197800442310     
         559         561   1.3352626573333333     
         561         562   1.0562501332242435     
         562         563   1.4062509539596677     
         563         564   1.4679068964713826     
         564         565   1.3741193302647980     
         565         566   1.1530197800042521     
         565         567   1.3746138514085040     
         562         568   1.4061973702763662     
         567         568   1.4667935423199032     
         561         569   1.3697929163972240     
         569         570   1.1640887489128886     
         570         571   1.6897849751543565     
         569         572   1.3521095726460237     
         571         573   1.1680532632378855     
         572         573   1.4158487788266694     
         179         574   1.2290425747280054     
         573         574   1.2815948195488123     
         574         575   1.2790583239687137     
         575         576   1.2715594687627298     
         576         577   1.5769739400907012     
         577         578   1.2658989576859061     
         575         579   1.2519005114503652     
         578         579   1.2215379342690897     
         578         580   1.3351890761135967     
         580         581   1.0562988950351897     
         581         582   1.4063054038160807     
         582         583   1.4666933677945457     
         583         584   1.3746662308218049     
         584         585   1.1530139609938450     
         584         586   1.3740697008699148     
         581         587   1.4060950181411362     
         586         587   1.4680351179478035     
         580         588   1.3698050970838096     
         588         589   1.1639627675144077     
         589         590   1.6899448766339702     
         555         591   1.2817607819212342     
         590         591   1.1679546863378809     
         588         592   1.3521735783148185     
         591         592   1.4158390791673825     
         557         593  0.99823967402451774     
         558         594  0.99854294076102590     
         560         595  0.96085560676701509     
         563         596  0.98968031440885218     
         564         597  0.98877114820205725     
         566         598  0.96988597534934096     
         566         599  0.97013625255446090     
         567         600  0.98878712441282113     
         568         601  0.98923022345270928     
         570         602  0.99919997973820407     
         571         603  0.99933516781856047     
         576         604  0.99828606736461789     
         577         605  0.99856457972182888     
         579         606  0.96085487522128399     
         582         607  0.98924176335267611     
         583         608  0.98880569286814890     
         585         609  0.96985888348215343     
         585         610  0.97014945347989467     
         586         611  0.98875165125963616     
         587         612  0.98967359954748790     
         589         613  0.99917280369134687     
         590         614  0.99929739632777470     
         186         615   1.2290729785371843     
         615         616   1.2793048164336576     
         616         617   1.2716165718958357     
         617         618   1.5769535459124766     
         618         619   1.2657449764779878     
         616         620   1.2516516702661182     
         619         620   1.2219899630049309     
         619         621   1.3347551455247539     
         621         622   1.0558672246663448     
         622         623   1.4064898168635740     
         623         624   1.4677164437737518     
         624         625   1.3742515779840376     
         625         626   1.1528570583733488     
         625         627   1.3747047554956222     
         622         628   1.4063327507056067     
         627         628   1.4667298860206557     
         621         629   1.3703946332423467     
         629         630   1.1635909145463823     
         630         631   1.6904278286184602     
         629         632   1.3522712890146844     
         631         633   1.1676214766179238     
         632         633   1.4150842955629428     
         187         634   1.2260048302642190     
         633         634   1.2828694757112493     
         634         635   1.2800369984102062     
         635         636   1.2708775037715974     
         636         637   1.5775978721163177     
         637         638   1.2653969456096898     
         635         639   1.2516340559078443     
         638         639   1.2210736448359221     
         638         640   1.3361730956302349     
         640         641   1.0558974797684570     
         641         642   1.4065369292494199     
         642         643   1.4665241844942511     
         643         644   1.3747749916145744     
         644         645   1.1529214440777109     
         644         646   1.3741388895939368     
         641         647   1.4062475699245900     
         646         647   1.4679675398247787     
         640         648   1.3691586822970407     
         648         649   1.1640267481515068     
         649         650   1.6896823671642802     
         615         651   1.2817523493902598     
         650         651   1.1681757261217680     
         648         652   1.3525994251214184     
         651         652   1.4156329688280018     
         617         653  0.99821725401670403     
         618         654  0.99853623716712014     
         620         655  0.96093842233559201     
         623         656  0.98969091170038870     
         624         657  0.98879800613494884     
         626         658  0.96995767816032641     
         626         659  0.97016478476462109     
         627         660  0.98877522340336699     
         628         661  0.98921800879820487     
         630         662  0.99924385813811134     
         631         663  0.99935075295864950     
         636         664  0.99831013300450477     
         637         665  0.99860756105764703     
         639         666  0.96090904444900493     
         642         667  0.98924522574773566     
         643         668  0.98882698370336408     
         645         669  0.96985725963448743     
         645         670  0.97018216176879069     
         646         671  0.98873775287876964     
         647         672  0.98965724604945504     
         649         673  0.99917445716443865     
         650         674  0.99926174307550319     
