   -0.03171357
    0.05855489
   -0.04156370
   -0.03639134
    0.05818157
   -0.16312921
    0.00653811
   -0.00612162
   -0.02488350
   -0.04107819
    0.05681708
   -0.30850512
   -0.04224800
   -0.02690311
    0.05468801
   -0.04084169
   -0.04203931
   -0.28946987
    0.06160618
    0.01093042
    0.06363679
   -0.03799477
   -0.03634197
    0.05779189
   -0.15969165
    0.00504266
   -0.00621182
   -0.02590678
   -0.04196464
    0.05668100
   -0.30818344
   -0.04159425
   -0.02614913
    0.05618768
   -0.04103815
   -0.04515443
    0.05527651
   -0.29376923
    0.01856931
    0.02980216
    0.02138966
    0.16018212
    0.01886459
    0.02588590
    0.16153235
    0.16239336
    0.02445304
    0.01797061
    0.01359410
    0.01864191
    0.02844350
    0.02245822
    0.15864540
    0.01716997
    0.02432557
    0.16134776
    0.16170773
    0.02567766
    0.01934458
    0.01241537
    0.02019261
   -0.03173178
    0.05853564
   -0.04158792
   -0.03641501
    0.05815828
   -0.16312238
    0.00655001
   -0.00608860
   -0.02491254
   -0.04110354
    0.05679467
   -0.30855552
   -0.04222206
   -0.02686799
    0.05467107
   -0.04088802
   -0.04203418
   -0.28950875
    0.06164106
    0.01083310
    0.06361440
   -0.03801266
   -0.03636959
    0.05778385
   -0.15972532
    0.00503171
   -0.00621539
   -0.02589628
   -0.04196488
    0.05668061
   -0.30817108
   -0.04161930
   -0.02615395
    0.05617865
   -0.04105731
   -0.04517400
    0.05525072
   -0.29378542
    0.01852476
    0.02976658
    0.02134560
    0.16018583
    0.01877549
    0.02579048
    0.16150162
    0.16232365
    0.02447216
    0.01801853
    0.01356207
    0.01861148
    0.02832406
    0.02243619
    0.15864070
    0.01717386
    0.02433474
    0.16137648
    0.16167812
    0.02561709
    0.01930078
    0.01238527
    0.02015973
   -0.02357646
   -0.02681362
   -0.02763266
   -0.02516777
   -0.03053230
   -0.02182558
   -0.02691893
   -0.02373301
   -0.03060536
   -0.02199369
   -0.02775129
   -0.02528601
    0.00717383
    0.06315714
   -0.04038295
   -0.03685841
    0.05603925
   -0.15937653
    0.00873177
   -0.00531699
   -0.02479436
   -0.04140342
    0.05669692
   -0.30865375
   -0.04175884
   -0.02588351
    0.05350279
   -0.04129287
   -0.04377811
   -0.29001820
    0.06101331
    0.00711806
    0.06317585
   -0.04033883
   -0.03683575
    0.05606545
   -0.15941312
    0.00871568
   -0.00534723
   -0.02591271
   -0.04180384
    0.05673746
   -0.30858712
   -0.04138228
   -0.02475567
    0.05351651
   -0.04125755
   -0.04379713
    0.06095989
   -0.28999765
    0.02585106
    0.02064649
    0.15876429
    0.01808844
    0.02457665
    0.16123658
    0.16101358
    0.02463639
    0.01888519
    0.01183112
    0.01600160
    0.02581853
    0.02068401
    0.15875552
    0.01880358
    0.02456295
    0.16134655
    0.16103212
    0.02467264
    0.01816637
    0.01183093
    0.01601687
