           2           3   1.3835597622903359     
           3           4   1.1978113337995726     
           4           5   1.6414035928565727     
           5           6   1.2049659019171042     
           1           7  0.60562604999283409     
           3           7   1.2735433338327191     
           6           7   1.2630000293480075     
           6           8   1.3657687732919652     
           8           9   1.0517106422265803     
           9          10   1.4165155020968538     
          10          11   1.4631597347387719     
          11          12   1.3821122447721659     
          12          13   1.1251308566658502     
          13          14   2.9603936598082803     
          12          15   1.3818391858912646     
           9          16   1.4165905548258746     
          15          16   1.4634186614883700     
           8          17   1.3571436210421226     
          17          18   1.2193128025135693     
          18          19   1.6153435679731090     
           1          20  0.60148887908979287     
          17          20   1.2545859107888306     
          19          21   1.2295010184895192     
          20          21   1.3015074126932378     
          21          22   1.2816044063361081     
          22          23   1.2815529343250807     
          23          24   1.2297528488345268     
          24          25   1.6150766740059883     
          25          26   1.2194692475132582     
           1          27  0.60152162703983036     
          23          27   1.3014886424599419     
          26          27   1.2545690943198360     
          26          28   1.3567563165204088     
          28          29   1.0527120298438153     
          29          30   1.4159729559132610     
          30          31   1.4634184601473599     
          31          32   1.3819522513738534     
          32          33   1.1251995345980110     
          33          34   2.9603074847870521     
          32          35   1.3817454826260953     
          29          36   1.4162249391892601     
          35          36   1.4635627064669003     
          28          37   1.3654567851852650     
          37          38   1.2049405331712748     
          38          39   1.6413964192888812     
           2          40   1.3837550301895809     
          39          40   1.1978023469028214     
           1          41  0.60591062013820851     
          37          41   1.2631564745275794     
          40          41   1.2733319170644455     
           2          42  0.99740765170499224     
           4          43  0.99371824713504520     
           5          44  0.99914398197434007     
          10          45  0.98709473437060746     
          11          46  0.98574245341747047     
          15          47  0.98547668997803350     
          16          48  0.98688748626651301     
          18          49  0.99818352282777489     
          19          50  0.99943268309165711     
          24          51  0.99934503450301082     
          25          52  0.99814225681801860     
          30          53  0.98714869111435410     
          31          54  0.98575065935964856     
          35          55  0.98548613095620452     
          36          56  0.98693186878220451     
          38          57  0.99909599232334412     
          39          58  0.99371398541279676     
          60          61   1.3842370223123657     
          61          62   1.1972118072629785     
          62          63   1.6426687594330436     
          63          64   1.2041458694489262     
          59          65  0.59955180811009268     
          61          65   1.2744368436705400     
          64          65   1.2660061283779278     
          64          66   1.3649075922019176     
          66          67   1.0513117314353031     
          67          68   1.4165943456778949     
          68          69   1.4631408583129113     
          69          70   1.3821015562207390     
          70          71   1.1250946564436790     
          71          72   2.9604916779246992     
          70          73   1.3820270255741594     
          67          74   1.4168341634353281     
          73          74   1.4632342193634251     
          66          75   1.3585033999042753     
          75          76   1.2165660121696680     
          76          77   1.6199195775437691     
          59          78  0.59639934784838389     
          75          78   1.2572031520657190     
          77          79   1.2262107992261584     
          78          79   1.3003325489208937     
          79          80   1.2880579555369023     
          80          81   1.2881331703135113     
          81          82   1.2263430082790436     
          82          83   1.6197738735457874     
          83          84   1.2166735524325376     
          59          85  0.59628221673009940     
          81          85   1.3003115259114006     
          84          85   1.2572260112847049     
          84          86   1.3582192385761598     
          86          87   1.0521802375602336     
          87          88   1.4160056296911050     
          88          89   1.4634554681248864     
          89          90   1.3818996619829362     
          90          91   1.1251437721628788     
          91          92   2.9604452580300280     
          90          93   1.3820212883981273     
          87          94   1.4166371985786579     
          93          94   1.4632733784102696     
          86          95   1.3645684138613774     
          95          96   1.2041117424079117     
          96          97   1.6426462357754996     
          60          98   1.3844439313418242     
          97          98   1.1972207857359718     
          59          99  0.59989676619559962     
          95          99   1.2662150130342247     
          98          99   1.2741851174730217     
          60         100  0.99744744925720430     
          62         101  0.99368041357980974     
          63         102  0.99907813224424180     
          68         103  0.98704189776216456     
          69         104  0.98572105036869684     
          73         105  0.98542803745230267     
          74         106  0.98682750120889606     
          76         107  0.99810201625282113     
          77         108  0.99904652493155754     
          82         109  0.99899397245551935     
          83         110  0.99806460468045666     
          88         111  0.98708466232490533     
          89         112  0.98570937294771122     
          93         113  0.98545674996680954     
          94         114  0.98687617334316313     
          96         115  0.99904104737241806     
          97         116  0.99367565068855968     
          22         118   1.2373631709183599     
         117         118   2.4780944446918185     
         117         119   1.3427724765545361     
         118         120  0.17350747267637462     
         119         120   2.4763522367041477     
         121         122   2.4879586609903543     
         121         123   1.3318080248890474     
          80         124   1.2256614504526069     
         122         124  0.17425964393803312     
         123         124   2.4904224662544938     
         120         126   1.2394872486368260     
         126         127   1.2772745084630650     
         127         128   1.2313454360949738     
         128         129   1.6124720401799399     
         129         130   1.2219026587054089     
         125         131  0.61610167895317491     
         127         131   1.3018993768920772     
         130         131   1.2450357470539350     
         130         132   1.3615450947463008     
         132         133   1.0517317584017916     
         133         134   1.4168217576407716     
         134         135   1.4632945623395324     
         135         136   1.3819682882981528     
         136         137   1.1252265865535940     
         137         138   2.9601888289579037     
         136         139   1.3821366437650104     
         133         140   1.4169633219333391     
         139         140   1.4631400426733745     
         132         141   1.3628495691957441     
         141         142   1.2203481652903334     
         142         143   1.6151551664215202     
         125         144  0.61688835235762118     
         141         144   1.2451850506048301     
         143         145   1.2290842211576478     
         144         145   1.2997677144554416     
         122         146   1.2280868385444159     
         145         146   1.2822805348713995     
         146         147   1.2825066690098561     
         147         148   1.2291156348496981     
         148         149   1.6151697684314161     
         149         150   1.2203578895536353     
         125         151  0.61686040148593069     
         147         151   1.2996506056906787     
         150         151   1.2452472625443318     
         150         152   1.3626546111606652     
         152         153   1.0525387958909658     
         153         154   1.4164339081446409     
         154         155   1.4634660564260682     
         155         156   1.3818746357230309     
         156         157   1.1252723809846923     
         157         158   2.9601543567049173     
         156         159   1.3820512602440596     
         153         160   1.4166209932075036     
         159         160   1.4632868426612069     
         152         161   1.3611913900899100     
         161         162   1.2220063557535614     
         162         163   1.6122910252380105     
         126         164   1.2768495621840610     
         163         164   1.2314414644038125     
         125         165  0.61620195183524262     
         161         165   1.2451580885842046     
         164         165   1.3019429476748452     
         128         166  0.99959165602192002     
         129         167  0.99885014485262136     
         134         168  0.98712364905488459     
         135         169  0.98569357691869752     
         139         170  0.98566623845836909     
         140         171  0.98711238111488386     
         142         172  0.99883414806105431     
         143         173  0.99931648240262716     
         148         174  0.99930212870600144     
         149         175  0.99880847686349583     
         154         176  0.98715300536230943     
         155         177  0.98568065674645255     
         159         178  0.98568076313962094     
         160         179  0.98715987857470722     
         162         180  0.99879361180418846     
         163         181  0.99962697024378977     
