   -0.06404459
   -0.01565954
    0.06374613
   -0.03838184
   -0.03582999
    0.06536994
   -0.16925435
    0.01474232
    0.06453404
   -0.03438771
   -0.03603794
   -0.16740733
    0.06983650
    0.02374438
    0.06989810
   -0.03600273
   -0.03424522
    0.06450543
    0.01440983
    0.00740105
   -0.02287666
   -0.02811011
   -0.02975560
   -0.02762774
   -0.02217516
    0.06534681
   -0.03576561
   -0.03831746
    0.06375605
   -0.16925364
   -0.16732952
    0.00751916
   -0.02302334
   -0.02805364
   -0.02994317
   -0.02773788
   -0.02250397
    0.02874807
    0.03057557
    0.02295635
    0.02448318
    0.02847144
    0.02847250
    0.02416896
    0.02221206
    0.02795006
    0.02810889
    0.02889109
    0.02307189
    0.02266228
    0.03059051
    0.02223061
    0.02799331
    0.02802093
    0.02864291
    0.02288032
   -0.06405724
   -0.01567042
    0.06375971
   -0.03837506
   -0.03582235
    0.06537044
   -0.16928063
    0.01474308
    0.06453728
   -0.03438454
   -0.03603540
   -0.16738787
    0.06984083
    0.02375641
    0.06986489
   -0.03600230
   -0.03424135
    0.06452226
    0.01438719
    0.00738950
   -0.02285772
   -0.02811536
   -0.02974574
   -0.02762687
   -0.02216948
    0.06534415
   -0.03575135
   -0.03831015
    0.06376585
   -0.16928764
   -0.16730770
    0.00751505
   -0.02300974
   -0.02805711
   -0.02994288
   -0.02774206
   -0.02251012
    0.02874271
    0.03058059
    0.02296270
    0.02448203
    0.02846957
    0.02846215
    0.02416053
    0.02218764
    0.02795476
    0.02811466
    0.02889781
    0.02307205
    0.02264876
    0.03060557
    0.02219806
    0.02799529
    0.02801946
    0.02863922
    0.02287181
   -0.01412462
   -0.01459365
   -0.01867730
   -0.01393631
   -0.01881042
   -0.01324738
   -0.01408332
   -0.01410194
   -0.01845510
   -0.01339527
   -0.01848689
   -0.01339214
   -0.01461633
   -0.01412860
   -0.01883583
   -0.01325872
   -0.01867458
   -0.01394791
   -0.06078028
    0.02354375
    0.06987480
   -0.03616637
   -0.03381229
    0.06443894
   -0.16617468
    0.01660295
    0.06445018
   -0.03367304
   -0.03596253
   -0.16613701
    0.07008035
    0.02368992
    0.07007495
   -0.03595562
   -0.03368322
    0.06445645
    0.01658034
    0.00754125
   -0.02204247
   -0.02754212
   -0.02922036
   -0.02747422
   -0.02199418
    0.06444722
   -0.03382673
   -0.03618757
    0.06981963
   -0.16619041
   -0.16614109
    0.00754717
   -0.02203962
   -0.02752729
   -0.02921659
   -0.02747095
   -0.02199464
    0.02815140
    0.02391875
    0.02412681
    0.02848131
    0.02849755
    0.02412274
    0.02316214
    0.02891190
    0.02852406
    0.02908620
    0.02330230
    0.02390884
    0.02811965
    0.02318386
    0.02892884
    0.02853010
    0.02908624
    0.02330059
   -0.06046803
    0.02364709
    0.07003317
   -0.03595541
   -0.03365706
    0.06440894
   -0.16609754
    0.01651796
    0.06441109
   -0.03380893
   -0.03618117
   -0.16615115
    0.06978418
    0.02350670
    0.06982148
   -0.03616332
   -0.03378121
    0.06439444
    0.01653183
    0.00751138
   -0.02197078
   -0.02747844
   -0.02918781
   -0.02753531
   -0.02199708
    0.06441418
   -0.03365076
   -0.03596179
    0.07003050
   -0.16608987
   -0.16612894
    0.00750661
   -0.02195467
   -0.02748362
   -0.02919761
   -0.02755380
   -0.02202629
    0.02847524
    0.02405884
    0.02386592
    0.02810749
    0.02814010
    0.02385462
    0.02327077
    0.02909647
    0.02854105
    0.02894746
    0.02316317
    0.02407968
    0.02847001
    0.02329071
    0.02911005
    0.02853523
    0.02892374
    0.02313278
