   -0.08454508
   -0.02021587
    0.05997872
   -0.04319520
   -0.04033173
    0.06146835
   -0.17450648
    0.01005894
    0.06098087
   -0.03859711
   -0.04013661
   -0.17232483
    0.06663929
    0.01957432
    0.06654377
   -0.04030898
   -0.03879863
    0.06093308
    0.01036301
    0.00724900
   -0.02554662
   -0.00189920
   -0.06090788
   -0.03290385
   -0.00184791
   -0.06091393
   -0.02557329
    0.06147677
   -0.04053928
   -0.04324805
    0.06001514
   -0.17462475
   -0.17232958
    0.00695985
   -0.02539992
   -0.00204814
   -0.06093370
   -0.03270957
   -0.00171920
   -0.06079263
   -0.02523375
    0.02122207
    0.02323260
    0.01494421
    0.01716128
    0.02234535
    0.02204578
    0.01738447
    0.02202281
    0.01756756
    0.02284413
    0.02029036
    0.02679836
    0.01908035
    0.01835956
    0.02390255
    0.02225048
    0.01526825
    0.02316177
    0.02171123
    0.01796428
    0.01952452
    0.02287711
    0.02687145
    0.02174974
    0.01867793
    0.02147119
    0.02248507
   -0.08454258
   -0.02021499
    0.05996840
   -0.04319547
   -0.04033504
    0.06147609
   -0.17451122
    0.01005269
    0.06099096
   -0.03858876
   -0.04012550
   -0.17230208
    0.06665178
    0.01956920
    0.06652955
   -0.04032323
   -0.03879885
    0.06092452
    0.01037097
    0.00723744
   -0.02555040
   -0.00190623
   -0.06090527
   -0.03290928
   -0.00185324
   -0.06091110
   -0.02557068
    0.06148262
   -0.04053794
   -0.04325107
    0.06000999
   -0.17462359
   -0.17233690
    0.00695930
   -0.02540594
   -0.00205086
   -0.06093532
   -0.03271196
   -0.00171689
   -0.06078993
   -0.02522613
    0.02122464
    0.02323070
    0.01494758
    0.01715915
    0.02235288
    0.02204296
    0.01738644
    0.02200361
    0.01756426
    0.02284992
    0.02028315
    0.02678721
    0.01907890
    0.01836009
    0.02390520
    0.02224307
    0.01527346
    0.02316192
    0.02170508
    0.01797370
    0.01951702
    0.02287121
    0.02686755
    0.02175352
    0.01866769
    0.02148553
    0.02249120
   -0.01428875
   -0.02335629
   -0.01641038
   -0.01925159
   -0.01926095
   -0.01639514
   -0.02335313
   -0.01428794
