           2           3   1.3944141167053579     
           3           4   1.2039309643540461     
           4           5   1.6376606574455099     
           5           6   1.2097110230949544     
           1           7  0.87475350982359168     
           3           7   1.2214469356124231     
           6           7   1.2268321643071545     
           6           8   1.3642107939746415     
           8           9   1.0487232532063693     
           9          10   1.4394654142250138     
          10          11   1.4079137089990474     
          11          12   1.0347435563301599     
          12          13   1.2105185057610217     
          12          14   1.8208815981127100     
          13          14  0.18427384942291233     
          11          15   1.4013094238481401     
          15          16   1.4535298112955155     
           9          17   1.4180906242009781     
          16          17   1.4454174995073246     
           8          18   1.3700922716910067     
          18          19   1.2163422828148718     
          19          20   1.6229941221885922     
           1          21  0.86689931969619349     
          18          21   1.2161272957795854     
          20          22   1.2273266382070964     
          21          22   1.2461346324936065     
          22          23   1.3027475918686440     
          23          24   1.3044705506784515     
          24          25   1.2267406025056902     
          25          26   1.6238372875997118     
          26          27   1.2158885889253406     
           1          28  0.86617872989178046     
          24          28   1.2460289478781135     
          27          28   1.2160442253224746     
          27          29   1.3714586681584580     
          29          30   1.0477254157532596     
          30          31   1.4202399566511803     
          31          32   1.4436516967341770     
          32          33   1.4560318678846971     
          33          34   1.4015599651400650     
          34          35   1.0356468736119435     
          35          36   1.2127965973233317     
          35          37   1.8177407202134224     
          36          37  0.18350952487739269     
          30          38   1.4371979830121620     
          34          38   1.4078796306915509     
          29          39   1.3635915833316790     
          39          40   1.2103193655671360     
          40          41   1.6368886485702026     
           2          42   1.3940801932076201     
          41          42   1.2043479709097897     
           1          43  0.87459741100792521     
          39          43   1.2272707397761098     
          42          43   1.2213458666736026     
           2          44  0.99530556668393944     
           4          45  0.99215799830301721     
           5          46  0.99735751429445163     
          10          47  0.99507835164037983     
          13          48  0.94336517972854683     
          15          49  0.98682299891042247     
          16          50  0.98128497392011960     
          17          51  0.98894512283512559     
          19          52  0.99730824046891586     
          20          53  0.99790879319581571     
          25          54  0.99767978156300874     
          26          55  0.99733118216970884     
          31          56  0.98880585869660287     
          32          57  0.98126543932388477     
          33          58  0.98655890101554700     
          36          59  0.94326113151142399     
          38          60  0.99556386058294699     
          40          61  0.99765794084695203     
          41          62  0.99224028037959522     
          64          65   1.3934541908963252     
          65          66   1.2039570528481860     
          66          67   1.6379160151531800     
          67          68   1.2093492392094047     
          63          69  0.87353771767454325     
          65          69   1.2229558267645031     
          68          69   1.2262006995465831     
          68          70   1.3656037688515181     
          70          71   1.0479040422168782     
          71          72   1.4399011220928923     
          72          73   1.4076800271378271     
          73          74   1.0348269358892814     
          74          75   1.2103221138515969     
          74          76   1.8209739233950384     
          75          76  0.18422705907898235     
          73          77   1.4013332523361162     
          77          78   1.4536375307251450     
          71          79   1.4184553256700940     
          78          79   1.4453138617722954     
          70          80   1.3694185736385258     
          80          81   1.2164430575174279     
          81          82   1.6231475083181117     
          63          83  0.86581486877805858     
          80          83   1.2174853658828197     
          82          84   1.2270815713246821     
          83          84   1.2456862921093428     
          84          85   1.3042981379239018     
          85          86   1.3032218079484108     
          86          87   1.2268562839085340     
          87          88   1.6240306593474254     
          88          89   1.2155745928883361     
          63          90  0.86468415525674713     
          86          90   1.2482655938683591     
          89          90   1.2151129119025390     
          89          91   1.3731157581038540     
          91          92   1.0472548296314208     
          92          93   1.4207321657365815     
          93          94   1.4433917983004143     
          94          95   1.4561877016121283     
          95          96   1.4015892270340740     
          96          97   1.0354694386322811     
          97          98   1.2129535425772637     
          97          99   1.8178556559219285     
          98          99  0.18355795868519587     
          92         100   1.4371262909874096     
          96         100   1.4080660601263471     
          91         101   1.3624593611985767     
         101         102   1.2105249563258138     
         102         103   1.6369216256318218     
          64         104   1.3951791932648872     
         103         104   1.2040290334607429     
          63         105  0.87382880215303793     
         101         105   1.2287380175748985     
         104         105   1.2206684816904443     
          64         106  0.99536593947233520     
          66         107  0.99212209159739051     
          67         108  0.99734503108702754     
          72         109  0.99508195381047071     
          75         110  0.94340608193930009     
          77         111  0.98683320397204344     
          78         112  0.98137442665599528     
          79         113  0.98891599235280214     
          81         114  0.99740077470096711     
          82         115  0.99784785637543116     
          87         116  0.99789395196487296     
          88         117  0.99733240003932788     
          93         118  0.98888712316714289     
          94         119  0.98134397858590583     
          95         120  0.98652935100662131     
          98         121  0.94316722400667130     
         100         122  0.99549128482474358     
         102         123  0.99772486143530248     
         103         124  0.99226083890587691     
          23         126   1.2134214250082564     
         125         126   2.5087084953176619     
         125         127   1.3267308615090965     
         126         128  0.18909963256206774     
         127         128   2.5069887833939806     
         129         130   2.5018467201088121     
         129         131   1.3309041852922037     
         130         132  0.18943032478312730     
         131         132   2.5016624256465012     
         133         134   2.5070060241103729     
         133         135   1.3266644866307087     
          85         136   1.2132440666201010     
         134         136  0.18903809569220234     
         135         136   2.5090783110394832     
         128         138   1.2162836446505487     
         138         139   1.2979552170796662     
         139         140   1.2289452551400590     
         140         141   1.6219620634137766     
         141         142   1.2178303132211643     
         137         143  0.86667144253184658     
         139         143   1.2513828591563876     
         142         143   1.2130743712550722     
         142         144   1.3712890282826879     
         144         145   1.0472902357234291     
         145         146   1.4404433999515001     
         146         147   1.4077426983789618     
         147         148   1.0339095123732855     
         148         149   1.2112161976542046     
         148         150   1.8215051639103796     
         149         150  0.18450416931565825     
         147         151   1.4018359698627088     
         151         152   1.4536342779324933     
         145         153   1.4188268479725790     
         152         153   1.4455169806293413     
         144         154   1.3633493787450277     
         154         155   1.2196404000188792     
         155         156   1.6204106131432388     
         137         157  0.86639504361008690     
         154         157   1.2197941360776545     
         156         158   1.2284699050270105     
         157         158   1.2451115128288690     
         130         159   1.2187874886024657     
         158         159   1.3022670407582424     
         159         160   1.2958971670960227     
         160         161   1.2288538632756487     
         161         162   1.6219691694829055     
         162         163   1.2178688094953869     
         137         164  0.86541649801874032     
         160         164   1.2536309029261117     
         163         164   1.2116821204939650     
         163         165   1.3735397220911676     
         165         166   1.0470885556004523     
         166         167   1.4202723797922208     
         167         168   1.4440632074739450     
         168         169   1.4557715414442138     
         169         170   1.4024217554070721     
         170         171   1.0345979213141214     
         171         172   1.2142011539343243     
         171         173   1.8182806839350969     
         172         173  0.18388036427200966     
         166         174   1.4380804248089447     
         170         174   1.4079388579263896     
         165         175   1.3610798369779389     
         175         176   1.2206485364643687     
         176         177   1.6191701638592577     
         138         178   1.3027725298382398     
         177         178   1.2292154699325488     
         137         179  0.86628581990734876     
         175         179   1.2211974418560549     
         178         179   1.2436547780109293     
         140         180  0.99751143358694194     
         141         181  0.99688709058103619     
         146         182  0.99501481940800285     
         149         183  0.94312480187424175     
         151         184  0.98679657805490051     
         152         185  0.98145417775823629     
         153         186  0.98891865243335086     
         155         187  0.99778329200562721     
         156         188  0.99765328603291126     
         161         189  0.99768563095081741     
         162         190  0.99711635130196641     
         167         191  0.98899301359861536     
         168         192  0.98155221947855487     
         169         193  0.98653518544190766     
         172         194  0.94269623602054275     
         174         195  0.99544470695339549     
         176         196  0.99792282602750093     
         177         197  0.99798786011807838     
         132         199   1.2189703753279442     
         199         200   1.2967308940045277     
         200         201   1.2281425371515324     
         201         202   1.6228701664295146     
         202         203   1.2170031600459821     
         198         204  0.86765900027824394     
         200         204   1.2525670275879188     
         203         204   1.2105449220911602     
         203         205   1.3743927902071129     
         205         206   1.0484004036250063     
         206         207   1.4405623370560712     
         207         208   1.4075550606930494     
         208         209   1.0341497183757191     
         209         210   1.2107899360985297     
         209         211   1.8217611156706590     
         210         211  0.18447707564038313     
         208         212   1.4020997577734113     
         212         213   1.4531203758680604     
         206         214   1.4177096756960648     
         213         214   1.4460884973802370     
         205         215   1.3590226184162084     
         215         216   1.2209935337851390     
         216         217   1.6186026762736907     
         198         218  0.86832497554807220     
         215         218   1.2214326964799833     
         217         219   1.2294402638520836     
         218         219   1.2415534387671345     
         134         220   1.2164876602372923     
         219         220   1.3029716055979430     
         220         221   1.2973837069284637     
         221         222   1.2301825335407655     
         222         223   1.6200642824025977     
         223         224   1.2190698310801003     
         198         225  0.86744706538083050     
         221         225   1.2499541517612565     
         224         225   1.2129536765618858     
         224         226   1.3693065222833529     
         226         227   1.0494907294365727     
         227         228   1.4191674930841156     
         228         229   1.4444858329646493     
         229         230   1.4555109570249918     
         230         231   1.4021506404833721     
         231         232   1.0346958770322523     
         232         233   1.2137564756106396     
         232         234   1.8183642700845382     
         233         234  0.18379904452693271     
         227         235   1.4368966616071421     
         231         235   1.4082480393587409     
         226         236   1.3635681940378184     
         236         237   1.2199240041947437     
         237         238   1.6198131260152775     
         199         239   1.3011970523523608     
         238         239   1.2289265119316488     
         198         240  0.86809430546667266     
         236         240   1.2183166156363585     
         239         240   1.2446125804495678     
         201         241  0.99759492508743375     
         202         242  0.99689464513993387     
         207         243  0.99500790019720198     
         210         244  0.94312215025346857     
         212         245  0.98686143867319387     
         213         246  0.98142809374495488     
         214         247  0.98901364687598503     
         216         248  0.99788604855059626     
         217         249  0.99810045513918377     
         222         250  0.99768880645356250     
         223         251  0.99718619400300224     
         228         252  0.98911024114176971     
         229         253  0.98136459500627782     
         230         254  0.98650329508477652     
         233         255  0.94298796994997247     
         235         256  0.99553019205486548     
         237         257  0.99772328984857273     
         238         258  0.99774790856585671     
