           2           3   1.3860362157651918     
           3           4   1.1975573777933455     
           4           5   1.6436559526874057     
           5           6   1.2060885097393137     
           1           7  0.60750821570145419     
           3           7   1.2721099652685115     
           6           7   1.2653496446109653     
           6           8   1.3673615061486866     
           8           9   1.0480134585210303     
           9          10   1.4147242650927963     
          10          11   1.3923131638501098     
          11          12   1.1242756188932084     
          11          13   1.3582901513451138     
          13          14   1.0896482733243811     
          13          15   1.3691118221741958     
          15          16   1.0937937219786262     
           9          17   1.4071325034124209     
          15          17   1.3998593569553046     
           8          18   1.3621500642509137     
          18          19   1.2179294547599691     
          19          20   1.6209433480009472     
           1          21  0.60378196289665198     
          18          21   1.2561035849821482     
          20          22   1.2264876954554673     
          21          22   1.2984631642428435     
          22          23   1.2866771160734565     
          23          24   1.2883109121960670     
          24          25   1.2251418354158099     
          25          26   1.6231136907178969     
          26          27   1.2168075874065098     
           1          28  0.60399426077593998     
          24          28   1.2983453342165079     
          27          28   1.2552562297945575     
          27          29   1.3644770302065583     
          29          30   1.0460073265446961     
          30          31   1.4158752595719684     
          31          32   1.3920043394860415     
          32          33   1.1250161382190718     
          32          34   1.3581367147753680     
          34          35   1.0891776601255565     
          34          36   1.3698579224370131     
          36          37   1.0928641081597290     
          30          38   1.4079497385127206     
          36          38   1.3993132285674528     
          29          39   1.3664083933257305     
          39          40   1.2067217645402308     
          40          41   1.6420963388728886     
           2          42   1.3851843269599655     
          41          42   1.1984953918889882     
           1          43  0.60705801202968568     
          39          43   1.2658828188414293     
          42          43   1.2722872999148671     
           2          44  0.99770238600420347     
           4          45  0.99362704132343438     
           5          46   1.0001983205187888     
          10          47  0.99354416513328669     
          12          48  0.96383484283812515     
          14          49  0.96119025301099847     
          16          50  0.96231873887040642     
          17          51  0.99228166027957110     
          19          52  0.99946372971876551     
          20          53  0.99894541652428137     
          25          54  0.99887297202630254     
          26          55  0.99947590274283071     
          31          56  0.99328754703845112     
          33          57  0.96369717977719094     
          35          58  0.96149399038967653     
          37          59  0.96283437056678167     
          38          60  0.99229969128988949     
          40          61   1.0004364724037669     
          41          62  0.99368327077738028     
          64          65   1.3861744663020692     
          65          66   1.1977390784983113     
          66          67   1.6434556982256920     
          67          68   1.2062282504231192     
          63          69  0.60831534448100988     
          65          69   1.2717592137156655     
          68          69   1.2652287666575768     
          68          70   1.3671899596090940     
          70          71   1.0485939785718401     
          71          72   1.4143345852531561     
          72          73   1.3925166582583326     
          73          74   1.1242923674837195     
          73          75   1.3581494612947518     
          75          76   1.0896725695252707     
          75          77   1.3691438546145027     
          77          78   1.0936847268009326     
          71          79   1.4069710941563867     
          77          79   1.3999370539066094     
          70          80   1.3619617996991191     
          80          81   1.2180739195974635     
          81          82   1.6207664227228271     
          63          83  0.60444340157961463     
          80          83   1.2560362504138545     
          82          84   1.2266662901941692     
          83          84   1.2980856995473122     
          84          85   1.2868533660812931     
          85          86   1.2885708611520190     
          86          87   1.2251945578539900     
          87          88   1.6231578698368385     
          88          89   1.2168401577640700     
          63          90  0.60498968241202256     
          86          90   1.2979077238516439     
          89          90   1.2551119591542679     
          89          91   1.3644671051734194     
          91          92   1.0466342318037420     
          92          93   1.4156608021356576     
          93          94   1.3919800485318499     
          94          95   1.1251880384962212     
          94          96   1.3580210581224643     
          96          97   1.0894955637255426     
          96          98   1.3696261511627652     
          98          99   1.0930052587496455     
          92         100   1.4074871266012863     
          98         100   1.3994715762326437     
          91         101   1.3660965699675813     
         101         102   1.2068912492550952     
         102         103   1.6418883188647300     
          64         104   1.3852300152390991     
         103         104   1.1986727529687917     
          63         105  0.60769382196820954     
         101         105   1.2658659918345943     
         104         105   1.2720156377933263     
          64         106  0.99767878458368631     
          66         107  0.99360696928873460     
          67         108   1.0001571858053413     
          72         109  0.99355385424559695     
          74         110  0.96383783443072413     
          76         111  0.96122101980004171     
          78         112  0.96235245105015044     
          79         113  0.99231241954930105     
          81         114  0.99940954831270945     
          82         115  0.99890639475082299     
          87         116  0.99881407845811154     
          88         117  0.99938143576998784     
          93         118  0.99331274600458130     
          95         119  0.96360408983157886     
          97         120  0.96140201804694436     
          99         121  0.96280565709740640     
         100         122  0.99232514972449393     
         102         123   1.0003899219396186     
         103         124  0.99365515853428710     
          23         125   1.2301205638793358     
         125         126   2.4520961595435180     
         126         127   1.3719459360554571     
         125         128  0.16339264572591131     
         127         128   2.3301088427270975     
         128         129   1.4015486747086199     
         127         130  0.15734794838344035     
         129         130   2.3280707485379302     
         130         131   1.3751225400070051     
         129         132  0.16265145373325718     
         131         132   2.4454029526713232     
         133         134   2.4420944280657859     
         134         135   1.3780082274705714     
         133         136  0.16179809065749717     
         135         136   2.3232121076395393     
         136         137   1.4058839027618546     
         135         138  0.15617485839068623     
         137         138   2.3232002114200103     
         138         139   1.3779900503261882     
         137         140  0.16178859645723062     
         139         140   2.4420855274606494     
         141         142   2.4458510635745712     
         142         143   1.3748849559795517     
         141         144  0.16274964661618391     
         143         144   2.3284422860584462     
         144         145   1.4013249361677833     
         143         146  0.15744660063589619     
         145         146   2.3304493611255990     
         146         147   1.3717309293193409     
          85         148   1.2298845613835105     
         145         148  0.16347557960063924     
         147         148   2.4524263750581534     
         132         150   1.2357858415321068     
         150         151   1.2793618747517228     
         151         152   1.2303101298940207     
         152         153   1.6150846005333830     
         153         154   1.2227102105655814     
         149         155  0.62133668079269211     
         151         155   1.2989684586278396     
         154         155   1.2452890430578980     
         154         156   1.3647605379826071     
         156         157   1.0506036075326013     
         157         158   1.4134084429163840     
         158         159   1.3940292507719063     
         159         160   1.1164793147447962     
         159         161   1.3542261961291793     
         161         162   1.1152690687950826     
         161         163   1.3583955232270435     
         163         164   1.0898007981171101     
         157         165   1.4045102594531294     
         163         165   1.4070840979846420     
         156         166   1.3635802482264350     
         166         167   1.2229694803080622     
         167         168   1.6147030673882623     
         149         169  0.62117536228942372     
         166         169   1.2457676254771117     
         168         170   1.2308464987464431     
         169         170   1.2995136485696324     
         133         171   1.2383598756326106     
         170         171   1.2784638276026490     
         171         172   1.2800706209212365     
         172         173   1.2295998159866646     
         173         174   1.6165104986122343     
         174         175   1.2216818633511870     
         149         176  0.62219444907627897     
         172         176   1.2985908660686458     
         175         176   1.2457586086042123     
         175         177   1.3641853915048194     
         177         178   1.0490993199347141     
         178         179   1.4142890426473251     
         179         180   1.3893870405296149     
         180         181   1.1325748676462901     
         180         182   1.3652434832416418     
         182         183   1.0496923188669400     
         182         184   1.3782376787132837     
         184         185   1.1122265733393957     
         178         186   1.4150427519953837     
         184         186   1.3904570585788902     
         177         187   1.3658367927461836     
         187         188   1.2214023882188751     
         188         189   1.6169250931522678     
         150         190   1.2804024978838005     
         189         190   1.2290516507519373     
         149         191  0.62137718713900492     
         187         191   1.2448415058575826     
         190         191   1.2987728384206334     
         152         192  0.99907223883931240     
         153         193   1.0000471170340779     
         158         194  0.99331429607371724     
         160         195  0.96422858589088611     
         162         196  0.96183252360465998     
         164         197  0.96193476981922366     
         165         198  0.99266804966039979     
         167         199  0.99983821828231834     
         168         200  0.99892826938855206     
         173         201  0.99897252928503177     
         174         202  0.99967252922457150     
         179         203  0.99290713756477478     
         181         204  0.96265554933167774     
         183         205  0.96034232817010134     
         185         206  0.96690643782599561     
         186         207  0.99284492252253120     
         188         208  0.99992112815007395     
         189         209  0.99907276331074291     
         140         211   1.2383428364787401     
         211         212   1.2784694814303064     
         212         213   1.2313960481106119     
         213         214   1.6138920484873713     
         214         215   1.2235835604291561     
         210         216  0.62213536451999207     
         212         216   1.2987450319691669     
         215         216   1.2460499527217739     
         215         217   1.3624894381871777     
         217         218   1.0514837731851183     
         218         219   1.4129405193283520     
         219         220   1.3941706890317123     
         220         221   1.1163266286014593     
         220         222   1.3541806996704029     
         222         223   1.1155508463973458     
         222         224   1.3580954483007051     
         224         225   1.0900885378771554     
         218         226   1.4040622786337420     
         224         226   1.4073084163995808     
         217         227   1.3653868983372073     
         227         228   1.2225031616756799     
         228         229   1.6153800040916642     
         210         230  0.62178828478312098     
         227         230   1.2446644041573580     
         229         231   1.2302466653883468     
         230         231   1.2994411474103196     
         141         232   1.2354716089687567     
         231         232   1.2788767517366917     
         232         233   1.2814893567102943     
         233         234   1.2285788984300907     
         234         235   1.6176512744262355     
         235         236   1.2209182305833310     
         210         237  0.62267389325378963     
         233         237   1.2982441303545060     
         236         237   1.2447426345967774     
         236         238   1.3664973369111364     
         238         239   1.0482186570135328     
         239         240   1.4152024938351679     
         240         241   1.3883018719814733     
         241         242   1.1331322947754408     
         241         243   1.3666182871536920     
         243         244   1.0471152928673850     
         243         245   1.3781338468257003     
         245         246   1.1143947957289932     
         239         247   1.4155193437312130     
         245         247   1.3899880676208423     
         238         248   1.3641899256056975     
         248         249   1.2220634086593609     
         249         250   1.6160502489090933     
         211         251   1.2800463288179849     
         250         251   1.2298843191620696     
         210         252  0.62230048160358065     
         248         252   1.2455112492049101     
         251         252   1.2983888810113293     
         213         253  0.99894217874533831     
         214         254  0.99988538914210001     
         219         255  0.99335306181016514     
         221         256  0.96432351630458324     
         223         257  0.96171258906999868     
         225         258  0.96177453513307820     
         226         259  0.99269827354953277     
         228         260  0.99983297416538019     
         229         261  0.99896887733480122     
         234         262  0.99902877119860756     
         235         263  0.99978074616073864     
         240         264  0.99286063975645955     
         242         265  0.96257827779163418     
         244         266  0.95962896481543425     
         246         267  0.96682520733241606     
         247         268  0.99276351592998180     
         249         269  0.99987866964968530     
         250         270  0.99899215818498910     
