   -0.01804391
    0.06401285
   -0.03141918
   -0.03063700
    0.06510055
   -0.15697255
    0.00986699
    0.01441216
   -0.01776576
   -0.01069274
    0.03202157
    0.45270326
   -0.27944144
   -0.29221995
   -0.27842320
   -0.00989493
   -0.01617213
    0.06182449
   -0.03574519
   -0.03542480
   -0.28301093
    0.06570369
    0.02042375
    0.06787708
   -0.03031500
   -0.03059010
    0.06437424
   -0.15548885
    0.00957582
    0.01435946
   -0.01740204
   -0.01038121
    0.03190288
    0.45249500
   -0.27800861
   -0.29152291
   -0.28058670
   -0.01041587
   -0.01663420
    0.06281387
   -0.03592807
   -0.03673402
    0.06106697
   -0.28463652
    0.03397433
    0.04467692
    0.03662520
    0.16602930
    0.03433297
    0.04524310
    0.22937015
    0.04633885
    0.03505687
    0.02659080
    0.02864000
    0.03854832
    0.03691184
    0.16479742
    0.03483303
    0.04551929
    0.22969843
    0.04578579
    0.03436398
    0.02618720
    0.03463625
   -0.01801112
    0.06403893
   -0.03141231
   -0.03061533
    0.06515111
   -0.15695943
    0.00990513
    0.01443503
   -0.01765218
   -0.01062337
    0.03207886
    0.45268254
   -0.27953881
   -0.29240799
   -0.27817229
   -0.00991412
   -0.01616440
    0.06186610
   -0.03562030
   -0.03532717
   -0.28283770
    0.06578117
    0.02060532
    0.06795083
   -0.03021245
   -0.03045585
    0.06441291
   -0.15534744
    0.00966258
    0.01434558
   -0.01730506
   -0.01033956
    0.03192984
    0.45243342
   -0.27801991
   -0.29136673
   -0.28077091
   -0.01041615
   -0.01663416
    0.06286490
   -0.03587709
   -0.03673125
    0.06110240
   -0.28456264
    0.03394376
    0.04461673
    0.03655331
    0.16605584
    0.03451065
    0.04542263
    0.22916689
    0.04610594
    0.03481652
    0.02674331
    0.02896032
    0.03881271
    0.03703930
    0.16481285
    0.03503557
    0.04555056
    0.22974483
    0.04577968
    0.03427190
    0.02617597
    0.03458290
   -0.01582626
   -0.01747434
   -0.01921713
   -0.01410759
   -0.01823676
   -0.01853085
   -0.02004308
   -0.01669331
   -0.01897477
   -0.01765271
   -0.01922166
   -0.01736031
   -0.01897308
   -0.01721836
   -0.01881538
   -0.01736499
   -0.01878704
   -0.01715279
   -0.01879100
   -0.01722043
   -0.01877800
   -0.01725676
   -0.01892592
   -0.01725221
   -0.01910198
   -0.01719120
   -0.01884687
   -0.01759827
   -0.01968261
   -0.01650551
   -0.01805689
   -0.01820867
   -0.01857754
   -0.01390430
   -0.01558244
   -0.01697427
    0.01614496
    0.06680298
   -0.03336318
   -0.03198019
    0.06221658
   -0.15558051
    0.01161992
    0.01510387
   -0.01593367
   -0.01006281
    0.03188433
    0.45233561
   -0.27946208
   -0.29207955
   -0.27926241
   -0.01065934
   -0.01731039
    0.05973955
   -0.03681180
   -0.03711877
   -0.28280466
    0.06528093
    0.01872821
    0.06725700
   -0.03198407
   -0.03153171
    0.06248267
   -0.15473067
    0.01124235
    0.01503233
   -0.01611250
   -0.01012523
    0.03187183
    0.45223345
   -0.27887138
   -0.29152907
   -0.28034824
   -0.01056581
   -0.01716732
    0.06018469
   -0.03684935
   -0.03767338
    0.06478730
   -0.28394911
    0.03553060
    0.03467177
    0.16448572
    0.03471770
    0.04561881
    0.22901909
    0.04473013
    0.03423003
    0.02483733
    0.02695456
    0.03773591
    0.03479970
    0.16415736
    0.03428058
    0.04511631
    0.22901809
    0.04527560
    0.03474597
    0.02529203
    0.02574215
    0.01657282
    0.06696398
   -0.03327772
   -0.03210196
    0.06161430
   -0.15505248
    0.01207416
    0.01511819
   -0.01594061
   -0.01007238
    0.03183634
    0.45207413
   -0.28111285
   -0.29109607
   -0.27771673
   -0.01070165
   -0.01712216
    0.05938290
   -0.03686436
   -0.03756607
   -0.28308161
    0.06515022
    0.01772082
    0.06711038
   -0.03266987
   -0.03174544
    0.06187819
   -0.15485042
    0.01196208
    0.01513217
   -0.01608046
   -0.01028637
    0.03186103
    0.45207852
   -0.28078960
   -0.29078041
   -0.27865095
   -0.01042882
   -0.01701265
    0.05925924
   -0.03716642
   -0.03802638
    0.06495547
   -0.28338470
    0.03635040
    0.03473688
    0.16410746
    0.03434167
    0.04487206
    0.22922772
    0.04515445
    0.03437093
    0.02444594
    0.02630498
    0.03700910
    0.03427877
    0.16402974
    0.03403340
    0.04529224
    0.22933435
    0.04475501
    0.03468290
    0.02500842
    0.02570903
    0.01752185
    0.06707075
   -0.03278078
   -0.03189965
    0.06189892
   -0.15486332
    0.01207415
    0.01507423
   -0.01596991
   -0.01007454
    0.03186366
    0.45207596
   -0.28110225
   -0.29089100
   -0.27778019
   -0.01064066
   -0.01709287
    0.05955983
   -0.03675550
   -0.03752570
   -0.28308516
    0.06518057
    0.01766187
    0.06717981
   -0.03260174
   -0.03159715
    0.06200644
   -0.15485763
    0.01211777
    0.01510992
   -0.01603805
   -0.01022650
    0.03189980
    0.45209105
   -0.28080688
   -0.29056884
   -0.27866281
   -0.01041339
   -0.01702197
    0.05940921
   -0.03704212
   -0.03769073
    0.06507019
   -0.28305053
    0.03688278
    0.03504875
    0.16416477
    0.03430056
    0.04484585
    0.22939691
    0.04529177
    0.03447917
    0.02452013
    0.02627748
    0.03700661
    0.03436845
    0.16412775
    0.03412674
    0.04541765
    0.22949980
    0.04475748
    0.03469109
    0.02526159
    0.02616751
    0.01790501
    0.06718125
   -0.03250821
   -0.03171949
    0.06210543
   -0.15478557
    0.01213803
    0.01503258
   -0.01598084
   -0.01005982
    0.03189439
    0.45211821
   -0.28105240
   -0.29081531
   -0.27774011
   -0.01060522
   -0.01708949
    0.05970945
   -0.03667067
   -0.03742852
   -0.28296089
    0.06522018
    0.01790003
    0.06723612
   -0.03245020
   -0.03148184
    0.06217473
   -0.15478762
    0.01218129
    0.01507056
   -0.01603525
   -0.01019248
    0.03193144
    0.45213368
   -0.28075746
   -0.29048467
   -0.27864482
   -0.01039355
   -0.01703239
    0.05958700
   -0.03690969
   -0.03749130
    0.06516508
   -0.28290599
    0.03718234
    0.03528846
    0.16424649
    0.03433350
    0.04489583
    0.22950093
    0.04540775
    0.03455370
    0.02464190
    0.02638607
    0.03713325
    0.03450875
    0.16421570
    0.03419725
    0.04552079
    0.22961613
    0.04481754
    0.03472518
    0.02547265
    0.02643514
    0.01785935
    0.06721857
   -0.03249130
   -0.03167797
    0.06211415
   -0.15479561
    0.01217376
    0.01503095
   -0.01597958
   -0.01005776
    0.03189982
    0.45212124
   -0.28105327
   -0.29079028
   -0.27774137
   -0.01059919
   -0.01708633
    0.05970333
   -0.03668718
   -0.03743510
   -0.28291771
    0.06520515
    0.01797503
    0.06721150
   -0.03244801
   -0.03150477
    0.06218694
   -0.15476539
    0.01216591
    0.01506126
   -0.01603891
   -0.01019344
    0.03193154
    0.45213049
   -0.28077339
   -0.29046798
   -0.27863336
   -0.01039652
   -0.01703474
    0.05961698
   -0.03687468
   -0.03746992
    0.06519518
   -0.28292871
    0.03722223
    0.03533182
    0.16425779
    0.03433299
    0.04489387
    0.22953086
    0.04543271
    0.03457045
    0.02463238
    0.02637325
    0.03712533
    0.03449211
    0.16422006
    0.03419622
    0.04553666
    0.22963246
    0.04480814
    0.03472471
    0.02551680
    0.02646812
    0.01767779
    0.06718036
   -0.03260748
   -0.03175996
    0.06198732
   -0.15484065
    0.01213753
    0.01505702
   -0.01598480
   -0.01008833
    0.03187729
    0.45208153
   -0.28109608
   -0.29078957
   -0.27782804
   -0.01060722
   -0.01707668
    0.05956805
   -0.03678478
   -0.03759550
   -0.28303556
    0.06513337
    0.01765338
    0.06712412
   -0.03267550
   -0.03164717
    0.06202304
   -0.15482471
    0.01212948
    0.01508941
   -0.01602948
   -0.01020765
    0.03190635
    0.45208454
   -0.28083527
   -0.29045926
   -0.27871905
   -0.01042644
   -0.01703726
    0.05950070
   -0.03693637
   -0.03754419
    0.06517362
   -0.28301351
    0.03713037
    0.03523846
    0.16418932
    0.03427541
    0.04480980
    0.22950886
    0.04540001
    0.03454654
    0.02447392
    0.02616671
    0.03687854
    0.03430418
    0.16415756
    0.03416899
    0.04549731
    0.22961017
    0.04472272
    0.03466843
    0.02542874
    0.02639477
    0.01782377
    0.06714443
   -0.03261390
   -0.03184045
    0.06194058
   -0.15479856
    0.01204021
    0.01505129
   -0.01602812
   -0.01014181
    0.03185522
    0.45206106
   -0.28109609
   -0.29076381
   -0.27793294
   -0.01060111
   -0.01706131
    0.05950653
   -0.03682179
   -0.03781290
   -0.28327925
    0.06508398
    0.01692355
    0.06706263
   -0.03303737
   -0.03175679
    0.06183901
   -0.15496451
    0.01217038
    0.01510963
   -0.01600561
   -0.01019364
    0.03189388
    0.45206475
   -0.28084044
   -0.29041460
   -0.27890910
   -0.01047084
   -0.01705856
    0.05939842
   -0.03699267
   -0.03754499
    0.06517342
   -0.28294895
    0.03718525
    0.03521795
    0.16413403
    0.03417802
    0.04471801
    0.22953583
    0.04543671
    0.03456795
    0.02435490
    0.02588050
    0.03651395
    0.03411636
    0.16413868
    0.03419359
    0.04551831
    0.22965912
    0.04464863
    0.03461096
    0.02541850
    0.02646168
    0.01887182
    0.06735579
   -0.03187286
   -0.03147090
    0.06266348
   -0.15463041
    0.01152673
    0.01485835
   -0.01613664
   -0.01013300
    0.03194621
    0.45219892
   -0.28080344
   -0.29079721
   -0.27795311
   -0.01048586
   -0.01706936
    0.06053297
   -0.03624217
   -0.03723630
   -0.28360934
    0.06498497
    0.01687597
    0.06697030
   -0.03296821
   -0.03151308
    0.06250859
   -0.15531995
    0.01179284
    0.01495347
   -0.01602143
   -0.01011484
    0.03191761
    0.45217388
   -0.28048355
   -0.29031087
   -0.27957554
   -0.01056063
   -0.01719724
    0.05985438
   -0.03681623
   -0.03707040
    0.06534376
   -0.28260735
    0.03792037
    0.03583832
    0.16430058
    0.03408704
    0.04485451
    0.22968335
    0.04573519
    0.03478367
    0.02505916
    0.02644782
    0.03596001
    0.03419994
    0.16452282
    0.03430008
    0.04571157
    0.22997231
    0.04481363
    0.03468361
    0.02588939
    0.02712563
