           1           2   1.3717749042135623     
           2           3   1.2419659635390312     
           3           4   1.5956970946773672     
           4           5   1.2543950026234190     
           2           6   1.2295103758419192     
           5           6   1.2296919478679018     
           5           7   1.3388994910724235     
           7           8   1.0583954091971188     
           8           9   1.4087896082044211     
           9          10   1.4722165392965245     
          10          11   1.3758586168906135     
          11          12   1.1400064279083215     
          12          13  0.96636178662572414     
          12          14  0.96534912519478433     
          11          15   1.3751106555727499     
           8          16   1.4090853347891641     
          15          16   1.4721920404817617     
           7          17   1.3650598829499843     
          17          18   1.1646447413210774     
          18          19   1.6891521551640343     
          17          20   1.3558881759836090     
          19          21   1.1683149661400218     
          20          21   1.4142723502699071     
          21          22   1.2860898111083738     
          22          23   1.2861925550169631     
          23          24   1.2687124473218645     
          24          25   1.5814945744906665     
          25          26   1.2612330663825948     
          23          27   1.2503993562337377     
          26          27   1.2225678088354892     
          26          28   1.3418789914593698     
          28          29   1.0602139570329432     
          29          30   1.4080503301123604     
          30          31   1.4724789565966470     
          31          32   1.3750719097790538     
          32          33   1.1412944947744113     
          33          34  0.96472247532293010     
          33          35  0.96621592177894544     
          32          36   1.3739887761005187     
          29          37   1.4076274095998162     
          36          37   1.4733069438744035     
          28          38   1.3534837515588882     
          38          39   1.1559224087446571     
          39          40   1.7041184252131585     
           1          41   1.3844209352547661     
          40          41   1.1488400438229052     
          38          42   1.3825599436052658     
          41          42   1.3740485641825142     
           1          43  0.99625804298077081     
           3          44  0.99306694003426466     
           4          45  0.99906021164067238     
           6          46  0.96137299430417233     
           9          47  0.98911245571242001     
          10          48  0.99189925669429846     
          13          49  0.99948712103226700     
          13          50   1.0022073836591483     
          13          51   1.0026487095201597     
          14          52  0.99898630958094059     
          14          53   1.0029629002327365     
          14          54   1.0022923475653678     
          15          55  0.99183200187140119     
          16          56  0.98922790528951943     
          18          57  0.99870066451858963     
          19          58  0.99989573522675379     
          24          59  0.99879901212461963     
          25          60  0.99812451501056532     
          27          61  0.96047300187454199     
          30          62  0.98933562867284797     
          31          63  0.99205108069937775     
          34          64   1.0022566984216588     
          34          65  0.99863228521043534     
          34          66   1.0029463411975716     
          35          67   1.0028524404977350     
          35          68   1.0022370380283616     
          35          69  0.99924096608398461     
          36          70  0.99166509369560363     
          37          71  0.98901845671036948     
          39          72  0.99956653205472057     
          40          73  0.99352205746678279     
          74          75   1.3717632741477752     
          75          76   1.2419474560320751     
          76          77   1.5956924245505431     
          77          78   1.2544024184372644     
          75          79   1.2295400557686136     
          78          79   1.2296764505981539     
          78          80   1.3389058264241220     
          80          81   1.0586765350079914     
          81          82   1.4085366656010523     
          82          83   1.4723828968337020     
          83          84   1.3757688139185944     
          84          85   1.1400612000736898     
          85          86  0.96636075301527535     
          85          87  0.96532839008789351     
          84          88   1.3751029193311710     
          81          89   1.4090677481146636     
          88          89   1.4721977722240236     
          80          90   1.3648234527712726     
          90          91   1.1646883540368718     
          91          92   1.6890058478834544     
          90          93   1.3559932302478424     
          92          94   1.1684016966385919     
          93          94   1.4142341830974845     
          94          95   1.2859825925913322     
          95          96   1.2861709569436230     
          96          97   1.2687955951094601     
          97          98   1.5813893776826224     
          98          99   1.2612924780508366     
          96         100   1.2503471573822096     
          99         100   1.2226665990103938     
          99         101   1.3416904051025107     
         101         102   1.0603874460043914     
         102         103   1.4079657606334115     
         103         104   1.4725713294261089     
         104         105   1.3749616592265403     
         105         106   1.1413885589617938     
         106         107  0.96472281656011205     
         106         108  0.96616724909512575     
         105         109   1.3739371334621553     
         102         110   1.4075226933916867     
         109         110   1.4733452694004290     
         101         111   1.3535107747142374     
         111         112   1.1559402914065440     
         112         113   1.7040963231352479     
          74         114   1.3843630753360401     
         113         114   1.1488544454336300     
         111         115   1.3824775944472991     
         114         115   1.3741036891826532     
          74         116  0.99624923055999692     
          76         117  0.99306768945401291     
          77         118  0.99904607604543816     
          79         119  0.96137122166664402     
          82         120  0.98911356350704238     
          83         121  0.99186810019652061     
          86         122  0.99947746401726634     
          86         123   1.0022023393387465     
          86         124   1.0026350736691476     
          87         125  0.99898394022019221     
          87         126   1.0029711333623001     
          87         127   1.0022988467649410     
          88         128  0.99184006120749690     
          89         129  0.98923756011233643     
          91         130  0.99871171334375408     
          92         131  0.99990930679869972     
          97         132  0.99880144204589438     
          98         133  0.99813649631075430     
         100         134  0.96048103194391632     
         103         135  0.98934293766852299     
         104         136  0.99205264061187926     
         107         137   1.0022579263014595     
         107         138  0.99862924713033874     
         107         139   1.0029310465775605     
         108         140   1.0028448618642125     
         108         141   1.0022408833415108     
         108         142  0.99924612388886669     
         109         143  0.99165295542660192     
         110         144  0.98901834878634576     
         112         145  0.99955203014990646     
         113         146  0.99352033408082352     
          22         148   1.2227461678870517     
         147         148   2.4961379026824684     
         147         149   1.3318220357030195     
         148         150  0.18099031060738924     
         149         150   2.4932933837530862     
         151         152   2.4878734278132661     
         151         153   1.3364130710224185     
         152         154  0.17988649948903460     
         153         154   2.4879459549536431     
         155         156   2.4888903436236443     
         155         157   1.3357986040674252     
         156         158  0.18027828100331228     
         157         158   2.4890886489235311     
         159         160   2.4896792431692907     
         159         161   1.3353726013981539     
         160         162  0.18050365874909818     
         161         162   2.4896871491840917     
         163         164   2.4890444184931160     
         163         165   1.3358305878569210     
         164         166  0.18028366441754215     
         165         166   2.4888477303442911     
         167         168   2.4879920736561236     
         167         169   1.3363749725399794     
         168         170  0.17989224839768661     
         169         170   2.4879463113477116     
         171         172   2.4932828010861576     
         171         173   1.3318934750745937     
          95         174   1.2228973556027067     
         172         174  0.18100421224735588     
         173         174   2.4960438388081623     
         150         175   1.2266994907022239     
         175         176   1.2794807947080671     
         176         177   1.2734717551263040     
         177         178   1.5743055051475092     
         178         179   1.2675230802610333     
         176         180   1.2522797978425328     
         179         180   1.2218743941116930     
         179         181   1.3341359307172496     
         181         182   1.0582508790053877     
         182         183   1.4089295318707797     
         183         184   1.4724615587704455     
         184         185   1.3749094148983660     
         185         186   1.1401422279306177     
         186         187  0.96541253646027192     
         186         188  0.96625974269574511     
         185         189   1.3757874986138299     
         182         190   1.4092743488538615     
         189         190   1.4720988934917716     
         181         191   1.3697592006670150     
         191         192   1.1651695132355888     
         192         193   1.6877802046684371     
         191         194   1.3524564582757428     
         193         195   1.1700364916516837     
         194         195   1.4172124392276801     
         152         196   1.2302242124624134     
         195         196   1.2818451544388987     
         196         197   1.2787505667817054     
         197         198   1.2745284325459203     
         198         199   1.5734282574167950     
         199         200   1.2681707125360933     
         197         201   1.2520097845695206     
         200         201   1.2230414596960542     
         200         202   1.3321171337459048     
         202         203   1.0582961372386590     
         203         204   1.4091408291863092     
         204         205   1.4725149159732578     
         205         206   1.3748428212034398     
         206         207   1.1403372170793566     
         207         208  0.96639386249645420     
         207         209  0.96506243578445416     
         206         210   1.3756041038316755     
         203         211   1.4089207710265850     
         210         211   1.4721622098230918     
         202         212   1.3714979943222074     
         212         213   1.1644547564571188     
         213         214   1.6887371273218912     
         175         215   1.2832010467702342     
         214         215   1.1692994310711857     
         212         216   1.3519124121785175     
         215         216   1.4167158690528652     
         177         217  0.99911251518400679     
         178         218  0.99888317506999413     
         180         219  0.96189216750919271     
         183         220  0.98914789869435105     
         184         221  0.99173894656000006     
         187         222   1.0023834223782224     
         187         223   1.0030058882493627     
         187         224  0.99888970138957667     
         188         225   1.0027929917003724     
         188         226  0.99943067886051529     
         188         227   1.0023259862549299     
         189         228  0.99198092656495285     
         190         229  0.98923548431126029     
         192         230  0.99928494922479072     
         193         231  0.99999650840366527     
         198         232  0.99892129333225865     
         199         233  0.99874270958105671     
         201         234  0.96197147277457018     
         204         235  0.98911740358054923     
         205         236  0.99173934651792550     
         208         237  0.99934799621769221     
         208         238   1.0028904846113105     
         208         239   1.0023399393831316     
         209         240  0.99875276670193591     
         209         241   1.0023658634586614     
         209         242   1.0030147510808172     
         210         243  0.99199145015077095     
         211         244  0.98928654659786730     
         213         245  0.99941829575356822     
         214         246   1.0001338226947123     
         154         247   1.2300563912087663     
         247         248   1.2785124559237289     
         248         249   1.2743659275354899     
         249         250   1.5737480355347078     
         250         251   1.2680055951849825     
         248         252   1.2523658168607321     
         251         252   1.2224365973688738     
         251         253   1.3331157114973684     
         253         254   1.0581269981422075     
         254         255   1.4089422017556874     
         255         256   1.4725864518724376     
         256         257   1.3747750233095275     
         257         258   1.1402262862296555     
         258         259  0.96533230239822743     
         258         260  0.96623144839680608     
         257         261   1.3757995756074997     
         254         262   1.4092961952341105     
         261         262   1.4719812682511069     
         253         263   1.3707632725675967     
         263         264   1.1648038127924909     
         264         265   1.6884086756971337     
         263         266   1.3522132778330287     
         265         267   1.1696727243096510     
         266         267   1.4172135611349208     
         156         268   1.2294672463415244     
         267         268   1.2822698486120776     
         268         269   1.2790742304723381     
         269         270   1.2740401178702665     
         270         271   1.5742224099372613     
         271         272   1.2677144705038825     
         269         273   1.2522576230039599     
         272         273   1.2224638339403240     
         272         274   1.3334926946361374     
         274         275   1.0578735192912367     
         275         276   1.4092038303153993     
         276         277   1.4724741374639370     
         277         278   1.3747796809068158     
         278         279   1.1403380315309004     
         279         280  0.96628408997265047     
         279         281  0.96512950987549051     
         278         282   1.3756852775966435     
         275         283   1.4092456961634485     
         282         283   1.4719922873426621     
         274         284   1.3706354690635461     
         284         285   1.1648971603274525     
         285         286   1.6881098276648554     
         247         287   1.2819864742786886     
         286         287   1.1698873472896756     
         284         288   1.3522455808339890     
         287         288   1.4171516053407316     
         249         289  0.99900285251925203     
         250         290  0.99882063033405055     
         252         291  0.96191042500576962     
         255         292  0.98912878993381226     
         256         293  0.99172080733228640     
         259         294   1.0023825385807725     
         259         295   1.0029970054999331     
         259         296  0.99882480092846704     
         260         297   1.0028313060636149     
         260         298  0.99942704930371318     
         260         299   1.0023472583005471     
         261         300  0.99200236482741677     
         262         301  0.98923170612810873     
         264         302  0.99933052906249176     
         265         303   1.0000377140812498     
         270         304  0.99894495248085291     
         271         305  0.99878870715386125     
         273         306  0.96193101360724032     
         276         307  0.98910937059592363     
         277         308  0.99173680181840462     
         280         309  0.99939131156559979     
         280         310   1.0028501536050380     
         280         311   1.0023473755439214     
         281         312  0.99879941425305752     
         281         313   1.0023759255077713     
         281         314   1.0029984421017337     
         282         315  0.99199887528916353     
         283         316  0.98923439181333650     
         285         317  0.99938494464107941     
         286         318   1.0000762441887419     
         158         319   1.2292353234588775     
         319         320   1.2793231882668201     
         320         321   1.2739631633970647     
         321         322   1.5744729763284286     
         322         323   1.2676113703070204     
         320         324   1.2520933434915651     
         323         324   1.2228088276249065     
         323         325   1.3334298698938885     
         325         326   1.0579782391929506     
         326         327   1.4090828741121011     
         327         328   1.4724776942800877     
         328         329   1.3748094237232420     
         329         330   1.1404104651801066     
         330         331  0.96527908737240009     
         330         332  0.96617404694702314     
         329         333   1.3756286449148691     
         326         334   1.4091956044997724     
         333         334   1.4720962437669609     
         325         335   1.3706294565472590     
         335         336   1.1647621857462973     
         336         337   1.6886812705230660     
         335         338   1.3524796030565722     
         337         339   1.1694384300049228     
         338         339   1.4170195006785098     
         160         340   1.2288295835159142     
         339         340   1.2828029582776037     
         340         341   1.2796001137806530     
         341         342   1.2737444959489668     
         342         343   1.5747349432850850     
         343         344   1.2674569770747541     
         341         345   1.2520814587672031     
         344         345   1.2226422580230605     
         344         346   1.3338031072424839     
         346         347   1.0580208245453171     
         347         348   1.4091204404694735     
         348         349   1.4724591363217305     
         349         350   1.3748118069995821     
         350         351   1.1404426766213815     
         351         352  0.96619161954786870     
         351         353  0.96523315263211551     
         350         354   1.3755822724691005     
         347         355   1.4091028924454192     
         354         355   1.4721493339528193     
         346         356   1.3702175201586619     
         356         357   1.1648753672139835     
         357         358   1.6884420586898725     
         319         359   1.2827175292522657     
         358         359   1.1696197215780670     
         356         360   1.3526890956080437     
         359         360   1.4168910865971085     
         321         361  0.99896762696783947     
         322         362  0.99877543855829110     
         324         363  0.96184224004628682     
         327         364  0.98909841035227375     
         328         365  0.99171392044883833     
         331         366   1.0023694741808187     
         331         367   1.0029827742091157     
         331         368  0.99879312912063967     
         332         369   1.0028330124922336     
         332         370  0.99941838429611496     
         332         371   1.0023406647096700     
         333         372  0.99199798134761796     
         334         373  0.98922177139590484     
         336         374  0.99932190726660008     
         337         375   1.0000086421004255     
         342         376  0.99895725936339408     
         343         377  0.99876791904575857     
         345         378  0.96185307708537771     
         348         379  0.98909928379966561     
         349         380  0.99171830923682336     
         352         381  0.99941423960096865     
         352         382   1.0028340574640346     
         352         383   1.0023399579704968     
         353         384  0.99878696495377761     
         353         385   1.0023676895334908     
         353         386   1.0029809705286226     
         354         387  0.99199349205694920     
         355         388  0.98922525394702820     
         357         389  0.99932851135538170     
         358         390   1.0000193774971939     
         162         391   1.2288302821836359     
         391         392   1.2795390074107389     
         392         393   1.2737811063743061     
         393         394   1.5746903945968640     
         394         395   1.2674800199082576     
         392         396   1.2521108415323849     
         395         396   1.2226409024189919     
         395         397   1.3338071487691656     
         397         398   1.0577633646173854     
         398         399   1.4092469754370609     
         399         400   1.4723764405121105     
         400         401   1.3748125128048758     
         401         402   1.1404879405290806     
         402         403  0.96523228196953115     
         402         404  0.96614669657708097     
         401         405   1.3755327300189131     
         398         406   1.4091948277934843     
         405         406   1.4721356904628526     
         397         407   1.3704421025911817     
         407         408   1.1648821478292932     
         408         409   1.6884593326291877     
         407         410   1.3524981915468666     
         409         411   1.1695917045477247     
         410         411   1.4170737263979349     
         164         412   1.2292723790616595     
         411         412   1.2825523804960102     
         412         413   1.2794482968479233     
         413         414   1.2739247559645024     
         414         415   1.5745244676721544     
         415         416   1.2675538601405150     
         413         417   1.2520373554255919     
         416         417   1.2228529777031218     
         416         418   1.3334127408321277     
         418         419   1.0581515254159728     
         419         420   1.4089725571908807     
         420         421   1.4725389557283119     
         421         422   1.3747872619345696     
         422         423   1.1404226102028319     
         423         424  0.96616890752455120     
         423         425  0.96529744183104771     
         422         426   1.3756175722043449     
         419         427   1.4091459418510561     
         426         427   1.4721250721934449     
         418         428   1.3704842027633413     
         428         429   1.1647589083384209     
         429         430   1.6886586120769800     
         391         431   1.2828819365890971     
         430         431   1.1694886779719542     
         428         432   1.3526292007659815     
         431         432   1.4168602722705423     
         393         433  0.99894722259280277     
         394         434  0.99877988670895701     
         396         435  0.96185218815686846     
         399         436  0.98909196693100443     
         400         437  0.99171976590417976     
         403         438   1.0023660937777261     
         403         439   1.0029791467855140     
         403         440  0.99879333649398239     
         404         441   1.0028289760919658     
         404         442  0.99939674198534056     
         404         443   1.0023384385660066     
         405         444  0.99198991556444194     
         406         445  0.98921480481798141     
         408         446  0.99934318790581367     
         409         447   1.0000304945129963     
         414         448  0.99895268367067369     
         415         449  0.99876892562104802     
         417         450  0.96185325443329261     
         420         451  0.98910612547271204     
         421         452  0.99170386466825133     
         424         453  0.99942424949579955     
         424         454   1.0028377550362746     
         424         455   1.0023428894611905     
         425         456  0.99878107182249953     
         425         457   1.0023691599060010     
         425         458   1.0029797971252170     
         426         459  0.99200519560884282     
         427         460  0.98922693558221364     
         429         461  0.99931403200708424     
         430         462   1.0000192077591288     
         166         463   1.2294935050997511     
         463         464   1.2790256606363883     
         464         465   1.2740786671286857     
         465         466   1.5741882834333807     
         466         467   1.2677330545665029     
         464         468   1.2522355530144074     
         467         468   1.2225044301127339     
         467         469   1.3334422346304735     
         469         470   1.0578179031572990     
         470         471   1.4092867558458955     
         471         472   1.4723746782497367     
         472         473   1.3748043033985802     
         473         474   1.1404212474861983     
         474         475  0.96514972596640269     
         474         476  0.96620865207776174     
         473         477   1.3755404547877523     
         470         478   1.4091814189424621     
         477         478   1.4721089598438193     
         469         479   1.3707309808216070     
         479         480   1.1649289056635785     
         480         481   1.6881276405325036     
         479         482   1.3521051858281652     
         481         483   1.1698444750139712     
         482         483   1.4172884549034230     
         168         484   1.2300317566758487     
         483         484   1.2819272092867735     
         484         485   1.2785788431247680     
         485         486   1.2743349074923151     
         486         487   1.5737963837874245     
         487         488   1.2679458083162696     
         485         489   1.2523146593010186     
         488         489   1.2224878768823848     
         488         490   1.3331643269754911     
         490         491   1.0580616848821789     
         491         492   1.4090349991557443     
         492         493   1.4725000430150179     
         493         494   1.3748240405668830     
         494         495   1.1402540561823822     
         495         496  0.96622622290982108     
         495         497  0.96532431298172250     
         494         498   1.3757220816389719     
         491         499   1.4092620910669640     
         498         499   1.4720454079182341     
         490         500   1.3707836866559853     
         500         501   1.1648245535809643     
         501         502   1.6884059411990548     
         463         503   1.2823061482578539     
         502         503   1.1696572607907343     
         500         504   1.3521727657311409     
         503         504   1.4172377529460400     
         465         505  0.99895546907266364     
         466         506  0.99879308772291808     
         468         507  0.96192765603295038     
         471         508  0.98910587663756988     
         472         509  0.99173891768918443     
         475         510   1.0023744653559361     
         475         511   1.0029934810536676     
         475         512  0.99879483558664039     
         476         513   1.0028478204567937     
         476         514  0.99938655248433672     
         476         515   1.0023485777970003     
         477         516  0.99199879408942893     
         478         517  0.98923797840234340     
         480         518  0.99938795149859794     
         481         519   1.0000773243596517     
         486         520  0.99899972468097709     
         487         521  0.99882257165399924     
         489         522  0.96190997092286767     
         492         523  0.98912106909420450     
         493         524  0.99171978702092656     
         496         525  0.99942772194998541     
         496         526   1.0028305963573203     
         496         527   1.0023468166661134     
         497         528  0.99881606765378239     
         497         529   1.0023830961593791     
         497         530   1.0029940325025124     
         498         531  0.99200008174782950     
         499         532  0.98923407645955241     
         501         533  0.99933099091435296     
         502         534   1.0000245211327921     
         170         535   1.2301598306820229     
         535         536   1.2787376101708863     
         536         537   1.2745439533248863     
         537         538   1.5734261954223046     
         538         539   1.2681846436555326     
         536         540   1.2519968890825366     
         539         540   1.2230528456630934     
         539         541   1.3320810552564897     
         541         542   1.0581569969884679     
         542         543   1.4090214415544089     
         543         544   1.4726209731927835     
         544         545   1.3747097060875630     
         545         546   1.1404216279269999     
         546         547  0.96508240447954163     
         546         548  0.96630573283250842     
         545         549   1.3756274817040783     
         542         550   1.4091426259942714     
         549         550   1.4720174172684464     
         541         551   1.3716792083922000     
         551         552   1.1644280033212910     
         552         553   1.6888391512227641     
         551         554   1.3518165486405340     
         553         555   1.1692292685878294     
         554         555   1.4168256129888472     
         172         556   1.2266950520833839     
         555         556   1.2832278467796674     
         556         557   1.2794648614160606     
         557         558   1.2734163642203160     
         558         559   1.5743960641000274     
         559         560   1.2674793150455015     
         557         561   1.2523319071297039     
         560         561   1.2217634078205240     
         560         562   1.3343412320223649     
         562         563   1.0578499343557901     
         563         564   1.4090748891882392     
         564         565   1.4724379073654026     
         565         566   1.3748714038584462     
         566         567   1.1401266232522411     
         567         568  0.96625856535305577     
         567         569  0.96537891920015184     
         566         570   1.3758797130964255     
         563         571   1.4094917739628443     
         570         571   1.4719191932538713     
         562         572   1.3698806587003483     
         572         573   1.1651332714916276     
         573         574   1.6878712549435300     
         535         575   1.2819425830165443     
         574         575   1.1699686182531748     
         572         576   1.3524292463848329     
         575         576   1.4172237635146610     
         537         577  0.99893232757109174     
         538         578  0.99875144476773692     
         540         579  0.96196968624535928     
         543         580  0.98912235296427120     
         544         581  0.99172442467068878     
         547         582   1.0023598431784553     
         547         583   1.0029983955764954     
         547         584  0.99874387446082380     
         548         585   1.0028984368532787     
         548         586  0.99935819115167046     
         548         587   1.0023467910815342     
         549         588  0.99202699310190223     
         550         589  0.98928260271092938     
         552         590  0.99940981271970930     
         553         591   1.0001119525607796     
         558         592  0.99912992974534387     
         559         593  0.99888199617092477     
         561         594  0.96189422900286192     
         564         595  0.98914108889101193     
         565         596  0.99174744992445152     
         568         597  0.99942318555865750     
         568         598   1.0027919330445929     
         568         599   1.0023222458466252     
         569         600  0.99887644445642931     
         569         601   1.0023844912466640     
         569         602   1.0030118794696516     
         570         603  0.99198456979606908     
         571         604  0.98922083030218522     
         573         605  0.99931023858515178     
         574         606  0.99999567725196103     
