    0.30012820
   -0.01865942
    0.05462311
   -0.04016857
   -0.03990063
    0.06032000
   -0.21502012
    0.01600102
   -0.01831773
   -0.03176445
    0.02931807
   -0.01729130
    0.05281065
   -0.26221755
    0.05215599
   -0.01809822
    0.05984182
   -0.03889637
   -0.03733298
   -0.21381643
    0.05977259
    0.02077029
    0.06012482
   -0.03714220
   -0.03869379
    0.05972531
   -0.21348146
    0.01618811
   -0.01830647
   -0.03151291
    0.02934574
   -0.01705626
    0.05297777
   -0.26200632
    0.05220160
   -0.01813182
    0.06045441
   -0.03980832
   -0.04003178
    0.05467034
   -0.21515141
    0.02486592
    0.02709325
    0.02273677
    0.03562369
    0.03108882
    0.02960047
    0.03343385
    0.02368730
    0.02437146
    0.02485603
    0.02397851
    0.03582941
    0.03142401
    0.02961557
    0.03344263
    0.02282384
    0.02712080
    0.29898506
   -0.01857801
    0.05478403
   -0.04011564
   -0.03986111
    0.06046813
   -0.21519460
    0.01630114
   -0.01826592
   -0.03143752
    0.02935660
   -0.01695058
    0.05303058
   -0.26192572
    0.05221377
   -0.01817199
    0.05999707
   -0.03858830
   -0.03701268
   -0.21372933
    0.06035958
    0.02076740
    0.05984356
   -0.03746880
   -0.03894826
    0.05985401
   -0.21390817
    0.01606587
   -0.01827057
   -0.03173248
    0.02933760
   -0.01730693
    0.05281138
   -0.26218339
    0.05217554
   -0.01803906
    0.06062237
   -0.03980644
   -0.03999797
    0.05478129
   -0.21524982
    0.02484012
    0.02715311
    0.02280723
    0.03587592
    0.03154168
    0.02962543
    0.03345605
    0.02407942
    0.02484831
    0.02428475
    0.02368323
    0.03562782
    0.03108361
    0.02963664
    0.03345003
    0.02282618
    0.02719533
   -0.01880728
   -0.01592901
   -0.01891732
   -0.01570599
   -0.01889200
   -0.01566972
   -0.01873415
   -0.01592087
    0.30998300
    0.02083705
    0.05995980
   -0.03723675
   -0.03853072
    0.06055900
   -0.21289737
    0.01843133
   -0.01781468
   -0.03001360
    0.02956537
   -0.01717559
    0.05280561
   -0.26170945
    0.05281679
   -0.01719011
    0.06031809
   -0.03835199
   -0.03733844
   -0.21302522
    0.06035562
    0.02077911
    0.05995402
   -0.03730563
   -0.03854669
    0.06046514
   -0.21293934
    0.01838050
   -0.01781586
   -0.03004706
    0.02956715
   -0.01717375
    0.05279894
   -0.26168287
    0.05283711
   -0.01717949
    0.06023227
   -0.03838162
   -0.03737591
    0.06033465
   -0.21302973
    0.02435272
    0.02427125
    0.03526685
    0.03080272
    0.03081281
    0.03530179
    0.02426634
    0.02449996
    0.02426934
    0.02424488
    0.03526696
    0.03078815
    0.03085944
    0.03528350
    0.02422110
    0.02460658
