           1           2   1.3744672170871550     
           2           3   1.2383916150950456     
           3           4   1.6025230074698955     
           4           5   1.2477283336957470     
           2           6   1.2293734343527560     
           5           6   1.2335256823638003     
           5           7   1.3401444765073363     
           7           8   1.0571962535708281     
           8           9   1.4134824492901503     
           9          10   1.4655516493991585     
          10          11   1.4061408269882429     
          11          12   1.0051041737628250     
          12          13   1.5686021609103669     
          12          14   1.5680289892801438     
          13          14  0.38340306003063018     
          11          15   1.4064639626238802     
           8          16   1.4135310334765170     
          15          16   1.4651863643843821     
           7          17   1.3647539862916935     
          17          18   1.1590193621725837     
          18          19   1.6956293352429641     
          17          20   1.3588163111655236     
          19          21   1.1638363346917155     
          20          21   1.4112756406913993     
          21          22   1.2896491357868798     
          22          23   1.2891686972418306     
          23          24   1.2644975865860089     
          24          25   1.5876174342092186     
          25          26   1.2552684949194322     
          23          27   1.2490601345389631     
          26          27   1.2246276253125183     
          26          28   1.3433132644547794     
          28          29   1.0591515777966198     
          29          30   1.4123478695085228     
          30          31   1.4662116618780132     
          31          32   1.4056748014144604     
          32          33   1.0055851517421626     
          33          34   1.5679107120797973     
          33          35   1.5676620928672187     
          34          35  0.38300916208513952     
          32          36   1.4058235531929006     
          29          37   1.4124901846965012     
          36          37   1.4657062977840563     
          28          38   1.3528894833801095     
          38          39   1.1504550730426126     
          39          40   1.7100550628302358     
           1          41   1.3874075641054588     
          40          41   1.1452495140823729     
          38          42   1.3859436944397969     
          41          42   1.3726365516304784     
           1          43  0.99464683353067440     
           3          44  0.99101779994819783     
           4          45  0.99733077142655158     
           6          46  0.95992738183048887     
           9          47  0.98661579881115646     
          10          48  0.98455715549154477     
          15          49  0.98462712473249225     
          16          50  0.98656714276620194     
          18          51  0.99701752452726045     
          19          52  0.99797776365202828     
          24          53  0.99697880922074111     
          25          54  0.99668625181510007     
          27          55  0.95875196826951747     
          30          56  0.98676270024771473     
          31          57  0.98469233251570509     
          36          58  0.98457975672601450     
          37          59  0.98650280635722587     
          39          60  0.99771389818327116     
          40          61  0.99156029248240396     
          62          63   1.3745208250125192     
          63          64   1.2383732084976551     
          64          65   1.6025963717433587     
          65          66   1.2476700164079759     
          63          67   1.2293431151138359     
          66          67   1.2336060158964071     
          66          68   1.3401723216962713     
          68          69   1.0567830971431569     
          69          70   1.4138492095330750     
          70          71   1.4653415739697695     
          71          72   1.4063098309585862     
          72          73   1.0050501893081238     
          73          74   1.5688359771288063     
          73          75   1.5678904046176960     
          74          75  0.38344133127698421     
          72          76   1.4064291397209039     
          69          77   1.4135394893974953     
          76          77   1.4652113382354344     
          68          78   1.3650803528883684     
          78          79   1.1588731667784393     
          79          80   1.6959562630981089     
          78          81   1.3587680503777078     
          80          82   1.1636196187617427     
          81          82   1.4112400456525949     
          82          83   1.2901383091745124     
          83          84   1.2896309033237687     
          84          85   1.2641635548947743     
          85          86   1.5880415503135219     
          86          87   1.2550151693321947     
          84          88   1.2489984015880977     
          87          88   1.2244921732477683     
          87          89   1.3437500196799512     
          89          90   1.0588451916474031     
          90          91   1.4123732708389320     
          91          92   1.4662217500306225     
          92          93   1.4056565984184652     
          93          94   1.0055477144724401     
          94          95   1.5678391891569103     
          94          96   1.5678291772190085     
          95          96  0.38305252510666410     
          93          97   1.4059589274372490     
          90          98   1.4127622528436092     
          97          98   1.4655522654158299     
          89          99   1.3527740806526494     
          99         100   1.1504497906532654     
         100         101   1.7100651621695013     
          62         102   1.3875032703612784     
         101         102   1.1452530651051043     
          99         103   1.3861017988109610     
         102         103   1.3725395522430275     
          62         104  0.99465536561521373     
          64         105  0.99100923788449224     
          65         106  0.99733530255785607     
          67         107  0.95991976251092770     
          70         108  0.98658074664102358     
          71         109  0.98453612509220545     
          76         110  0.98463208902644328     
          77         111  0.98655844864991060     
          79         112  0.99702728948887098     
          80         113  0.99795258700202238     
          85         114  0.99698104409527999     
          86         115  0.99668326825190090     
          88         116  0.95873572126118312     
          91         117  0.98674743661588882     
          92         118  0.98468856649926029     
          97         119  0.98457164733532698     
          98         120  0.98649769927640496     
         100         121  0.99772074393872556     
         101         122  0.99155486623983957     
         123         124   2.3782941287965036     
         124         125   1.3538719229131837     
          22         126   1.2183338242219968     
         123         126  0.17202362235080945     
         125         126   2.4768689148402605     
         123         127   1.3553812586135379     
         124         128  0.17163409642644631     
         127         128   2.4725048080784995     
         129         130   2.3713578957760775     
         130         131   1.3595795165354219     
         129         132  0.17063059461599461     
         131         132   2.4673714594430103     
         129         133   1.3596555516330460     
         130         134  0.17069114316576364     
         133         134   2.4674118646863437     
         135         136   2.3720480741801007     
         136         137   1.3592459012762297     
         135         138  0.17089407855414968     
         137         138   2.4679796754420069     
         135         139   1.3591633569496095     
         136         140  0.17092071716191376     
         139         140   2.4682281255035159     
         141         142   2.3727793811583004     
         142         143   1.3587482494841032     
         141         144  0.17111911001184094     
         143         144   2.4688151403636227     
         141         145   1.3587245434942643     
         142         146  0.17113052771865639     
         145         146   2.4688885636977371     
         147         148   2.3727636406495365     
         148         149   1.3587302280451261     
         147         150  0.17112526189230559     
         149         150   2.4688777108315940     
         147         151   1.3587645671856954     
         148         152  0.17111963165772565     
         151         152   2.4687924837439570     
         153         154   2.3720546241327454     
         154         155   1.3591708965860938     
         153         156  0.17091036122591247     
         155         156   2.4682017235262133     
         153         157   1.3592492565166698     
         154         158  0.17088097129578622     
         157         158   2.4679556120949568     
         159         160   2.3714524555389156     
         160         161   1.3595822161975544     
         159         162  0.17068897637691136     
         161         162   2.4674938839928142     
         159         163   1.3595076030045161     
         160         164  0.17065557850177976     
         163         164   2.4675199551333713     
         165         166   2.3793473970516383     
         166         167   1.3544497067792431     
         165         168  0.17166720305736438     
         167         168   2.4735360907753936     
         165         169   1.3529392444054409     
          83         170   1.2173765057732424     
         166         170  0.17205836404365446     
         169         170   2.4779086676968154     
         128         171   1.2228949888512322     
         171         172   1.2823300191648870     
         172         173   1.2695815764100413     
         173         174   1.5801592360403196     
         174         175   1.2613433554086695     
         172         176   1.2505872594124032     
         175         176   1.2238469498855296     
         175         177   1.3353051270923957     
         177         178   1.0558150369277368     
         178         179   1.4143143367629174     
         179         180   1.4652216744066939     
         180         181   1.4064681328697548     
         181         182   1.0047030096315250     
         182         183   1.5681660211856852     
         182         184   1.5688299624702673     
         183         184  0.38333769866910078     
         181         185   1.4065500509989914     
         178         186   1.4142125926991171     
         185         186   1.4649408847446317     
         177         187   1.3702154784024754     
         187         188   1.1592036150714942     
         188         189   1.6942690726015346     
         187         190   1.3545274943465810     
         189         191   1.1655502118320755     
         190         191   1.4146727182549304     
         132         192   1.2266955350699997     
         191         192   1.2848535207183553     
         192         193   1.2813555529033120     
         193         194   1.2701965084141247     
         194         195   1.5796619971970709     
         195         196   1.2615887312535032     
         193         197   1.2508189123403568     
         196         197   1.2244313770751083     
         196         198   1.3343202988809917     
         198         199   1.0558105672614551     
         199         200   1.4143393378121292     
         200         201   1.4648677517674538     
         201         202   1.4066428231225701     
         202         203   1.0045993593965112     
         203         204   1.5685763287569516     
         203         205   1.5685169754957409     
         204         205  0.38335191222616838     
         202         206   1.4064536940676644     
         199         207   1.4141613487240341     
         206         207   1.4652365369607636     
         198         208   1.3709162567730251     
         208         209   1.1586921892040476     
         209         210   1.6951501926183559     
         171         211   1.2867154268956693     
         210         211   1.1649225661609370     
         208         212   1.3548202198661674     
         211         212   1.4133273107540323     
         173         213  0.99718214868470212     
         174         214  0.99733432720362258     
         176         215  0.96023877059333185     
         179         216  0.98669754150796807     
         180         217  0.98460903169828362     
         185         218  0.98464210961521237     
         186         219  0.98658085402737095     
         188         220  0.99754213024637228     
         189         221  0.99813937040668710     
         194         222  0.99701439488830235     
         195         223  0.99720921378848149     
         197         224  0.96031738463765259     
         200         225  0.98655256825070659     
         201         226  0.98456742915156958     
         206         227  0.98466168008763566     
         207         228  0.98673417972903299     
         209         229  0.99759761403347658     
         210         230  0.99816315988572146     
         134         231   1.2265790426658965     
         231         232   1.2810751572902332     
         232         233   1.2702226460515003     
         233         234   1.5797328142593603     
         234         235   1.2616366547672653     
         232         236   1.2509952778020454     
         235         236   1.2239926657973377     
         235         237   1.3348851425763220     
         237         238   1.0554351670291615     
         238         239   1.4143604976128004     
         239         240   1.4651731301331770     
         240         241   1.4065126059193411     
         241         242   1.0045036828697516     
         242         243   1.5684412734708097     
         242         244   1.5687975509422007     
         243         244  0.38337761588389285     
         241         245   1.4067142094282248     
         238         246   1.4145256210479380     
         245         246   1.4647520614592762     
         237         247   1.3708766297378692     
         247         248   1.1590515606953913     
         248         249   1.6945730003579169     
         247         250   1.3543163594142440     
         249         251   1.1653910174627820     
         250         251   1.4146404564353716     
         138         252   1.2262308466402436     
         251         252   1.2850384366296053     
         252         253   1.2814885360488886     
         253         254   1.2699681586475615     
         254         255   1.5800827304348344     
         255         256   1.2614005213015849     
         253         257   1.2509800003507026     
         256         257   1.2239869779635293     
         256         258   1.3351255392068331     
         258         259   1.0554190032013167     
         259         260   1.4145165209640513     
         260         261   1.4647627806623433     
         261         262   1.4067224192786587     
         262         263   1.0044785436057988     
         263         264   1.5687651939297209     
         263         265   1.5685245639313876     
         264         265  0.38339554233095291     
         262         266   1.4065412524538055     
         259         267   1.4143987272582468     
         266         267   1.4651348003209728     
         258         268   1.3706964954365881     
         268         269   1.1591733215463274     
         269         270   1.6943627384937179     
         231         271   1.2849382428298821     
         270         271   1.1655272192434178     
         268         272   1.3543810045845508     
         271         272   1.4145601004825099     
         233         273  0.99711129954160282     
         234         274  0.99728144993749823     
         236         275  0.96028071365577872     
         239         276  0.98669187086422772     
         240         277  0.98462956082222808     
         245         278  0.98461600594974086     
         246         279  0.98656653814266027     
         248         280  0.99759841434274033     
         249         281  0.99818022343182811     
         254         282  0.99704329321481688     
         255         283  0.99724980053738133     
         257         284  0.96029015269039730     
         260         285  0.98655352823829001     
         261         286  0.98459012018757430     
         266         287  0.98465038746033740     
         267         288  0.98670315424416544     
         269         289  0.99762697075996210     
         270         290  0.99820528530334751     
         140         291   1.2260328476384363     
         291         292   1.2818492304101301     
         292         293   1.2698579395543361     
         293         294   1.5803805678409586     
         294         295   1.2612603498177275     
         292         296   1.2507873187357779     
         295         296   1.2243038969599473     
         295         297   1.3351687961492005     
         297         298   1.0553444731654198     
         298         299   1.4144310768909338     
         299         300   1.4650961273604330     
         300         301   1.4065982317359074     
         301         302   1.0044343433024661     
         302         303   1.5685370656598445     
         302         304   1.5688455343543029     
         303         304  0.38345212781250299     
         301         305   1.4067831229844661     
         298         306   1.4145507344297081     
         305         306   1.4647114190372810     
         297         307   1.3707201843431711     
         307         308   1.1589793461829636     
         308         309   1.6947890696279146     
         307         310   1.3546800516816799     
         309         311   1.1652585531616000     
         310         311   1.4143601940254893     
         144         312   1.2256195446373825     
         311         312   1.2854841601399694     
         312         313   1.2820647896905828     
         313         314   1.2696178636145528     
         314         315   1.5806827103706693     
         315         316   1.2610536274355031     
         313         317   1.2508452733359496     
         316         317   1.2241095561063888     
         316         318   1.3356142846479719     
         318         319   1.0553355259044614     
         319         320   1.4145642343118097     
         320         321   1.4646964676138829     
         321         322   1.4068015246685430     
         322         323   1.0044208135457919     
         323         324   1.5688517219749696     
         323         325   1.5685632794933579     
         324         325  0.38346471337424087     
         322         326   1.4066060449379922     
         319         327   1.4144390895314358     
         326         327   1.4650897030340766     
         318         328   1.3703171110256982     
         328         329   1.1591269593995364     
         329         330   1.6945409376052496     
         291         331   1.2853510030371751     
         330         331   1.1654477809150694     
         328         332   1.3548627044379915     
         331         332   1.4142781781171099     
         293         333  0.99703703612911387     
         294         334  0.99723785158253986     
         296         335  0.96024676971596590     
         299         336  0.98668008368261451     
         300         337  0.98461482992213711     
         305         338  0.98458249589992075     
         306         339  0.98654206118833565     
         308         340  0.99758273035265288     
         309         341  0.99815599175599945     
         314         342  0.99702926919400880     
         315         343  0.99723187743654906     
         317         344  0.96024523348768220     
         320         345  0.98653886756743159     
         321         346  0.98457529993818949     
         326         347  0.98461800808890620     
         327         348  0.98668135310431904     
         329         349  0.99758878371979953     
         330         350  0.99817206556661231     
         146         351   1.2255652130543515     
         351         352   1.2821790880809876     
         352         353   1.2696087856346652     
         353         354   1.5807454674836003     
         354         355   1.2610332991995190     
         352         356   1.2507596060024044     
         355         356   1.2242801036870825     
         355         357   1.3355269960612000     
         357         358   1.0553042411494375     
         358         359   1.4144509298809214     
         359         360   1.4650732693933262     
         360         361   1.4066300516095220     
         361         362   1.0044054083147824     
         362         363   1.5685759135404245     
         362         364   1.5688743108759704     
         363         364  0.38348987977831461     
         361         365   1.4068264324706030     
         358         366   1.4145785060020861     
         365         366   1.4646767689402689     
         357         367   1.3704287786131910     
         367         368   1.1590164848528530     
         368         369   1.6947648383175391     
         367         370   1.3549311045404022     
         369         371   1.1652881334081122     
         370         371   1.4142012329291951     
         150         372   1.2255718942948741     
         371         372   1.2856251357681341     
         372         373   1.2821795327726906     
         373         374   1.2696099453616683     
         374         375   1.5807435153373635     
         375         376   1.2610354299627351     
         373         377   1.2507622802778378     
         376         377   1.2242824549237445     
         376         378   1.3355206217020312     
         378         379   1.0553138349407523     
         379         380   1.4145738076345162     
         380         381   1.4646789814187637     
         381         382   1.4068252667725729     
         382         383   1.0044063099094007     
         383         384   1.5688732953661668     
         383         385   1.5685758897275499     
         384         385  0.38348944028321280     
         382         386   1.4066291634924515     
         379         387   1.4144480112629179     
         386         387   1.4650746760664122     
         378         388   1.3704321625648666     
         388         389   1.1590144554796358     
         389         390   1.6947697243958977     
         351         391   1.2856301675039341     
         390         391   1.1652837413334280     
         388         392   1.3549283569954946     
         391         392   1.4142047262326685     
         353         393  0.99701609141035064     
         354         394  0.99722142123440061     
         356         395  0.96022806239637282     
         359         396  0.98667309566703754     
         360         397  0.98460589676740662     
         365         398  0.98456806395378638     
         366         399  0.98653215409107409     
         368         400  0.99757468292385121     
         369         401  0.99814869824364494     
         374         402  0.99701713588975727     
         375         403  0.99722104254630073     
         377         404  0.96022810720901719     
         380         405  0.98653255074248292     
         381         406  0.98456792509419711     
         386         407  0.98460595414585794     
         387         408  0.98667357745321349     
         389         409  0.99757412148745195     
         390         410  0.99814925023597523     
         152         411   1.2256308255242738     
         411         412   1.2820322879950430     
         412         413   1.2696312484724639     
         413         414   1.5806605724017964     
         414         415   1.2610687231110200     
         412         416   1.2508532786129651     
         415         416   1.2241038727378220     
         415         417   1.3356081437062466     
         417         418   1.0553334162012722     
         418         419   1.4144309591037494     
         419         420   1.4650976636955120     
         420         421   1.4066005243306996     
         421         422   1.0044223688204814     
         422         423   1.5685603456544783     
         422         424   1.5688524667899408     
         423         424  0.38346353586986648     
         421         425   1.4068051626279294     
         418         426   1.4145752030197059     
         425         426   1.4646887748402166     
         417         427   1.3703282473466960     
         427         428   1.1591216356834109     
         428         429   1.6945475860454213     
         427         430   1.3548538419281393     
         429         431   1.1654363910331298     
         430         431   1.4142869553422854     
         156         432   1.2260494770186854     
         431         432   1.2853616620654547     
         432         433   1.2818149727125090     
         433         434   1.2698800757044379     
         434         435   1.5803578734369570     
         435         436   1.2612738745192313     
         433         437   1.2507883592271056     
         436         437   1.2242988185864672     
         436         438   1.3351582884694930     
         438         439   1.0553484234093662     
         439         440   1.4145563315720062     
         440         441   1.4647056957965505     
         441         442   1.4067860505356189     
         442         443   1.0044339540052536     
         443         444   1.5688436780275108     
         443         445   1.5685376111787859     
         444         445  0.38345092035164186     
         442         446   1.4065931717253877     
         439         447   1.4144206851560390     
         446         447   1.4651041347695550     
         438         448   1.3707213695247968     
         448         449   1.1589729866488927     
         449         450   1.6947961027158791     
         411         451   1.2854994730905269     
         450         451   1.1652561078108732     
         448         452   1.3546792178544385     
         451         452   1.4143562096375011     
         413         453  0.99702971141648677     
         414         454  0.99723165639808131     
         416         455  0.96024421834826756     
         419         456  0.98668077300097490     
         420         457  0.98461839036286258     
         425         458  0.98457570208837963     
         426         459  0.98653909779323878     
         428         460  0.99758966035669860     
         429         461  0.99816697798037068     
         434         462  0.99704280957202274     
         435         463  0.99723812904571463     
         437         464  0.96024716855663783     
         440         465  0.98654280305381181     
         441         466  0.98458248865548847     
         446         467  0.98461576423615516     
         447         468  0.98668073675348733     
         449         469  0.99758317591339474     
         450         470  0.99815585436708720     
         158         471   1.2262490077781809     
         471         472   1.2814661360156772     
         472         473   1.2699863361445993     
         473         474   1.5800593288133136     
         474         475   1.2614127295959026     
         472         476   1.2509770469372874     
         475         476   1.2239971869098258     
         475         477   1.3350973791513527     
         477         478   1.0554223012273316     
         478         479   1.4144037684543793     
         479         480   1.4651305166408632     
         480         481   1.4065455312142019     
         481         482   1.0044789029544294     
         482         483   1.5685101077642132     
         482         484   1.5687788821516522     
         483         484  0.38339534820320192     
         481         485   1.4067173014037548     
         478         486   1.4145083536089897     
         485         486   1.4647691506955010     
         477         487   1.3707171625255119     
         487         488   1.1591627273158160     
         488         489   1.6943843304755872     
         487         490   1.3543730118500825     
         489         491   1.1655118270825451     
         490         491   1.4145541426369399     
         162         492   1.2265367354821444     
         491         492   1.2849673624847910     
         492         493   1.2810670712528938     
         493         494   1.2702146000091161     
         494         495   1.5797323822844196     
         495         496   1.2616333963561217     
         493         497   1.2510069944983955     
         496         497   1.2239762419460170     
         496         498   1.3349056030597466     
         498         499   1.0554268688706514     
         499         500   1.4145330734438182     
         500         501   1.4647482615047214     
         501         502   1.4067168493613476     
         502         503   1.0045029588963637     
         503         504   1.5687879185498521     
         503         505   1.5684521232187261     
         504         505  0.38337807117512646     
         502         506   1.4065115309872782     
         499         507   1.4143609545636719     
         506         507   1.4651740388773142     
         498         508   1.3708668674526221     
         508         509   1.1590561165736397     
         509         510   1.6945689343936587     
         471         511   1.2850416648220309     
         510         511   1.1653909794800514     
         508         512   1.3543157572039684     
         511         512   1.4146409537217575     
         473         513  0.99704336570572927     
         474         514  0.99724903951064170     
         476         515  0.96029031602107950     
         479         516  0.98670197691431849     
         480         517  0.98464848390100990     
         485         518  0.98459173595060001     
         486         519  0.98655551205373893     
         488         520  0.99762840707844047     
         489         521  0.99821007125506644     
         494         522  0.99710815034642286     
         495         523  0.99728225090295275     
         497         524  0.96027821586652007     
         500         525  0.98656593240899937     
         501         526  0.98461477495016558     
         506         527  0.98463055681654210     
         507         528  0.98669138591390071     
         509         529  0.99759828055244582     
         510         530  0.99817883961321219     
         164         531   1.2265658494030347     
         531         532   1.2814375861554932     
         532         533   1.2701573949755209     
         533         534   1.5797429221327717     
         534         535   1.2615257509745845     
         532         536   1.2507905806426722     
         535         536   1.2244774549562640     
         535         537   1.3343809843791148     
         537         538   1.0553322706424828     
         538         539   1.4145125955219842     
         539         540   1.4650523486772202     
         540         541   1.4065964600817333     
         541         542   1.0045484216513763     
         542         543   1.5683858068259395     
         542         544   1.5687805058922288     
         543         544  0.38337611416788947     
         541         545   1.4066198475506826     
         538         546   1.4144064138643146     
         545         546   1.4648642487979766     
         537         547   1.3712498735328758     
         547         548   1.1585514435668713     
         548         549   1.6954530064084945     
         547         550   1.3547312577567348     
         549         551   1.1647216637571072     
         550         551   1.4133424982858329     
         168         552   1.2219443067458524     
         551         552   1.2870797344679816     
         552         553   1.2828576006631220     
         553         554   1.2692450290632080     
         554         555   1.5805654798691300     
         555         556   1.2610810476324805     
         553         557   1.2505064167735307     
         556         557   1.2236908727461917     
         556         558   1.3357597652421151     
         558         559   1.0554257153213635     
         559         560   1.4145355929885395     
         560         561   1.4647692662973875     
         561         562   1.4066875734568378     
         562         563   1.0046603454365819     
         563         564   1.5687490876413506     
         563         565   1.5683205037971020     
         564         565  0.38336374862033223     
         562         566   1.4064344234784043     
         559         567   1.4143433033725445     
         566         567   1.4652419420657559     
         558         568   1.3700907231712101     
         568         569   1.1591788794636024     
         569         570   1.6943119325426210     
         531         571   1.2850349178561018     
         570         571   1.1655338161169231     
         568         572   1.3547065833219591     
         571         572   1.4145113944216392     
         533         573  0.99701374735609516     
         534         574  0.99721997305852406     
         536         575  0.96030860422381437     
         539         576  0.98669870915139479     
         540         577  0.98464794396851330     
         545         578  0.98457555725358004     
         546         579  0.98654089609138251     
         548         580  0.99761184923921520     
         549         581  0.99815449697415348     
         554         582  0.99717691221712756     
         555         583  0.99734359273527917     
         557         584  0.96023506992991547     
         560         585  0.98657515123325223     
         561         586  0.98464088394694294     
         566         587  0.98460861787261345     
         567         588  0.98667903730958373     
         569         589  0.99755597954830177     
         570         590  0.99814145578971636     
