   -0.03675064
    0.05754381
   -0.04453912
   -0.04027821
    0.05482364
   -0.16419119
    0.00270056
    0.05218555
   -0.04267620
   -0.04112133
   -0.29155737
    0.06073159
    0.00666221
    0.06150285
   -0.03891177
   -0.04009846
    0.05444007
    0.00024339
    0.01650076
   -0.01793417
   -0.01412117
    0.00203484
    0.23099224
   -0.28360469
   -0.33613895
   -0.01639096
   -0.01870216
    0.05441926
   -0.04318534
   -0.04591235
    0.05469451
   -0.29680836
   -0.16086127
    0.01699583
   -0.01921396
   -0.01641410
    0.00266750
    0.23149690
   -0.28333166
   -0.33498835
   -0.01337125
   -0.01662090
    0.01588569
    0.02767107
    0.02098250
    0.15954755
    0.01455201
    0.01395720
    0.02218778
    0.02291350
    0.02779809
    0.03974613
    0.23738846
    0.03998863
    0.02610749
    0.01247078
    0.01893096
    0.15645889
    0.02681061
    0.04040770
    0.23793625
    0.04074624
    0.02850890
   -0.03675110
    0.05754399
   -0.04453914
   -0.04027779
    0.05482382
   -0.16419102
    0.00270065
    0.05218491
   -0.04267656
   -0.04112146
   -0.29155780
    0.06073144
    0.00666190
    0.06150299
   -0.03891159
   -0.04009814
    0.05444029
    0.00024323
    0.01650070
   -0.01793411
   -0.01412075
    0.00203474
    0.23099278
   -0.28360519
   -0.33613723
   -0.01639121
   -0.01870208
    0.05441905
   -0.04318549
   -0.04591241
    0.05469459
   -0.29680847
   -0.16086107
    0.01699626
   -0.01921392
   -0.01641369
    0.00266840
    0.23149592
   -0.28332710
   -0.33499331
   -0.01337158
   -0.01662102
    0.01588582
    0.02767125
    0.02098244
    0.15954759
    0.01455232
    0.01395718
    0.02218797
    0.02291356
    0.02779828
    0.03974632
    0.23738865
    0.03998848
    0.02610748
    0.01247096
    0.01893099
    0.15645892
    0.02681115
    0.04040807
    0.23793680
    0.04074626
    0.02850884
   -0.03391831
   -0.03391839
