           2           3   1.3907774162055271     
           3           4   1.1986835575151167     
           4           5   1.6420400791693950     
           5           6   1.2049512340428636     
           1           7  0.72175889508383007     
           3           7   1.2465643106024611     
           6           7   1.2471583328354561     
           6           8   1.3661693085349278     
           8           9   1.0417331552495350     
           9          10   1.4191207163757893     
          10          11   1.3922654406927566     
          11          12   1.1204440271398419     
          11          13   1.3603367586629680     
          13          14   1.0834436595444152     
          13          15   1.3710359700106980     
          15          16   1.0901823235266768     
           9          17   1.4119027932410642     
          15          17   1.3995946070207921     
           8          18   1.3727565139506657     
          18          19   1.2101088859445996     
          19          20   1.6316409523756767     
           1          21  0.71950624595357238     
          18          21   1.2400124228461626     
          20          22   1.2193303483552400     
          21          22   1.2675710386211787     
          22          23   1.3136175886044112     
          23          24   1.3102753778233269     
          24          25   1.2205195834053961     
          25          26   1.6306694453846589     
          26          27   1.2101509980362426     
           1          28  0.72051109251459922     
          24          28   1.2692333254581536     
          27          28   1.2386526961710080     
          27          29   1.3717040191821639     
          29          30   1.0424730430318525     
          30          31   1.4187884323691364     
          31          32   1.3923370558739234     
          32          33   1.1204251996078447     
          32          34   1.3602037144307995     
          34          35   1.0834994005094354     
          34          36   1.3710172447464564     
          36          37   1.0900712697835973     
          30          38   1.4115648066162727     
          36          38   1.3998353791906248     
          29          39   1.3665912644008813     
          39          40   1.2052869083057574     
          40          41   1.6423909948965438     
           2          42   1.3941552936722594     
          41          42   1.1977634129617742     
           1          43  0.72108720543056726     
          39          43   1.2485138684136814     
          42          43   1.2447559708887601     
           2          44  0.99917397686496523     
           4          45  0.99600732982525364     
           5          46   1.0017421080712585     
          10          47  0.99444969050629561     
          12          48  0.96641109493627664     
          14          49  0.96393889381435571     
          16          50  0.96405094541306879     
          17          51  0.99322050760243830     
          19          52   1.0007358776169859     
          20          53   1.0002241791031354     
          25          54  0.99984855795731387     
          26          55   1.0008264927681116     
          31          56  0.99456190581355075     
          33          57  0.96643151041696873     
          35          58  0.96394647941783029     
          37          59  0.96409910500803286     
          38          60  0.99318033202988210     
          40          61   1.0015166515775249     
          41          62  0.99601683407130126     
          64          65   1.3907755145571685     
          65          66   1.1986844467286404     
          66          67   1.6420393976093763     
          67          68   1.2049510955246745     
          63          69  0.72175885608170587     
          65          69   1.2465662790629812     
          68          69   1.2471556057604096     
          68          70   1.3661706376980347     
          70          71   1.0417366791218832     
          71          72   1.4191191673506875     
          72          73   1.3922658540899699     
          73          74   1.1204437366479383     
          73          75   1.3603366738803384     
          75          76   1.0834438005596623     
          75          77   1.3710356009013505     
          77          78   1.0901824455481983     
          71          79   1.4119010611051985     
          77          79   1.3995955245181433     
          70          80   1.3727537732611710     
          80          81   1.2101098909484138     
          81          82   1.6316397714601047     
          63          83  0.71951028441371356     
          80          83   1.2400096552274265     
          82          84   1.2193316529916400     
          83          84   1.2675715287659077     
          84          85   1.3136114478154284     
          85          86   1.3102832086369629     
          86          87   1.2205172722866147     
          87          88   1.6306721146377370     
          88          89   1.2101490599066025     
          63          90  0.72050952324378614     
          86          90   1.2692312843999767     
          89          90   1.2386550639055030     
          89          91   1.3717092144366423     
          91          92   1.0424672161315298     
          92          93   1.4187907848856149     
          93          94   1.3923366695502566     
          94          95   1.1204252847774705     
          94          96   1.3602038681032365     
          96          97   1.0834987064378865     
          96          98   1.3710185262531736     
          98          99   1.0900708419925227     
          92         100   1.4115677444356600     
          98         100   1.3998337861393724     
          91         101   1.3665903760898752     
         101         102   1.2052863641100837     
         102         103   1.6423923317813722     
          64         104   1.3941572966278193     
         103         104   1.1977619659932748     
          63         105  0.72108938367416708     
         101         105   1.2485163969208046     
         104         105   1.2447539212739545     
          64         106  0.99917399096555481     
          66         107  0.99600730951370453     
          67         108   1.0017418921485652     
          72         109  0.99444980534346050     
          74         110  0.96641113823051605     
          76         111  0.96393894048757001     
          78         112  0.96405105269380642     
          79         113  0.99322097992369562     
          81         114   1.0007353726864245     
          82         115   1.0002240461543557     
          87         116  0.99984898426210889     
          88         117   1.0008271427617994     
          93         118  0.99456173743361598     
          95         119  0.96643149620221391     
          97         120  0.96394650808778970     
          99         121  0.96409910215986727     
         100         122  0.99317968629872511     
         102         123   1.0015170339826029     
         103         124  0.99601686410330448     
          23         125   1.1939747185407290     
          85         126   1.1939736392383649     
         125         126   2.6451406390802492     
