   -0.07588198
   -0.01521644
    0.06033927
   -0.04007459
   -0.04031146
    0.06696667
   -0.17135877
    0.01955482
   -0.01736896
   -0.03241520
    0.02933028
   -0.01749469
    0.05233397
   -0.26375907
    0.05159289
   -0.01855309
    0.06594620
   -0.03887686
   -0.03742485
   -0.16945053
    0.06664218
    0.02435033
    0.06662832
   -0.03747103
   -0.03892080
    0.06589542
   -0.16954394
    0.01955546
   -0.01736645
   -0.03243742
    0.02933000
   -0.01760289
    0.05231065
   -0.26379662
    0.05158017
   -0.01846294
    0.06700213
   -0.04028211
   -0.04006698
    0.06033040
   -0.17134397
    0.02560094
    0.02786075
    0.02385124
    0.03526181
    0.03000724
    0.02824255
    0.03294510
    0.02520858
    0.02657114
    0.02650926
    0.02513441
    0.03528951
    0.02992706
    0.02826528
    0.03289930
    0.02391409
    0.02787627
   -0.07588071
   -0.01521537
    0.06033830
   -0.04007472
   -0.04031221
    0.06696463
   -0.17136179
    0.01955513
   -0.01737024
   -0.03241445
    0.02933023
   -0.01749352
    0.05233571
   -0.26375927
    0.05158957
   -0.01855682
    0.06595075
   -0.03887580
   -0.03742471
   -0.16944276
    0.06664441
    0.02435084
    0.06662671
   -0.03747179
   -0.03892202
    0.06589723
   -0.16954720
    0.01955632
   -0.01736842
   -0.03243746
    0.02933061
   -0.01760203
    0.05231129
   -0.26379832
    0.05157931
   -0.01846494
    0.06700049
   -0.04028270
   -0.04006629
    0.06032990
   -0.17134477
    0.02560065
    0.02786030
    0.02384896
    0.03526632
    0.03001000
    0.02824007
    0.03294092
    0.02521016
    0.02657287
    0.02650770
    0.02513498
    0.03528897
    0.02992904
    0.02826246
    0.03289920
    0.02391302
    0.02787630
   -0.01565920
   -0.01565912
   -0.01992399
   -0.01398436
   -0.01992529
   -0.01398453
