           1           2   1.3707087185414231     
           2           3   1.2422348085933812     
           3           4   1.5944320254043536     
           4           5   1.2546571995709621     
           2           6   1.2299217285063648     
           5           6   1.2270507968205837     
           5           7   1.3414497923375279     
           7           8   1.0567721127770542     
           8           9   1.4133438263511053     
           9          10   1.4612924207226272     
          10          11   1.3840207051101450     
          11          12   1.1419103908573180     
          12          13  0.97132547325969121     
          11          14   1.3707667267592092     
           8          15   1.4047025780436901     
          14          15   1.4759194539556577     
           7          16   1.3637072072633722     
          16          17   1.1654471551187966     
          17          18   1.6869057527761562     
          16          19   1.3574266047293251     
          18          20   1.1709814876339930     
          19          20   1.4139845261204076     
          20          21   1.2880986089192432     
          21          22   1.2869478600104711     
          22          23   1.2725592478409999     
          23          24   1.5782282581141047     
          24          25   1.2633256854822057     
          22          26   1.2498986220311874     
          25          26   1.2240319191610873     
          25          27   1.3395067195991435     
          27          28   1.0544129224810361     
          28          29   1.4146552426948176     
          29          30   1.4599925897582553     
          30          31   1.3845089898076528     
          31          32   1.1415671809852388     
          32          33  0.97127814706845395     
          31          34   1.3707353208637543     
          28          35   1.4054681689657473     
          34          35   1.4758365599366636     
          27          36   1.3597034347348504     
          36          37   1.1550010043342847     
          37          38   1.7045730976097990     
           1          39   1.3829818403461080     
          38          39   1.1485038578272162     
          36          40   1.3784454375755559     
          39          40   1.3758317813864216     
           1          41  0.99665453669909543     
           3          42  0.99358076671358853     
           4          43  0.99973971100913339     
           6          44  0.96223925896489115     
           9          45  0.98964109673765288     
          10          46  0.99128286427045043     
          12          47  0.97222369497658934     
          13          48  0.99636267098803966     
          13          49  0.99856437790030528     
          13          50   1.0056538960070531     
          14          51  0.98952051049854728     
          15          52  0.98972153160955323     
          17          53  0.99906427751182336     
          18          54  0.99931039597368210     
          23          55  0.99864847070857865     
          24          56  0.99906986117215146     
          26          57  0.96172722176899872     
          29          58  0.98994806174871464     
          30          59  0.99162695253794930     
          32          60  0.97182040774153744     
          33          61   1.0060205802568278     
          33          62  0.99608118274264656     
          33          63  0.99856400805217860     
          34          64  0.98931358278140935     
          35          65  0.98960273046034386     
          37          66   1.0003747980540325     
          38          67  0.99403977355555195     
          68          69   1.3705004992553851     
          69          70   1.2424256600877273     
          70          71   1.5942220432586391     
          71          72   1.2549126135507176     
          69          73   1.2299776612353939     
          72          73   1.2273655473402227     
          72          74   1.3408643970087573     
          74          75   1.0576295515553042     
          75          76   1.4128623720163009     
          76          77   1.4615978311163780     
          77          78   1.3838220028576098     
          78          79   1.1421952500643471     
          79          80  0.97115624047728766     
          78          81   1.3705563006172337     
          75          82   1.4042517945140152     
          81          82   1.4761915061397501     
          74          83   1.3638960838001286     
          83          84   1.1655826916077241     
          84          85   1.6870041164602003     
          83          86   1.3570540955916948     
          85          87   1.1711051538279493     
          86          87   1.4144238920836196     
          87          88   1.2874168957368148     
          88          89   1.2874770237577076     
          89          90   1.2719388582629216     
          90          91   1.5789515219738655     
          91          92   1.2627970903278483     
          89          93   1.2500192723960575     
          92          93   1.2237837567043361     
          92          94   1.3405385398170950     
          94          95   1.0533533311132022     
          95          96   1.4147490916413483     
          96          97   1.4600377869576113     
          97          98   1.3845674205003855     
          98          99   1.1413052957360861     
          99         100  0.97117679464683848     
          98         101   1.3712498769034651     
          95         102   1.4063288658547659     
         101         102   1.4751672012053521     
          94         103   1.3594007831758681     
         103         104   1.1549611511643452     
         104         105   1.7046636779531763     
          68         106   1.3834146771205054     
         105         106   1.1484958880371063     
         103         107   1.3788977560828031     
         106         107   1.3754641055036994     
          68         108  0.99665696962304706     
          70         109  0.99358575081284251     
          71         110  0.99970137403279269     
          73         111  0.96211823232815696     
          76         112  0.98967644107051211     
          77         113  0.99124191406085538     
          79         114  0.97219706748805368     
          80         115  0.99635914570433770     
          80         116  0.99854829522912480     
          80         117   1.0056688395928708     
          81         118  0.98951925835341414     
          82         119  0.98972775215252284     
          84         120  0.99894495310307896     
          85         121  0.99875386004016942     
          90         122  0.99885819050097435     
          91         123  0.99902593901188919     
          93         124  0.96157312736136225     
          96         125  0.98989426614969422     
          97         126  0.99161424871368442     
          99         127  0.97209326974825472     
         100         128   1.0060498615126505     
         100         129  0.99606887272594347     
         100         130  0.99856776428931437     
         101         131  0.98934618752699166     
         102         132  0.98957014176440805     
         104         133   1.0004460993257629     
         105         134  0.99403917431828270     
          21         135   1.2155101069407024     
         135         136   2.6085228577870527     
         137         138   2.5960113597756393     
         139         140   2.5954728676498386     
         141         142   2.5959352232320283     
          88         144   1.2159038180914636     
         143         144   2.6084434573091504     
         136         145   1.2182339901480037     
         145         146   1.2818189089839833     
         146         147   1.2754673392737628     
         147         148   1.5735436440508679     
         148         149   1.2672782960945819     
         146         150   1.2526832328973154     
         149         150   1.2216058100346201     
         149         151   1.3374338173293050     
         151         152   1.0482603480458750     
         152         153   1.4082600735376973     
         153         154   1.4742036913183225     
         154         155   1.3730570880352089     
         155         156   1.1391142199009476     
         156         157  0.97195434862884822     
         155         158   1.3862579668334589     
         152         159   1.4193243136416784     
         158         159   1.4576512495836464     
         151         160   1.3749900922651634     
         160         161   1.1653378448064238     
         161         162   1.6872530374090871     
         160         163   1.3510430855653219     
         162         164   1.1735903065480784     
         163         164   1.4193366440067379     
         137         165   1.2285798606731817     
         164         165   1.2813811567930289     
         165         166   1.2766351581333366     
         166         167   1.2801304363095265     
         167         168   1.5693305177738983     
         168         169   1.2706377042312464     
         166         170   1.2525320000232492     
         169         170   1.2247816759322936     
         169         171   1.3296104429957696     
         171         172   1.0598367618812017     
         172         173   1.4130784294152496     
         173         174   1.4617201128584680     
         174         175   1.3837555508477422     
         175         176   1.1419849476561779     
         176         177  0.97146052007339434     
         175         178   1.3707364528746067     
         172         179   1.4028889039732695     
         178         179   1.4768457630954546     
         171         180   1.3736347010971728     
         180         181   1.1646152613081808     
         181         182   1.6864057148023137     
         145         183   1.2833065073771386     
         182         183   1.1723511063673531     
         180         184   1.3520556593197053     
         183         184   1.4177076296364977     
         147         185  0.99871539312048441     
         148         186   1.0002356544402462     
         150         187  0.96292786522052154     
         153         188  0.98945048562293481     
         154         189  0.98952631244090428     
         156         190  0.97330117864369470     
         157         191  0.99566134534486828     
         157         192  0.99873574526291764     
         157         193   1.0061938994420774     
         158         194  0.99121573699290255     
         159         195  0.98987134263886190     
         161         196   1.0003434384783227     
         162         197  0.99775390233599581     
         167         198  0.99808478949014834     
         168         199  0.99946986023325901     
         170         200  0.96337931218736916     
         173         201  0.99013634044746224     
         174         202  0.99114613394318718     
         176         203  0.97270083234510618     
         177         204   1.0062120982442850     
         177         205  0.99874841980974693     
         177         206  0.99560065111778517     
         178         207  0.98933416274076458     
         179         208  0.98937234723488598     
         181         209  0.99982537080506284     
         182         210  0.99935977622356331     
         138         211   1.2286416874513477     
         211         212   1.2787654733786633     
         212         213   1.2775549161416331     
         213         214   1.5735134006673577     
         214         215   1.2674814824257830     
         212         216   1.2528089215864928     
         215         216   1.2226416631513246     
         215         217   1.3362986681649929     
         217         218   1.0474829457924999     
         218         219   1.4085292656947510     
         219         220   1.4740616312969572     
         220         221   1.3730434083091827     
         221         222   1.1390804264438790     
         222         223  0.97195243277555665     
         221         224   1.3863949184506503     
         218         225   1.4196962478797799     
         224         225   1.4574767060680478     
         217         226   1.3770688028423166     
         226         227   1.1649726220328132     
         227         228   1.6877011410148925     
         226         229   1.3501360979545964     
         228         230   1.1735099620392293     
         229         230   1.4200644272530383     
         139         231   1.2291692651502943     
         230         231   1.2806348266186893     
         231         232   1.2764108948108113     
         232         233   1.2801631331323540     
         233         234   1.5696468926345786     
         234         235   1.2702773064501829     
         232         236   1.2528251492112865     
         235         236   1.2239639438419065     
         235         237   1.3311181290609555     
         237         238   1.0590732297239103     
         238         239   1.4136179864003979     
         239         240   1.4614709791210010     
         240         241   1.3837241929900619     
         241         242   1.1420895230361585     
         242         243  0.97131620396738039     
         241         244   1.3705138516582804     
         238         245   1.4030469280505757     
         244         245   1.4768564532800041     
         237         246   1.3726779820960433     
         246         247   1.1663459245400485     
         247         248   1.6837700275875422     
         211         249   1.2782467643398345     
         248         249   1.1750625058502155     
         246         250   1.3515424745790323     
         249         250   1.4198953798124900     
         213         251  0.99699518082899041     
         214         252   1.0002301418187962     
         216         253  0.96306030075635141     
         219         254  0.98942975229188868     
         220         255  0.98957624784627563     
         222         256  0.97332912427685281     
         223         257  0.99549022725549974     
         223         258  0.99878740518318720     
         223         259   1.0062769600975994     
         224         260  0.99119485950152320     
         225         261  0.98974733480444654     
         227         262   1.0005022533252768     
         228         263  0.99778469796003411     
         233         264  0.99812191794399163     
         234         265  0.99960627609609165     
         236         266  0.96327483110793410     
         239         267  0.99017134523596217     
         240         268  0.99115051700354329     
         242         269  0.97245883350412798     
         243         270   1.0061762064901441     
         243         271  0.99875353528813926     
         243         272  0.99559179331736380     
         244         273  0.98936883671896303     
         245         274  0.98933932222501475     
         247         275   1.0000323240186859     
         248         276  0.99887567697482382     
         140         277   1.2290876181397816     
         277         278   1.2791795522978875     
         278         279   1.2776303826986783     
         279         280   1.5734990566076130     
         280         281   1.2677514639641427     
         278         282   1.2523673525422838     
         281         282   1.2232313082182464     
         281         283   1.3351921745513753     
         283         284   1.0486876737099660     
         284         285   1.4075901405794737     
         285         286   1.4746094496405817     
         286         287   1.3724476995495438     
         287         288   1.1397576569205590     
         288         289  0.97174199454132681     
         287         290   1.3860387598610322     
         284         291   1.4192907680444420     
         290         291   1.4577669202825201     
         283         292   1.3771553655501296     
         292         293   1.1646822833530057     
         293         294   1.6880640154471640     
         292         295   1.3503833663944529     
         294         296   1.1729507802085426     
         295         296   1.4196661477096595     
         141         297   1.2285534825531343     
         296         297   1.2818732900271324     
         297         298   1.2750670808188782     
         298         299   1.2803813331546141     
         299         300   1.5689369338589512     
         300         301   1.2707974889904128     
         298         302   1.2535025995276095     
         301         302   1.2233148623977550     
         301         303   1.3309852364019374     
         303         304   1.0608583203272375     
         304         305   1.4129406909982356     
         305         306   1.4619505334339722     
         306         307   1.3835983808464707     
         307         308   1.1422074333496073     
         308         309  0.97117190522903551     
         307         310   1.3703739804154922     
         304         311   1.4020921799545882     
         310         311   1.4772380862533632     
         303         312   1.3716455822356970     
         312         313   1.1668216845636517     
         313         314   1.6833935294317728     
         277         315   1.2779673967064724     
         314         315   1.1752279989277241     
         312         316   1.3517125574001971     
         315         316   1.4201725978157669     
         279         317  0.99695713936801256     
         280         318   1.0001182166846807     
         282         319  0.96320280658932012     
         285         320  0.98945698917920410     
         286         321  0.98954415176090582     
         288         322  0.97312069516737132     
         289         323  0.99536006368291630     
         289         324  0.99877993893632466     
         289         325   1.0062782447411276     
         290         326  0.99120748370124423     
         291         327  0.98980102345670551     
         293         328   1.0004600309535951     
         294         329  0.99809933382026539     
         299         330  0.99826099152869696     
         300         331  0.99949469277765635     
         302         332  0.96324720286438448     
         305         333  0.99020861324629184     
         306         334  0.99114738707296368     
         308         335  0.97267860756632440     
         309         336   1.0062158290054886     
         309         337  0.99875679497766445     
         309         338  0.99548764746131513     
         310         339  0.98933339940965948     
         311         340  0.98937516531848269     
         313         341  0.99989705261914175     
         314         342  0.99890808329729852     
         142         343   1.2286335890535049     
         343         344   1.2802201346108837     
         344         345   1.2773524072757825     
         345         346   1.5733208137055150     
         346         347   1.2679442671339061     
         344         348   1.2518320171960919     
         347         348   1.2243198931941597     
         347         349   1.3337283911442732     
         349         350   1.0490344059594900     
         350         351   1.4070858777216058     
         351         352   1.4750696853531799     
         352         353   1.3719496978017791     
         353         354   1.1404853535321051     
         354         355  0.97155617537800687     
         353         356   1.3856853067469650     
         350         357   1.4191682535516745     
         356         357   1.4577637495424152     
         349         358   1.3781530824903918     
         358         359   1.1629479352601715     
         359         360   1.6904989041895193     
         358         361   1.3505513132326177     
         360         362   1.1704339069022789     
         361         362   1.4179446047482038     
         143         363   1.2185365886671482     
         362         363   1.2859149110757644     
         363         364   1.2792769838921052     
         364         365   1.2778516943638196     
         365         366   1.5702513031012548     
         366         367   1.2700418504170676     
         364         368   1.2529083886601564     
         367         368   1.2227260914757165     
         367         369   1.3326215018881959     
         369         370   1.0610968364857856     
         370         371   1.4127794179651150     
         371         372   1.4620701020487239     
         372         373   1.3836202259989110     
         373         374   1.1423332084852285     
         374         375  0.97126964347208866     
         373         376   1.3703698634330350     
         370         377   1.4020256878141526     
         376         377   1.4771615214598213     
         369         378   1.3699108560003963     
         378         379   1.1672692212788538     
         379         380   1.6827614611524284     
         343         381   1.2778330145265568     
         380         381   1.1752612718433830     
         378         382   1.3522687234925717     
         381         382   1.4200309087981200     
         345         383  0.99721312418991992     
         346         384  0.99996823027378257     
         348         385  0.96325326656581323     
         351         386  0.98958298959095303     
         352         387  0.98955819050413740     
         354         388  0.97273838966125659     
         355         389  0.99549328437091777     
         355         390  0.99876034204056674     
         355         391   1.0061833126729893     
         356         392  0.99121453913174462     
         357         393  0.98980372946437911     
         359         394   1.0003400326167309     
         360         395  0.99929563538242494     
         365         396  0.99861698115844455     
         366         397  0.99949438415628011     
         368         398  0.96316616305280178     
         371         399  0.99016429415455487     
         372         400  0.99106919690335038     
         374         401  0.97269553170413403     
         375         402   1.0062058077274605     
         375         403  0.99868806305286173     
         375         404  0.99527761843883267     
         376         405  0.98946126423077474     
         377         406  0.98950720932363745     
         379         407  0.99972055476499777     
         380         408  0.99905926860554561     
