           2           3   1.3839947714585719     
           3           4   1.2009902883911505     
           4           5   1.6378819433892673     
           5           6   1.2081846489262742     
           1           7  0.56717033391798810     
           3           7   1.2819688941043137     
           6           7   1.2751340626887708     
           6           8   1.3622092934127819     
           8           9   1.0574731025532216     
           9          10   1.4092594410329533     
          10          11   1.4748932818678213     
          11          12   1.3850002657021274     
          12          13   1.0863591617957773     
          13          14   1.9316942586308048     
          12          15   1.3800783655578899     
           9          16   1.4140100879437429     
          15          16   1.4700665846493037     
           8          17   1.3552788402105125     
          17          18   1.2214907182172792     
          18          19   1.6136446938882596     
           1          20  0.56177785196606544     
          17          20   1.2642048288715111     
          19          21   1.2318302673483330     
          20          21   1.3110189325700956     
          21          22   1.2803858473992307     
          22          23   1.2810412585787156     
          23          24   1.2317577795203474     
          24          25   1.6137608322990502     
          25          26   1.2213645000426181     
           1          27  0.56110987502713572     
          23          27   1.3109131960777873     
          26          27   1.2643381961723852     
          26          28   1.3554776407412441     
          28          29   1.0569829347297119     
          29          30   1.4139091924729839     
          30          31   1.4702216232915895     
          31          32   1.3799762732609857     
          32          33   1.0862858648174873     
          33          34   1.9318508405605983     
          32          35   1.3852436525607745     
          29          36   1.4098208269708465     
          35          36   1.4745507429624054     
          28          37   1.3623071710977872     
          37          38   1.2081491292389721     
          38          39   1.6379151269543628     
           2          40   1.3838829791922416     
          39          40   1.2009404984552412     
           1          41  0.56795901624615108     
          37          41   1.2748914568438723     
          40          41   1.2820726266841631     
           2          42  0.99850052974764136     
           4          43  0.99457697189619887     
           5          44  0.99985623157705450     
          10          45  0.98941011992922023     
          11          46  0.98879065604159155     
          13          47  0.95546707636664396     
          15          48  0.98295232826312151     
          16          49  0.98910010239444046     
          18          50  0.99882898875989135     
          19          51  0.99975802775106659     
          24          52  0.99968170983875226     
          25          53  0.99887568693837692     
          30          54  0.98908034458972438     
          31          55  0.98291863586380790     
          33          56  0.95548764715938062     
          35          57  0.98879917713652143     
          36          58  0.98938604849441525     
          38          59  0.99987339006216702     
          39          60  0.99456783992057718     
          62          63   1.3839383857176102     
          63          64   1.2010001940099413     
          64          65   1.6378541669332465     
          65          66   1.2082060770702285     
          61          67  0.56711264411558115     
          63          67   1.2820127026378527     
          66          67   1.2750997478829464     
          66          68   1.3622431358637412     
          68          69   1.0573539076850278     
          69          70   1.4093142008359880     
          70          71   1.4748725545392349     
          71          72   1.3850092343421538     
          72          73   1.0863495312755407     
          73          74   1.9316906177096134     
          72          75   1.3800921553453716     
          69          76   1.4140616344390369     
          75          76   1.4700439794139930     
          68          77   1.3553280483829611     
          77          78   1.2214827155576278     
          78          79   1.6136436765300182     
          61          80  0.56178345713653854     
          77          80   1.2642030799030219     
          79          81   1.2318364058854248     
          80          81   1.3110078995636258     
          81          82   1.2804050204858182     
          82          83   1.2810175400242625     
          83          84   1.2317760159079756     
          84          85   1.6137291374648375     
          85          86   1.2213981750817045     
          61          87  0.56110385021477893     
          83          87   1.3109227125413661     
          86          87   1.2643546151813478     
          86          88   1.3553716512616998     
          88          89   1.0571888787390147     
          89          90   1.4138144425432533     
          90          91   1.4702667576656978     
          91          92   1.3799447581398334     
          92          93   1.0863333697883166     
          93          94   1.9317917559306386     
          92          95   1.3851819210175558     
          89          96   1.4097009852854177     
          95          96   1.4746271396600990     
          88          97   1.3622481948523768     
          97          98   1.2081344145835511     
          98          99   1.6379285195451916     
          62         100   1.3839427969849696     
          99         100   1.2009450006685509     
          61         101  0.56801492785191299     
          97         101   1.2749315320870578     
         100         101   1.2820151078651778     
          62         102  0.99850021732935468     
          64         103  0.99457829767439077     
          65         104  0.99986297577780492     
          70         105  0.98940328806005873     
          71         106  0.98878966859704021     
          73         107  0.95549209454283746     
          75         108  0.98295207537276807     
          76         109  0.98909437796044875     
          78         110  0.99883671601983315     
          79         111  0.99975972792095913     
          84         112  0.99968097776632991     
          85         113  0.99886619996896486     
          90         114  0.98909146213799715     
          91         115  0.98291962646724318     
          93         116  0.95547906892416024     
          95         117  0.98880235705627273     
          96         118  0.98939305048315418     
          98         119  0.99986366217696365     
          99         120  0.99456624670752936     
         121         122   2.3539651235031487     
         122         123   1.3698323969834811     
          22         124   1.2390166445248083     
         121         124  0.16379577735930786     
         123         124   2.4509590893867492     
         121         125   1.3698157025574504     
          82         126   1.2390079295318024     
         122         126  0.16378632021265677     
         125         126   2.4509819371608126     
