   -0.02423695
    0.06122471
   -0.03640103
   -0.03357368
    0.06168110
   -0.16012092
    0.00821153
   -0.00310272
   -0.02291030
   -0.04143267
    0.08711756
   -0.29734274
   -0.03537709
   -0.02354091
    0.05814683
   -0.03855526
   -0.03864121
   -0.28633654
    0.06350204
    0.01632074
    0.06573134
   -0.03387666
   -0.03339824
    0.06109162
   -0.15779985
    0.00746246
   -0.00316165
   -0.02296216
   -0.03490571
    0.08705632
   -0.29719067
   -0.04203867
   -0.02362727
    0.05929652
   -0.03892764
   -0.04127935
    0.05803295
   -0.28899197
    0.02647961
    0.03707551
    0.02883638
    0.16306829
    0.02630645
    0.03769125
    0.22743134
    0.03779328
    0.02599830
    0.01997357
    0.02354108
    0.03335628
    0.02971154
    0.16158648
    0.02707331
    0.03873024
    0.22699870
    0.03659884
    0.02511043
    0.01891184
    0.02697433
   -0.02360467
    0.06138968
   -0.03601937
   -0.03334242
    0.06206410
   -0.15982860
    0.00834145
   -0.00317319
   -0.02300130
   -0.04138620
    0.08719260
   -0.29722455
   -0.03528593
   -0.02356974
    0.05867173
   -0.03827186
   -0.03826636
   -0.28628658
    0.06373007
    0.01667963
    0.06601641
   -0.03337046
   -0.03300063
    0.06156741
   -0.15780552
    0.00771966
   -0.00320133
   -0.02303838
   -0.03485037
    0.08716101
   -0.29705486
   -0.04192482
   -0.02360961
    0.05963071
   -0.03873990
   -0.04099652
    0.05820398
   -0.28859314
    0.02701560
    0.03755194
    0.02927451
    0.16329820
    0.02646834
    0.03786431
    0.22757726
    0.03803522
    0.02616044
    0.02038406
    0.02376612
    0.03365284
    0.03019732
    0.16185389
    0.02709892
    0.03888817
    0.22718953
    0.03685301
    0.02536108
    0.01929833
    0.02741252
   -0.02106302
   -0.02209947
   -0.02465849
   -0.01835044
   -0.02314322
   -0.02180945
   -0.02436128
   -0.02049757
   -0.02381042
   -0.02106161
   -0.02370522
   -0.02116644
   -0.02447776
   -0.02028010
   -0.02286908
   -0.02195247
   -0.02433778
   -0.01761779
   -0.02034873
   -0.02173110
    0.01197245
    0.06485094
   -0.03686999
   -0.03451883
    0.05917931
   -0.15782372
    0.01042836
   -0.00233285
   -0.02278749
   -0.04166139
    0.08681842
   -0.29787306
   -0.03526612
   -0.02293766
    0.05652276
   -0.03941995
   -0.04033495
   -0.28610436
    0.06301194
    0.01449305
    0.06524059
   -0.03553147
   -0.03426246
    0.05947094
   -0.15707083
    0.01005195
   -0.00239131
   -0.02270594
   -0.03504542
    0.08689144
   -0.29772278
   -0.04178687
   -0.02287545
    0.05683577
   -0.03923827
   -0.04079074
    0.06268177
   -0.28708100
    0.03009079
    0.02752844
    0.16158044
    0.02599298
    0.03669116
    0.22660596
    0.03738763
    0.02614975
    0.01822616
    0.02144141
    0.03217524
    0.02821642
    0.16138792
    0.02656745
    0.03780913
    0.22648756
    0.03642111
    0.02562124
    0.01800380
    0.02056262
    0.01308620
    0.06508768
   -0.03630740
   -0.03447960
    0.05897358
   -0.15728025
    0.01063996
   -0.00223644
   -0.02277307
   -0.04175298
    0.08681295
   -0.29790617
   -0.03512697
   -0.02269706
    0.05632173
   -0.03947251
   -0.04066069
   -0.28632092
    0.06291662
    0.01367197
    0.06513981
   -0.03601907
   -0.03440157
    0.05908086
   -0.15717695
    0.01057515
   -0.00225345
   -0.02268149
   -0.03508543
    0.08682278
   -0.29786565
   -0.04178803
   -0.02280335
    0.05630624
   -0.03950328
   -0.04086923
    0.06283446
   -0.28649573
    0.03119879
    0.02765345
    0.16139904
    0.02578957
    0.03640094
    0.22638300
    0.03750990
    0.02642505
    0.01788406
    0.02089763
    0.03157303
    0.02784076
    0.16137774
    0.02648473
    0.03760848
    0.22636422
    0.03633064
    0.02572279
    0.01775302
    0.02057160
    0.01379095
    0.06514209
   -0.03597685
   -0.03440877
    0.05910204
   -0.15715305
    0.01053848
   -0.00225003
   -0.02281640
   -0.04180459
    0.08680699
   -0.29788188
   -0.03508156
   -0.02267378
    0.05631352
   -0.03951688
   -0.04091907
   -0.28653168
    0.06284955
    0.01291268
    0.06506089
   -0.03638028
   -0.03446174
    0.05896124
   -0.15730755
    0.01068159
   -0.00224985
   -0.02271075
   -0.03513117
    0.08683878
   -0.29786613
   -0.04172959
   -0.02275839
    0.05634019
   -0.03945157
   -0.04061841
    0.06293302
   -0.28627911
    0.03164164
    0.02785785
    0.16137659
    0.02568624
    0.03629040
    0.22633471
    0.03762762
    0.02652017
    0.01770897
    0.02048189
    0.03115536
    0.02766915
    0.16139745
    0.02640142
    0.03751715
    0.22643064
    0.03645770
    0.02581898
    0.01793826
    0.02097358
    0.01484634
    0.06526552
   -0.03533322
   -0.03423066
    0.05965672
   -0.15703250
    0.00978452
   -0.00242781
   -0.02298222
   -0.04186738
    0.08683306
   -0.29776641
   -0.03503718
   -0.02271699
    0.05709393
   -0.03923876
   -0.04079994
   -0.28722535
    0.06263536
    0.01189638
    0.06497581
   -0.03663601
   -0.03422601
    0.05946404
   -0.15790422
    0.01047261
   -0.00239591
   -0.02296371
   -0.03521289
    0.08693854
   -0.29770690
   -0.04159682
   -0.02277506
    0.05671561
   -0.03932901
   -0.04017464
    0.06308506
   -0.28595678
    0.03237123
    0.02835434
    0.16146733
    0.02554100
    0.03633605
    0.22644695
    0.03789456
    0.02667618
    0.01791583
    0.02027489
    0.03019199
    0.02782587
    0.16170196
    0.02613684
    0.03752001
    0.22676676
    0.03686264
    0.02610979
    0.01843674
    0.02167344
