    0.29947710
   -0.02105270
    0.05497842
   -0.04007105
   -0.03795962
    0.05795575
   -0.21515296
    0.00948747
    0.02525088
   -0.01621599
    0.05380552
   -0.25794333
    0.05369059
   -0.01636851
    0.05721447
   -0.03656040
   -0.03774159
   -0.21343200
    0.06093821
    0.01775577
    0.06088637
   -0.03755934
   -0.03635599
    0.05737306
   -0.21340579
    0.00829873
    0.02455929
   -0.01619798
    0.05332643
   -0.25785520
    0.05388057
   -0.01553697
    0.05816611
   -0.03767386
   -0.03982028
    0.05497530
   -0.21505358
    0.02472499
    0.02700611
    0.02200447
    0.02416701
    0.02848266
    0.02819337
    0.02381354
    0.02346482
    0.02462041
    0.02467622
    0.02244833
    0.02368029
    0.02776046
    0.02896045
    0.02476255
    0.02092498
    0.02714959
    0.29839508
   -0.02097919
    0.05511209
   -0.04004562
   -0.03794696
    0.05809569
   -0.21527155
    0.00951631
    0.02527865
   -0.01617749
    0.05381215
   -0.25788846
    0.05372071
   -0.01634386
    0.05728822
   -0.03656500
   -0.03777662
   -0.21353820
    0.06111081
    0.01769994
    0.06109337
   -0.03758619
   -0.03636236
    0.05743467
   -0.21356668
    0.00842248
    0.02465117
   -0.01620026
    0.05336247
   -0.25778616
    0.05393024
   -0.01551730
    0.05829211
   -0.03769616
   -0.03980455
    0.05509677
   -0.21514845
    0.02466110
    0.02706692
    0.02203857
    0.02418968
    0.02846097
    0.02822555
    0.02385547
    0.02346958
    0.02463541
    0.02473560
    0.02255002
    0.02371895
    0.02777858
    0.02901033
    0.02481195
    0.02104652
    0.02718130
   -0.01358936
   -0.01979070
   -0.01291125
   -0.01463773
   -0.01470413
   -0.01254887
   -0.01953288
   -0.01302446
   -0.01306051
   -0.01954669
   -0.01258347
   -0.01473036
   -0.01466388
   -0.01294146
   -0.01980432
   -0.01359258
    0.30693037
    0.01804390
    0.06099616
   -0.03778448
   -0.03605453
    0.05734100
   -0.21263465
    0.01085400
    0.02476716
   -0.01541663
    0.05405500
   -0.25715102
    0.05400384
   -0.01545427
    0.05744051
   -0.03589800
   -0.03763236
   -0.21268506
    0.06115617
    0.01812444
    0.06095770
   -0.03772728
   -0.03601395
    0.05738076
   -0.21256511
    0.01086331
    0.02475739
   -0.01543424
    0.05402916
   -0.25713410
    0.05404029
   -0.01543325
    0.05742886
   -0.03591300
   -0.03766573
    0.06117512
   -0.21275473
    0.02456540
    0.02253777
    0.02482302
    0.02911263
    0.02899877
    0.02484462
    0.02256144
    0.02463093
    0.02460129
    0.02257792
    0.02475936
    0.02904412
    0.02907408
    0.02489716
    0.02254820
    0.02464035
