   -0.02346364
    0.06240647
   -0.03494073
   -0.03198624
    0.06317232
   -0.15876870
    0.00984720
    0.02374616
   -0.01492914
    0.05502686
   -0.25543545
    0.05426927
   -0.01665414
    0.05973208
   -0.03666047
   -0.03755239
   -0.28499142
    0.06518971
    0.01639047
    0.06680677
   -0.03329193
   -0.03216693
    0.06237625
   -0.15624308
    0.00871391
    0.02362336
   -0.01626414
    0.05450038
   -0.25580531
    0.05449480
   -0.01566050
    0.06132651
   -0.03680069
   -0.03920411
    0.05947154
   -0.28812473
    0.02843008
    0.03981366
    0.03281527
    0.16429784
    0.02909662
    0.03170266
    0.03051778
    0.02836502
    0.02412315
    0.02623767
    0.03576228
    0.03328632
    0.16300558
    0.02907939
    0.03107519
    0.03059966
    0.02802783
    0.02342206
    0.03010952
   -0.02347944
    0.06241072
   -0.03494618
   -0.03199596
    0.06317399
   -0.15881529
    0.00984076
    0.02377172
   -0.01495161
    0.05501720
   -0.25541027
    0.05431328
   -0.01662763
    0.05974812
   -0.03666476
   -0.03755008
   -0.28493392
    0.06517469
    0.01641761
    0.06677610
   -0.03331761
   -0.03217699
    0.06237729
   -0.15626404
    0.00868581
    0.02358671
   -0.01625752
    0.05448696
   -0.25584040
    0.05446740
   -0.01567497
    0.06134585
   -0.03677973
   -0.03920600
    0.05947185
   -0.28809510
    0.02843200
    0.03982578
    0.03282310
    0.16431018
    0.02906747
    0.03166619
    0.03055167
    0.02840611
    0.02412263
    0.02623221
    0.03575670
    0.03326675
    0.16299762
    0.02904536
    0.03105037
    0.03056030
    0.02793882
    0.02341037
    0.03009135
   -0.01735228
   -0.01941936
   -0.01508901
   -0.01455957
   -0.01531009
   -0.01299882
   -0.01668817
   -0.01254451
   -0.02138674
   -0.01476137
   -0.01607057
   -0.02067783
   -0.01396028
   -0.01592214
   -0.01440363
   -0.01439728
   -0.01593007
   -0.01396035
   -0.02068957
   -0.01605644
   -0.01474526
   -0.02139326
   -0.01253607
   -0.01668471
   -0.01298790
   -0.01530188
   -0.01455014
   -0.01507700
   -0.01940255
   -0.01733139
    0.01357310
    0.06639730
   -0.03528531
   -0.03267830
    0.06072816
   -0.15591046
    0.01198354
    0.02439765
   -0.01480656
    0.05488236
   -0.25573511
    0.05448052
   -0.01595757
    0.05861367
   -0.03701355
   -0.03867498
   -0.28500605
    0.06482140
    0.01450937
    0.06648789
   -0.03478656
   -0.03252911
    0.06091760
   -0.15572556
    0.01186174
    0.02437369
   -0.01487430
    0.05484133
   -0.25572207
    0.05455636
   -0.01590173
    0.05868307
   -0.03704410
   -0.03895516
    0.06466028
   -0.28530789
    0.03374396
    0.03181506
    0.16309406
    0.02871999
    0.03084938
    0.03038184
    0.02881255
    0.02290998
    0.02475266
    0.03440375
    0.03213262
    0.16305014
    0.02857856
    0.03072118
    0.03056429
    0.02895023
    0.02275445
    0.02427368
    0.01450292
    0.06648810
   -0.03480266
   -0.03253826
    0.06091257
   -0.15572290
    0.01186486
    0.02435962
   -0.01486149
    0.05483118
   -0.25571341
    0.05455832
   -0.01589840
    0.05865135
   -0.03702837
   -0.03896936
   -0.28530043
    0.06467519
    0.01356380
    0.06638371
   -0.03529226
   -0.03268126
    0.06074178
   -0.15590716
    0.01196704
    0.02440755
   -0.01479903
    0.05489360
   -0.25573641
    0.05447890
   -0.01596416
    0.05861736
   -0.03702303
   -0.03867676
    0.06478868
   -0.28501038
    0.03438955
    0.03211163
    0.16304145
    0.02852774
    0.03069046
    0.03057950
    0.02896552
    0.02274966
    0.02428817
    0.03373964
    0.03181380
    0.16309737
    0.02873140
    0.03085743
    0.03037851
    0.02883644
    0.02290498
    0.02474859
