           2           3   1.3937548440339558     
           3           4   1.2035858867688369     
           4           5   1.6376867208585200     
           5           6   1.2086714376607555     
           1           7  0.87325300634680902     
           3           7   1.2218940387374908     
           6           7   1.2261744833435031     
           6           8   1.3638940808817117     
           8           9   1.0427411296664892     
           9          10   1.4300638935514087     
          10          11   1.4463308188582549     
          11          12   1.4788837048233925     
          10          13  0.10134321912006666     
          12          13   1.4782307167613500     
           9          14   1.4290785211858148     
          11          14  0.10136369433042425     
          13          14   1.4469371334820378     
           8          15   1.3713533914597946     
          15          16   1.2141096982498789     
          16          17   1.6265442401117611     
           1          18  0.86655652421959561     
          15          18   1.2171988136772820     
          17          19   1.2247354855090655     
          18          19   1.2457119481551691     
          19          20   1.3110195336630177     
          20          21   1.3104704645610770     
          21          22   1.2257902087829218     
          22          23   1.6244085744120276     
          23          24   1.2152903986794952     
           1          25  0.86676879515686756     
          21          25   1.2443732698226766     
          24          25   1.2188865047767463     
          24          26   1.3676819554348636     
          26          27   1.0504842524006144     
          27          28   1.4264646923427173     
          28          29   1.4474561218351933     
          29          30   1.4784037363172848     
          28          31  0.10068872302409025     
          30          31   1.4776959901004123     
          27          32   1.4260721994793617     
          29          32  0.10079835768694488     
          31          32   1.4478361707428595     
          26          33   1.3622680109929004     
          33          34   1.2093638868452870     
          34          35   1.6364473250677314     
           2          36   1.3937280548383844     
          35          36   1.2037619837456617     
           1          37  0.87266843885161882     
          33          37   1.2270119768060079     
          36          37   1.2213859624546008     
           2          38  0.99608695727544028     
           4          39  0.99302128753705809     
           5          40  0.99800716475393192     
          10          41  0.98807989741234648     
          11          42  0.98358512978940649     
          13          43  0.98377274431234096     
          14          44  0.98817881229585802     
          16          45  0.99672034477485738     
          17          46  0.99832205801956775     
          22          47  0.99843508635300826     
          23          48  0.99659943764403491     
          28          49  0.98858090650896002     
          29          50  0.98374801591990324     
          31          51  0.98337445351354869     
          32          52  0.98839951801010806     
          34          53  0.99763674062317276     
          35          54  0.99294471099925374     
          56          57   1.3944305233275829     
          57          58   1.2035319476826649     
          58          59   1.6375315593538700     
          59          60   1.2088903599863563     
          55          61  0.86811321745251224     
          57          61   1.2234416059978444     
          60          61   1.2283743786388006     
          60          62   1.3637974080097572     
          62          63   1.0434189763503263     
          63          64   1.4297269498634182     
          64          65   1.4466562935286869     
          65          66   1.4786229476861865     
          64          67  0.10135399253458589     
          66          67   1.4784527064300153     
          63          68   1.4290654999708026     
          65          68  0.10129935518913585     
          67          68   1.4468020119374632     
          62          69   1.3721162909014939     
          69          70   1.2144050154115613     
          70          71   1.6259716746412474     
          55          72  0.86310555263955668     
          69          72   1.2177814573697010     
          71          73   1.2264362146070644     
          72          73   1.2485960133462557     
          73          74   1.3094102231851188     
          74          75   1.3093233310326826     
          75          76   1.2269852590327337     
          76          77   1.6245636476959586     
          77          78   1.2153768894076076     
          55          79  0.86249411232126505     
          75          79   1.2473986404523263     
          78          79   1.2191662256611711     
          78          80   1.3697448767587623     
          80          81   1.0474896001990850     
          81          82   1.4276038423487567     
          82          83   1.4471527256768413     
          83          84   1.4783975779865948     
          82          85  0.10096057443999364     
          84          85   1.4782266758997049     
          81          86   1.4276084466398120     
          83          86  0.10111389797421758     
          85          86   1.4471457422622438     
          80          87   1.3634843217019164     
          87          88   1.2091812528411316     
          88          89   1.6369487557557425     
          56          90   1.3940551340238982     
          89          90   1.2036970540437262     
          55          91  0.86801121228152556     
          87          91   1.2284129236295556     
          90          91   1.2235519582776722     
          56          92  0.99617860712279782     
          58          93  0.99288968725663307     
          59          94  0.99783387379929267     
          64          95  0.98826657558757536     
          65          96  0.98359401205303176     
          67          97  0.98370057076948103     
          68          98  0.98819472505344208     
          70          99  0.99700887540776495     
          71         100  0.99720269122047933     
          76         101  0.99702717700644217     
          77         102  0.99670515058879661     
          82         103  0.98843451769215851     
          83         104  0.98376537472151704     
          85         105  0.98338258076672924     
          86         106  0.98802283410183622     
          88         107  0.99776997460240335     
          89         108  0.99287352470066281     
          20         109   1.1943146150604989     
         109         110   2.6366202079601382     
          74         112   1.1979068217774458     
         111         112   2.6346211068330225     
         110         114   1.1958230448733149     
         114         115   1.3080388233851012     
         115         116   1.2288676089184121     
         116         117   1.6204792254183793     
         117         118   1.2187291984112949     
         113         119  0.86601766278705228     
         115         119   1.2453008445074958     
         118         119   1.2186865704406409     
         118         120   1.3643286604420315     
         120         121   1.0516964009893628     
         121         122   1.4263967339547921     
         122         123   1.4472066268920882     
         123         124   1.4786877257189615     
         122         125  0.10081151375524795     
         124         125   1.4782250496897886     
         121         126   1.4261259154788206     
         123         126  0.10074856959779231     
         125         126   1.4475606873640992     
         120         127   1.3658263280894507     
         127         128   1.2182746754624776     
         128         129   1.6213557218100505     
         113         130  0.86878217533451507     
         127         130   1.2178855173299743     
         129         131   1.2291503995405337     
         130         131   1.2454558641938673     
         111         132   1.2002342127894310     
         131         132   1.3064995820121375     
         132         133   1.3064773381459265     
         133         134   1.2295843810542586     
         134         135   1.6206236931494180     
         135         136   1.2190257174527053     
         113         137  0.86761968824832891     
         133         137   1.2445150201336261     
         136         137   1.2192167472167623     
         136         138   1.3638855538437629     
         138         139   1.0517356860266933     
         139         140   1.4262474002408998     
         140         141   1.4474596710773810     
         141         142   1.4782931978941574     
         140         143  0.10080799642280637     
         142         143   1.4786495761279592     
         139         144   1.4262583493928853     
         141         144  0.10076565057140130     
         143         144   1.4472501067472878     
         138         145   1.3662534016652330     
         145         146   1.2177298069812432     
         146         147   1.6216399564361539     
         114         148   1.3085339169625854     
         147         148   1.2282339614402384     
         113         149  0.86715053194516900     
         145         149   1.2176723609884303     
         148         149   1.2459926615218038     
         116         150  0.99784708246014875     
         117         151  0.99706837185592789     
         122         152  0.98833057764657517     
         123         153  0.98345546673460760     
         125         154  0.98351190836479807     
         126         155  0.98860422526359248     
         128         156  0.99722584603851649     
         129         157  0.99763776925888625     
         134         158  0.99774041480723874     
         135         159  0.99717259684066140     
         140         160  0.98857850087007382     
         141         161  0.98353477187886651     
         143         162  0.98342474706624017     
         144         163  0.98840385681955212     
         146         164  0.99700429351582243     
         147         165  0.99781588399970955     
