   -0.06424162
   -0.01673765
    0.06287402
   -0.03941058
   -0.03687175
    0.06397004
   -0.17028556
    0.01315833
   -0.00184092
   -0.02374922
   -0.04264724
    0.08665591
   -0.29810826
   -0.03503486
   -0.02208199
    0.06349346
   -0.03527979
   -0.03636047
   -0.16792564
    0.06872203
    0.02314035
    0.06876020
   -0.03642729
   -0.03538014
    0.06360148
   -0.16801131
    0.01373517
   -0.00163863
   -0.02287013
   -0.03536563
    0.08611941
   -0.29886555
   -0.04252363
   -0.02408137
    0.06406401
   -0.03708613
   -0.03938693
    0.06285034
   -0.17021040
    0.02749257
    0.02921031
    0.02167180
    0.02451759
    0.03536905
    0.22592753
    0.03778502
    0.02611014
    0.02384772
    0.02729857
    0.02728192
    0.02455753
    0.02544856
    0.03704468
    0.22575492
    0.03539749
    0.02451932
    0.02228753
    0.02915298
   -0.06444241
   -0.01660777
    0.06301419
   -0.03932399
   -0.03696844
    0.06423800
   -0.17022657
    0.01390598
   -0.00168767
   -0.02404388
   -0.04251784
    0.08630443
   -0.29858184
   -0.03521454
   -0.02268470
    0.06370650
   -0.03514063
   -0.03619736
   -0.16797219
    0.06909705
    0.02329916
    0.06902687
   -0.03619765
   -0.03510110
    0.06363509
   -0.16796323
    0.01343325
   -0.00182155
   -0.02215239
   -0.03500263
    0.08667757
   -0.29807712
   -0.04259190
   -0.02378148
    0.06416768
   -0.03680857
   -0.03932010
    0.06303284
   -0.17027542
    0.02746298
    0.02929766
    0.02238344
    0.02448323
    0.03540957
    0.22583786
    0.03731288
    0.02561861
    0.02491451
    0.02778979
    0.02771829
    0.02436434
    0.02610712
    0.03780191
    0.22596567
    0.03538426
    0.02454924
    0.02190718
    0.02933411
   -0.01971657
   -0.01675849
   -0.01999955
   -0.01616036
   -0.01969160
   -0.01641154
   -0.01982198
   -0.01640508
   -0.01994899
   -0.01611116
   -0.01961254
   -0.01680159
   -0.06173502
    0.02284606
    0.06898120
   -0.03668262
   -0.03498359
    0.06364134
   -0.16730264
    0.01574099
   -0.00158537
   -0.02189529
   -0.03492763
    0.08715251
   -0.29762584
   -0.04204352
   -0.02315350
    0.06363243
   -0.03457336
   -0.03629514
   -0.16716146
    0.06951475
    0.02311036
    0.06949217
   -0.03631245
   -0.03458888
    0.06363723
   -0.16718463
    0.01572750
   -0.00158144
   -0.02305013
   -0.04201544
    0.08712711
   -0.29767702
   -0.03498248
   -0.02195093
    0.06359515
   -0.03500381
   -0.03668904
    0.06900125
   -0.16733561
    0.02694315
    0.02369739
    0.02622852
    0.03782148
    0.22642464
    0.03626090
    0.02559506
    0.02404529
    0.02738698
    0.02737052
    0.02405365
    0.02571495
    0.03633769
    0.22639932
    0.03773593
    0.02613779
    0.02356230
    0.02684071
   -0.06036781
    0.02283951
    0.06934543
   -0.03643242
   -0.03466133
    0.06344335
   -0.16705369
    0.01573829
   -0.00163876
   -0.02188475
   -0.03491844
    0.08730077
   -0.29748305
   -0.04195746
   -0.02305931
    0.06355107
   -0.03457427
   -0.03638158
   -0.16690267
    0.06909282
    0.02300233
    0.06905240
   -0.03641812
   -0.03462596
    0.06356159
   -0.16695352
    0.01570141
   -0.00162848
   -0.02297989
   -0.04192065
    0.08725815
   -0.29755129
   -0.03500478
   -0.02194165
    0.06341825
   -0.03468585
   -0.03645067
    0.06932944
   -0.16706887
    0.02731449
    0.02385297
    0.02613534
    0.03777648
    0.22657843
    0.03650224
    0.02580655
    0.02391474
    0.02729616
    0.02724366
    0.02388344
    0.02586770
    0.03656029
    0.22655378
    0.03764012
    0.02605032
    0.02377562
    0.02730279
