    0.29851534
   -0.02374917
    0.05440889
   -0.04275352
   -0.04222837
    0.05443209
   -0.21712618
   -0.02137316
    0.05387197
   -0.03997962
   -0.03695778
   -0.21506642
    0.06104655
    0.01631526
    0.06102002
   -0.03703731
   -0.04002033
    0.05382306
   -0.21510830
   -0.02140666
    0.05443233
   -0.04226262
   -0.04274096
    0.05439226
   -0.21716047
    0.01958480
    0.02332503
    0.02390764
    0.02125537
    0.02603826
    0.01906087
    0.01905331
    0.02602560
    0.02120995
    0.02388255
    0.02330865
    0.29593697
   -0.02370076
    0.05459266
   -0.04267081
   -0.04224255
    0.05457110
   -0.21742049
   -0.02160654
    0.05410111
   -0.04020288
   -0.03689477
   -0.21541407
    0.06074661
    0.01647486
    0.06086600
   -0.03685031
   -0.03996303
    0.05424480
   -0.21540468
   -0.02143263
    0.05465038
   -0.04216739
   -0.04263930
    0.05461645
   -0.21743968
    0.01971051
    0.02338279
    0.02385225
    0.02112053
    0.02593643
    0.01928849
    0.01841618
    0.02600484
    0.02135995
    0.02398068
    0.02339266
   -0.02657096
   -0.02627268
   -0.02625517
   -0.02587549
   -0.02604265
   -0.02639747
    0.31464957
    0.01622121
    0.06060413
   -0.03759541
   -0.03997680
    0.05357572
   -0.21406806
   -0.01841052
    0.05361010
   -0.03969552
   -0.03719765
   -0.21397855
    0.06103717
    0.01649655
    0.06114285
   -0.03714508
   -0.03960382
    0.05359544
   -0.21389714
   -0.01837868
    0.05361739
   -0.03997095
   -0.03754019
    0.06058882
   -0.21410351
    0.01839787
    0.02596255
    0.02264257
    0.02637659
    0.01917136
    0.01911015
    0.02640925
    0.02266692
    0.02592747
    0.01840298
    0.31123655
    0.01629548
    0.06124824
   -0.03724019
   -0.03959582
    0.05383023
   -0.21430946
   -0.01867118
    0.05401698
   -0.04008315
   -0.03759610
   -0.21469693
    0.06023990
    0.01632596
    0.06057400
   -0.03733159
   -0.03995130
    0.05384037
   -0.21436666
   -0.01863937
    0.05380747
   -0.03962236
   -0.03721730
    0.06121066
   -0.21431329
    0.01886124
    0.02636264
    0.02276402
    0.02597554
    0.01799157
    0.01860385
    0.02606709
    0.02276068
    0.02638669
    0.01887007
