           2           3   1.3922901318035994     
           3           4   1.1979995535137768     
           4           5   1.6416759277358961     
           5           6   1.2029396690212741     
           1           7  0.72037287670209516     
           3           7   1.2431164923159024     
           6           7   1.2502488210016187     
           6           8   1.3589959381876080     
           8           9   1.0591477494087564     
           9          10   1.4132434337887170     
          10          11   1.4676633973413935     
          11          12   1.4021871584131720     
          12          13   1.0069614208334183     
          13          14   1.5648403338568868     
          13          15   1.5656585019873752     
          14          15  0.37883377277146624     
          12          16   1.4023148623749309     
           9          17   1.4134689022514033     
          16          17   1.4675229058688415     
           8          18   1.3621790567433523     
          18          19   1.2092233076947148     
          19          20   1.6287545486018831     
           1          21  0.71449212957679475     
          18          21   1.2407451306007342     
          20          22   1.2196318853834900     
          21          22   1.2653878795815776     
          22          23   1.3024910088541546     
          23          24   1.3026719426169060     
          24          25   1.2197218603019151     
          25          26   1.6290401616730654     
          26          27   1.2085583815369383     
           1          28  0.71492395377665674     
          24          28   1.2665055924437023     
          27          28   1.2390018824997195     
          27          29   1.3642326095924018     
          29          30   1.0606133642448030     
          30          31   1.4127466168305920     
          31          32   1.4678786062714284     
          32          33   1.4021672106622349     
          33          34   1.0070950787054056     
          34          35   1.5646898914367875     
          34          36   1.5655736344229525     
          35          36  0.37874530810010354     
          33          37   1.4019792738608423     
          30          38   1.4126463072992232     
          37          38   1.4678727480788947     
          29          39   1.3559116660672919     
          39          40   1.2036528827177642     
          40          41   1.6410955861790151     
           2          42   1.3924343237283292     
          41          42   1.1980561655237574     
           1          43  0.71990245165999434     
          39          43   1.2520109577809491     
          42          43   1.2420895163591150     
           2          44  0.99734085101998615     
           4          45  0.99451550513015019     
           5          46  0.99882973062995928     
          10          47  0.98843615488276559     
          11          48  0.98590968975915705     
          16          49  0.98622034682463411     
          17          50  0.98882333541981404     
          19          51  0.99817841920134676     
          20          52  0.99907652932044533     
          25          53  0.99891591130277479     
          26          54  0.99811473862349087     
          31          55  0.98886144190614012     
          32          56  0.98626768143736987     
          37          57  0.98589320085919341     
          38          58  0.98854640897123758     
          40          59  0.99878302994896562     
          41          60  0.99454113701058766     
          62          63   1.3923434782315756     
          63          64   1.1979627502033041     
          64          65   1.6417882714290359     
          65          66   1.2029056130944331     
          61          67  0.71969452565760017     
          63          67   1.2434947533280780     
          66          67   1.2504069403196469     
          66          68   1.3593632745055175     
          68          69   1.0581547403752354     
          69          70   1.4136738369293038     
          70          71   1.4674719719549751     
          71          72   1.4023160501541372     
          72          73   1.0068591118717007     
          73          74   1.5648822118925572     
          73          75   1.5657910883223392     
          74          75  0.37889701107395357     
          72          76   1.4024413954822061     
          69          77   1.4139159698967159     
          76          77   1.4673211458495137     
          68          78   1.3626841905240430     
          78          79   1.2090975857852975     
          79          80   1.6289903576677738     
          61          81  0.71392359362687607     
          78          81   1.2408544746073018     
          80          82   1.2195103149267004     
          81          82   1.2657394969254145     
          82          83   1.3027177473540419     
          83          84   1.3027847117898195     
          84          85   1.2196451268866413     
          85          86   1.6292151338327325     
          86          87   1.2084897756422879     
          61          88  0.71431036589718877     
          84          88   1.2668819724262421     
          87          88   1.2391354076409580     
          87          89   1.3646378587106658     
          89          90   1.0597245354420470     
          90          91   1.4131390817596987     
          91          92   1.4677014320439967     
          92          93   1.4022818384406901     
          93          94   1.0070130949350757     
          94          95   1.5648750433887202     
          94          96   1.5655435629101369     
          95          96  0.37880176867025034     
          93          97   1.4020854549893622     
          90          98   1.4130366539051200     
          97          98   1.4677034648658489     
          89          99   1.3563064573814110     
          99         100   1.2035915694974697     
         100         101   1.6412336499436933     
          62         102   1.3925726673190879     
         101         102   1.1980016845999366     
          61         103  0.71929746691409846     
          99         103   1.2521614849330676     
         102         103   1.2424220277266573     
          62         104  0.99735757147269644     
          64         105  0.99450195292064969     
          65         106  0.99886213911831356     
          70         107  0.98838973105814731     
          71         108  0.98590871404242164     
          76         109  0.98621439427818236     
          77         110  0.98877554459599226     
          79         111  0.99820477734360091     
          80         112  0.99907158399365281     
          85         113  0.99891731723326505     
          86         114  0.99813496092287812     
          91         115  0.98881363475453410     
          92         116  0.98626209938499709     
          97         117  0.98589232806290550     
          98         118  0.98851297992350828     
         100         119  0.99881331115904826     
         101         120  0.99452654484320757     
          23         121   1.2130495380395783     
         121         122   2.4758570438578014     
         122         123   1.3591993513092284     
         121         124  0.17235924184392656     
         123         124   2.3527784444052369     
         124         125   1.3877216487384394     
         123         126  0.16683676674992945     
         125         126   2.3528138516152111     
         126         127   1.3591531533782024     
          83         128   1.2128636309105092     
         125         128  0.17237201170520464     
         127         128   2.4760160684596668     
