    0.26731181
   -0.02640966
    0.05816808
   -0.04022236
   -0.03513426
    0.06086491
   -0.20995678
    0.01638820
    0.06081434
   -0.03456429
   -0.03476148
   -0.20623544
    0.06326133
    0.01640626
    0.06334865
   -0.03454881
   -0.03461269
    0.06071833
    0.01671885
   -0.00688045
    0.09588930
   -0.22981265
    0.03521300
   -0.04694328
   -0.03364375
   -0.04730279
    0.09543437
   -0.23024482
    0.03478203
    0.06113246
   -0.03552310
   -0.04051595
    0.05821647
   -0.20969905
   -0.20639652
   -0.00703686
    0.09561051
   -0.22994869
    0.03513706
   -0.04704590
   -0.03360379
   -0.04720232
    0.09561461
   -0.23020871
    0.03501017
    0.01986799
    0.02531212
    0.02063657
    0.02193930
    0.02005179
    0.02022869
    0.02178123
    0.03201029
    0.04406355
    0.03492525
    0.03097288
    0.02785009
    0.03076969
    0.04348695
    0.03285483
    0.03397963
    0.02081852
    0.02494858
    0.04403735
    0.03191134
    0.03516975
    0.03100645
    0.02787460
    0.03059996
    0.03363927
    0.04324545
    0.03293828
    0.26626369
   -0.02664603
    0.05822282
   -0.04027297
   -0.03509847
    0.06059452
   -0.21027883
    0.01620408
    0.06054636
   -0.03455437
   -0.03462415
   -0.20644060
    0.06297669
    0.01588370
    0.06295630
   -0.03454580
   -0.03432988
    0.06017973
    0.01620752
   -0.00710415
    0.09610106
   -0.22970435
    0.03532390
   -0.04681552
   -0.03358310
   -0.04746998
    0.09522529
   -0.23047416
    0.03479159
    0.06098998
   -0.03540804
   -0.04051014
    0.05814862
   -0.21002157
   -0.20676187
   -0.00709853
    0.09575794
   -0.22986192
    0.03508133
   -0.04694320
   -0.03351698
   -0.04723912
    0.09557929
   -0.23038182
    0.03498202
    0.01970671
    0.02516801
    0.02016283
    0.02225563
    0.01970764
    0.01986523
    0.02190813
    0.03163663
    0.04384483
    0.03546807
    0.03110879
    0.02777231
    0.03039523
    0.04299406
    0.03288855
    0.03328813
    0.02038773
    0.02474606
    0.04383616
    0.03179488
    0.03547350
    0.03116872
    0.02784916
    0.03039754
    0.03335370
    0.04289026
    0.03280367
   -0.03051482
   -0.02583615
   -0.02943606
   -0.02920027
   -0.02676110
   -0.03106600
    0.26537050
    0.01129717
    0.06261793
   -0.03715414
   -0.03459541
    0.05880035
   -0.20773624
    0.01766772
    0.05909092
   -0.03466823
   -0.03607835
   -0.20700437
    0.06280239
    0.01323859
    0.06289853
   -0.03604062
   -0.03462002
    0.05903387
    0.01774091
   -0.00652874
    0.09609133
   -0.22939439
    0.03562629
   -0.04734390
   -0.03375399
   -0.04706403
    0.09640957
   -0.22906739
    0.03571452
    0.05891302
   -0.03465660
   -0.03717353
    0.06264571
   -0.20771741
   -0.20700180
   -0.00656207
    0.09631593
   -0.22916059
    0.03567177
   -0.04711927
   -0.03375680
   -0.04731454
    0.09615327
   -0.22936252
    0.03565925
    0.01582988
    0.01843870
    0.01898871
    0.01754776
    0.01763857
    0.01894648
    0.03279399
    0.04288760
    0.03198642
    0.02973127
    0.02684542
    0.03026193
    0.04342760
    0.03176905
    0.03377946
    0.01842599
    0.01537340
    0.03168550
    0.04342022
    0.03386851
    0.03021157
    0.02683669
    0.02976026
    0.03195459
    0.03283438
    0.04284610
    0.26578461
    0.01294694
    0.06279605
   -0.03608193
   -0.03447500
    0.05876084
   -0.20704383
    0.01757196
    0.05844365
   -0.03463181
   -0.03706664
   -0.20756814
    0.06224519
    0.01134413
    0.06239276
   -0.03692985
   -0.03446703
    0.05840339
    0.01759248
   -0.00675562
    0.09630745
   -0.22921031
    0.03583685
   -0.04712490
   -0.03370937
   -0.04734633
    0.09612752
   -0.22953261
    0.03554147
    0.05880769
   -0.03437402
   -0.03602188
    0.06278951
   -0.20689195
   -0.20762303
   -0.00672037
    0.09613037
   -0.22951038
    0.03552448
   -0.04734623
   -0.03373751
   -0.04715874
    0.09628154
   -0.22919669
    0.03577251
    0.01725519
    0.01864897
    0.01908172
    0.01682121
    0.01661234
    0.01901754
    0.03362216
    0.04302828
    0.03146042
    0.03014781
    0.02682334
    0.02982025
    0.04279555
    0.03168793
    0.03353534
    0.01861351
    0.01714175
    0.03165342
    0.04278108
    0.03348482
    0.02985833
    0.02681269
    0.03011558
    0.03154761
    0.03368188
    0.04319034
