    0.35812686
   -0.03621578
    0.05359353
   -0.04524514
   -0.03993911
    0.05197754
   -0.24301165
    0.00513424
    0.05098311
   -0.04049507
   -0.04206925
   -0.23902579
    0.05910753
    0.00624964
    0.05900287
   -0.04211351
   -0.04052457
    0.05096756
    0.00505088
    0.00746129
   -0.02324730
   -0.02983063
   -0.03232555
   -0.02922266
   -0.02247681
    0.05199717
   -0.03991270
   -0.04522645
    0.05357683
   -0.24297712
   -0.23905469
    0.00751314
   -0.02325945
   -0.02979830
   -0.03231583
   -0.02920452
   -0.02249281
    0.01499715
    0.02173019
    0.01530448
    0.01626254
    0.02101451
    0.02093781
    0.01621378
    0.01808732
    0.02313023
    0.02285248
    0.02426518
    0.01942415
    0.01528445
    0.02174398
    0.01812205
    0.02314038
    0.02286787
    0.02425884
    0.01941786
    0.35812647
   -0.03621556
    0.05359316
   -0.04524535
   -0.03993961
    0.05197804
   -0.24301519
    0.00513484
    0.05098379
   -0.04049528
   -0.04206869
   -0.23902212
    0.05911076
    0.00624990
    0.05900045
   -0.04211407
   -0.04052498
    0.05096680
    0.00504928
    0.00746112
   -0.02324778
   -0.02983077
   -0.03232599
   -0.02922326
   -0.02247583
    0.05199705
   -0.03991220
   -0.04522591
    0.05357643
   -0.24297336
   -0.23905738
    0.00751315
   -0.02325972
   -0.02979749
   -0.03231459
   -0.02920332
   -0.02249205
    0.01499712
    0.02172990
    0.01530444
    0.01626212
    0.02101131
    0.02094090
    0.01621268
    0.01808511
    0.02312946
    0.02285249
    0.02426550
    0.01942688
    0.01528537
    0.02174438
    0.01812103
    0.02313911
    0.02286740
    0.02425993
    0.01941881
   -0.02915186
   -0.02914959
   -0.03248590
   -0.02818808
   -0.03248466
   -0.02819166
