           2           3   1.3937420403142216     
           3           4   1.1981663047316453     
           4           5   1.6452552695724758     
           5           6   1.2049700862668717     
           1           7  0.71500253485418708     
           3           7   1.2443133816571887     
           6           7   1.2478862105275232     
           6           8   1.3658706316082767     
           8           9   1.0413240624790441     
           9          10   1.4180997681370462     
          10          11   1.3912305927843611     
          11          12   1.1244497412026258     
          11          13   1.3587851416968773     
          13          14   1.0881835483704168     
          13          15   1.3703063085820275     
          15          16   1.0931702188990202     
           9          17   1.4104983264599842     
          15          17   1.3983305731911408     
           8          18   1.3749780778487992     
          18          19   1.2099002250204940     
          19          20   1.6335997069381276     
           1          21  0.71046146990785786     
          18          21   1.2353777786062612     
          20          22   1.2187159540403947     
          21          22   1.2687985714019563     
          22          23   1.3032964548921064     
          23          24   1.3025152205392470     
          24          25   1.2192330259831559     
          25          26   1.6323324957092347     
          26          27   1.2101116562912295     
           1          28  0.71010006357120747     
          24          28   1.2690697032773692     
          27          28   1.2353358471706484     
          27          29   1.3733217964663877     
          29          30   1.0532129286276792     
          30          31   1.4126955086880830     
          31          32   1.3936063547744679     
          32          33   1.1244433646997305     
          32          34   1.3575318058817536     
          34          35   1.0898372696540430     
          34          36   1.3688123133634951     
          36          37   1.0922557618960231     
          30          38   1.4046990874415701     
          36          38   1.4015833744373822     
          29          39   1.3597114028267219     
          39          40   1.2073754279494702     
          40          41   1.6408532665749429     
           2          42   1.3925981442644639     
          41          42   1.1996832885839626     
           1          43  0.71390162764494125     
          39          43   1.2508023654452183     
          42          43   1.2432642075408642     
           2          44  0.99742538805668812     
           4          45  0.99424903114040686     
           5          46   1.0003836746265766     
          10          47  0.99362502034926070     
          12          48  0.96395611047520380     
          14          49  0.96170692666816215     
          16          50  0.96280008461763567     
          17          51  0.99252490743078814     
          19          52  0.99966432069168065     
          20          53  0.99888491617478303     
          25          54  0.99873828334069625     
          26          55  0.99926000682916560     
          31          56  0.99396207622088995     
          33          57  0.96394887654866845     
          35          58  0.96152889118384910     
          37          59  0.96291091263610773     
          38          60  0.99312209090880010     
          40          61   1.0000606721515202     
          41          62  0.99418428801408265     
          64          65   1.3930013360903624     
          65          66   1.1985190021797887     
          66          67   1.6450779533763611     
          67          68   1.2048369637033227     
          63          69  0.71432270840662548     
          65          69   1.2451951947349440     
          68          69   1.2477129880127620     
          68          70   1.3662295369718562     
          70          71   1.0419181393428436     
          71          72   1.4178096797683932     
          72          73   1.3914168337721025     
          73          74   1.1244661534292191     
          73          75   1.3586731449227059     
          75          76   1.0882516913849645     
          75          77   1.3702793042782235     
          77          78   1.0931013766302804     
          71          79   1.4102506949267077     
          77          79   1.3984316608604546     
          70          80   1.3742236517366830     
          80          81   1.2102660099174782     
          81          82   1.6335472747625113     
          63          83  0.70951022103170303     
          80          83   1.2362915441442217     
          82          84   1.2185796875105832     
          83          84   1.2687663561059639     
          84          85   1.3035823990144084     
          85          86   1.3020400318667271     
          86          87   1.2190106046161346     
          87          88   1.6329825031869090     
          88          89   1.2095586124352491     
          63          90  0.70953149626879353     
          86          90   1.2705260426380574     
          89          90   1.2343359478697100     
          89          91   1.3753915629227875     
          91          92   1.0518094200117591     
          92          93   1.4133788607447704     
          93          94   1.3931696971123877     
          94          95   1.1247211296780779     
          94          96   1.3575582800982753     
          96          97   1.0899301903764116     
          96          98   1.3688360721625337     
          98          99   1.0924049521964498     
          92         100   1.4052191544415429     
          98         100   1.4013064766486816     
          91         101   1.3586986150437312     
         101         102   1.2076346057574223     
         102         103   1.6408787285105801     
          64         104   1.3934575272152077     
         103         104   1.1995058158448959     
          63         105  0.71292001999160659     
         101         105   1.2522504424639012     
         104         105   1.2426537322676572     
          64         106  0.99745722522719238     
          66         107  0.99419983287339964     
          67         108   1.0003865621439820     
          72         109  0.99359182324915551     
          74         110  0.96395801501311229     
          76         111  0.96172889271114048     
          78         112  0.96284142731402445     
          79         113  0.99259230640486285     
          81         114  0.99955201860834331     
          82         115  0.99885762497394603     
          87         116  0.99867415806763771     
          88         117  0.99925562231401299     
          93         118  0.99392634707369909     
          95         119  0.96383327162947330     
          97         120  0.96147299297459887     
          99         121  0.96286420974699427     
         100         122  0.99298974874052925     
         102         123   1.0001434417846673     
         103         124  0.99418476687924784     
          23         125   1.2142863531675741     
         125         126   2.4739206549096879     
         126         127   1.3612192510476582     
         125         128  0.17257210392674613     
         127         128   2.3495563786320757     
         128         129   1.3905794941010634     
         127         130  0.16679404116750837     
         129         130   2.3482571157567955     
         130         131   1.3630479518086636     
         129         132  0.17225669781046477     
         131         132   2.4695412046945227     
         133         134   2.4689289894038122     
         134         135   1.3634907616336467     
         133         136  0.17208470485466260     
         135         136   2.3466003621346370     
         136         137   1.3918341452306089     
         135         138  0.16651498408202725     
         137         138   2.3465400429439085     
         138         139   1.3635731237536992     
         137         140  0.17208792000865672     
         139         140   2.4687436528804154     
         141         142   2.4689344379581275     
         142         143   1.3635239451011338     
         141         144  0.17232996235964945     
         143         144   2.3475832305951543     
         144         145   1.3910474783107980     
         143         146  0.16684499114601350     
         145         146   2.3489010893264157     
         146         147   1.3616204974551145     
          85         148   1.2144368022032466     
         145         148  0.17265735812801392     
         147         148   2.4734947937752314     
         132         150   1.2187625812910374     
         150         151   1.2982621029421975     
         151         152   1.2232899485186559     
         152         153   1.6253759201792477     
         153         154   1.2156918014187343     
         149         155  0.70812301544928380     
         151         155   1.2663326079351163     
         154         155   1.2397220646825082     
         154         156   1.3607727309546467     
         156         157   1.0582663734014965     
         157         158   1.4097440902318032     
         158         159   1.3957938789039568     
         159         160   1.1164530734728029     
         159         161   1.3529962910587188     
         161         162   1.1171054321195109     
         161         163   1.3567982527554840     
         163         164   1.0899943371174314     
         157         165   1.4005146864954845     
         163         165   1.4092910232372029     
         156         166   1.3675393239600160     
         166         167   1.2134825709456531     
         167         168   1.6273861613855940     
         149         169  0.70897566347004082     
         166         169   1.2352107262596934     
         168         170   1.2225553602134585     
         169         170   1.2703252903210915     
         133         171   1.2185670665083603     
         170         171   1.2971986975930032     
         171         172   1.3006739809630490     
         172         173   1.2207918270675238     
         173         174   1.6291647884708260     
         174         175   1.2131721171085159     
         149         176  0.70873643828928290     
         172         176   1.2668557518470094     
         175         176   1.2383111899869736     
         175         177   1.3647809995355908     
         177         178   1.0542850754342861     
         178         179   1.4111367067304965     
         179         180   1.3914979163550074     
         180         181   1.1319339921067015     
         180         182   1.3629726534010864     
         182         183   1.0536862108521809     
         182         184   1.3776597017662819     
         184         185   1.1099468797303187     
         178         186   1.4127047325959268     
         184         186   1.3916898155128452     
         177         187   1.3671295144655304     
         187         188   1.2127427794092225     
         188         189   1.6287803647823840     
         150         190   1.2993156556579026     
         189         190   1.2215919572065750     
         149         191  0.70942912330172847     
         187         191   1.2359881874255723     
         190         191   1.2683563995968214     
         152         192  0.99884297028996760     
         153         193  0.99953377257127785     
         158         194  0.99397955330013377     
         160         195  0.96402214313610668     
         162         196  0.96138977879775622     
         164         197  0.96157741090679782     
         165         198  0.99329277034589514     
         167         199  0.99934735360842708     
         168         200  0.99866430478239998     
         173         201  0.99877243638101865     
         174         202  0.99933805914126772     
         179         203  0.99346164458502895     
         181         204  0.96268072664832505     
         183         205  0.96064854315282988     
         185         206  0.96684236706818227     
         186         207  0.99338025939784569     
         188         208  0.99952390242384748     
         189         209  0.99879187944653403     
         140         211   1.2187463737598268     
         211         212   1.2986616407979727     
         212         213   1.2228243243374848     
         213         214   1.6259424783786955     
         214         215   1.2154250555611472     
         210         216  0.70769600656823139     
         212         216   1.2668317871356007     
         215         216   1.2395772399779146     
         215         217   1.3614850247462560     
         217         218   1.0582455439432690     
         218         219   1.4095654109752604     
         219         220   1.3957997482576330     
         220         221   1.1165065197132793     
         220         222   1.3528454291080110     
         222         223   1.1172793363668290     
         222         224   1.3567581093265650     
         224         225   1.0901607235541841     
         218         226   1.4006530269608990     
         224         226   1.4092201233547912     
         217         227   1.3667957125067329     
         227         228   1.2138189753815318     
         228         229   1.6269065704032282     
         210         230  0.70921560052767174     
         227         230   1.2355034295026592     
         229         231   1.2229973591160830     
         230         231   1.2697995691318598     
         141         232   1.2191190684221647     
         231         232   1.2969157083711009     
         232         233   1.3002890091051638     
         233         234   1.2214515198968239     
         234         235   1.6280814808395812     
         235         236   1.2140613629595247     
         210         237  0.70850960073380986     
         233         237   1.2655681539194072     
         236         237   1.2396900875103629     
         236         238   1.3621534242247779     
         238         239   1.0547583125762796     
         239         240   1.4112896449253229     
         240         241   1.3909061996267611     
         241         242   1.1324065086906121     
         241         243   1.3637444520862960     
         243         244   1.0522223485132296     
         243         245   1.3775185906488328     
         245         246   1.1110263732017263     
         239         247   1.4124513284193332     
         245         247   1.3917691483236778     
         238         248   1.3693281542172038     
         248         249   1.2120149187400264     
         249         250   1.6294926343841281     
         211         251   1.2988234417652500     
         250         251   1.2212337201694792     
         210         252  0.70929429883841377     
         248         252   1.2345693198947083     
         251         252   1.2698663602168625     
         213         253  0.99878771882983564     
         214         254  0.99950841792721790     
         219         255  0.99398223702108168     
         221         256  0.96402868916241757     
         223         257  0.96130198008666001     
         225         258  0.96150541387166177     
         226         259  0.99327305469720029     
         228         260  0.99935973529468569     
         229         261  0.99868062187780982     
         234         262  0.99881144433668312     
         235         263  0.99933538950885137     
         240         264  0.99346272655618328     
         242         265  0.96259672287541764     
         244         266  0.96022078350754825     
         246         267  0.96679468802399138     
         247         268  0.99339568607985140     
         249         269  0.99944158111848835     
         250         270  0.99871335559390273     
