   -0.01961870
    0.06344639
   -0.03281432
   -0.03160937
    0.06429134
   -0.15749819
    0.01018521
    0.01099774
   -0.00750789
    0.00838767
    0.23472631
   -0.27928618
   -0.32670665
   -0.01582714
   -0.02255837
   -0.01502463
    0.06104896
   -0.03569417
   -0.03599422
   -0.28313663
    0.06616807
    0.01929920
    0.06797151
   -0.03158353
   -0.03150214
    0.06313413
   -0.15546899
    0.00919275
    0.01009648
   -0.01461421
   -0.02137988
   -0.01358342
    0.00809817
    0.23452960
   -0.27770235
   -0.32882608
   -0.01005054
    0.06180304
   -0.03668005
   -0.03767607
    0.06048951
   -0.28560410
    0.03213353
    0.04256215
    0.03307441
    0.16547025
    0.04032722
    0.24471189
    0.04815197
    0.03851050
    0.03032718
    0.02573933
    0.02825429
    0.03789542
    0.03393772
    0.16430438
    0.03084809
    0.03963893
    0.04737656
    0.24386105
    0.04067255
    0.02574702
    0.03327426
   -0.01952852
    0.06347000
   -0.03275248
   -0.03153582
    0.06437441
   -0.15746580
    0.01027222
    0.01095921
   -0.00747933
    0.00844390
    0.23477647
   -0.27920227
   -0.32659772
   -0.01577039
   -0.02254774
   -0.01504751
    0.06116024
   -0.03555934
   -0.03585373
   -0.28302046
    0.06627233
    0.01952855
    0.06805138
   -0.03142209
   -0.03139605
    0.06321547
   -0.15538857
    0.00923923
    0.01011191
   -0.01455959
   -0.02133215
   -0.01357333
    0.00808079
    0.23450490
   -0.27771863
   -0.32891140
   -0.01005022
    0.06182530
   -0.03667401
   -0.03765640
    0.06050625
   -0.28554306
    0.03216312
    0.04260020
    0.03313602
    0.16549778
    0.04035408
    0.24483554
    0.04822648
    0.03852646
    0.03030911
    0.02590621
    0.02848173
    0.03813088
    0.03405225
    0.16433798
    0.03093143
    0.03971225
    0.04734792
    0.24382823
    0.04069417
    0.02573564
    0.03327676
   -0.01467821
   -0.01635727
   -0.01237274
   -0.01172266
   -0.01366270
   -0.01057809
   -0.01837428
   -0.01299933
   -0.01403440
   -0.01715024
   -0.01171580
   -0.01269954
   -0.01304799
   -0.01162165
   -0.01773643
   -0.01393882
   -0.01348169
   -0.01719565
   -0.01115937
   -0.01269807
   -0.01253944
   -0.01162413
   -0.01730290
   -0.01396755
   -0.01337414
   -0.01695913
   -0.01105638
   -0.01247105
   -0.01247022
   -0.01143242
   -0.01728472
   -0.01382401
   -0.01349366
   -0.01695299
   -0.01122011
   -0.01250949
   -0.01265443
   -0.01149087
   -0.01747438
   -0.01390421
   -0.01344086
   -0.01733761
   -0.01119211
   -0.01294872
   -0.01262529
   -0.01196384
   -0.01739682
   -0.01435011
   -0.01245999
   -0.01761604
   -0.00992012
   -0.01304690
   -0.01119362
   -0.01199941
   -0.01600026
   -0.01451870
    0.01664235
    0.06728800
   -0.03363850
   -0.03225359
    0.06188552
   -0.15488428
    0.01246250
    0.01153993
   -0.00726458
    0.00832761
    0.23468314
   -0.27946066
   -0.32687993
   -0.01580341
   -0.02234669
   -0.01437615
    0.06000394
   -0.03596930
   -0.03687773
   -0.28284074
    0.06601633
    0.01812837
    0.06759406
   -0.03280653
   -0.03189400
    0.06179758
   -0.15466310
    0.01165736
    0.01068502
   -0.01315088
   -0.02103113
   -0.01351769
    0.00789764
    0.23442036
   -0.27806602
   -0.32880475
   -0.01060534
    0.05926503
   -0.03728507
   -0.03813657
    0.06532909
   -0.28359066
    0.03591535
    0.03208387
    0.16438912
    0.04013019
    0.24429551
    0.04773730
    0.03848860
    0.03079257
    0.02477924
    0.02728002
    0.03742360
    0.03461197
    0.16437277
    0.03053823
    0.03933588
    0.04702615
    0.24398125
    0.04124954
    0.02294858
    0.02590319
    0.01757915
    0.06738611
   -0.03324427
   -0.03217009
    0.06207105
   -0.15466549
    0.01243899
    0.01155383
   -0.00725777
    0.00835012
    0.23470707
   -0.27944797
   -0.32684937
   -0.01579685
   -0.02234095
   -0.01437870
    0.06011824
   -0.03591718
   -0.03688296
   -0.28288180
    0.06603217
    0.01796231
    0.06765643
   -0.03278770
   -0.03173403
    0.06187126
   -0.15467772
    0.01191861
    0.01068524
   -0.01305484
   -0.02089558
   -0.01342119
    0.00791025
    0.23442692
   -0.27814916
   -0.32874047
   -0.01062267
    0.05934657
   -0.03716889
   -0.03783831
    0.06543461
   -0.28321049
    0.03634525
    0.03225467
    0.16444371
    0.04020389
    0.24429141
    0.04772240
    0.03844657
    0.03076352
    0.02476212
    0.02719191
    0.03736805
    0.03469868
    0.16445992
    0.03077077
    0.03958511
    0.04713835
    0.24389012
    0.04117332
    0.02322536
    0.02636980
    0.01800008
    0.06749834
   -0.03295339
   -0.03198052
    0.06228945
   -0.15456171
    0.01251485
    0.01151660
   -0.00725838
    0.00838555
    0.23472446
   -0.27938752
   -0.32682969
   -0.01573524
   -0.02229687
   -0.01438361
    0.06028173
   -0.03581685
   -0.03676138
   -0.28275493
    0.06610119
    0.01822772
    0.06771132
   -0.03262081
   -0.03160342
    0.06205228
   -0.15458230
    0.01201378
    0.01065243
   -0.01304494
   -0.02083218
   -0.01335619
    0.00794753
    0.23445171
   -0.27815048
   -0.32864036
   -0.01064222
    0.05953153
   -0.03702267
   -0.03762197
    0.06555930
   -0.28304928
    0.03666660
    0.03251530
    0.16453686
    0.04025239
    0.24435697
    0.04783831
    0.03857314
    0.03085033
    0.02493746
    0.02735738
    0.03750833
    0.03484778
    0.16456223
    0.03087840
    0.03974180
    0.04726869
    0.24395353
    0.04123318
    0.02346979
    0.02667897
    0.01794769
    0.06753688
   -0.03295713
   -0.03194964
    0.06228422
   -0.15458164
    0.01255076
    0.01150770
   -0.00725231
    0.00838501
    0.23472796
   -0.27938534
   -0.32682342
   -0.01572784
   -0.02229036
   -0.01437133
    0.06027871
   -0.03582105
   -0.03677020
   -0.28269975
    0.06608051
    0.01830188
    0.06770824
   -0.03260925
   -0.03163382
    0.06206362
   -0.15458927
    0.01199942
    0.01066807
   -0.01306763
   -0.02082562
   -0.01335665
    0.00795354
    0.23444632
   -0.27815822
   -0.32865141
   -0.01064653
    0.05956434
   -0.03700722
   -0.03760092
    0.06557940
   -0.28306022
    0.03669168
    0.03253178
    0.16454879
    0.04022992
    0.24435716
    0.04784904
    0.03859924
    0.03084031
    0.02490800
    0.02732191
    0.03751658
    0.03485512
    0.16458176
    0.03090914
    0.03974260
    0.04727312
    0.24394121
    0.04124660
    0.02352027
    0.02670306
    0.01772352
    0.06748657
   -0.03308424
   -0.03205302
    0.06214377
   -0.15466937
    0.01248906
    0.01156318
   -0.00727833
    0.00835673
    0.23470858
   -0.27942718
   -0.32689528
   -0.01577394
   -0.02230048
   -0.01436444
    0.06012675
   -0.03596975
   -0.03696134
   -0.28284500
    0.06597793
    0.01793553
    0.06761346
   -0.03286589
   -0.03178835
    0.06187292
   -0.15466930
    0.01193684
    0.01067975
   -0.01303071
   -0.02085692
   -0.01340200
    0.00789607
    0.23440956
   -0.27818473
   -0.32876718
   -0.01063255
    0.05941803
   -0.03708018
   -0.03770697
    0.06554685
   -0.28314403
    0.03657750
    0.03242395
    0.16448568
    0.04022373
    0.24428558
    0.04776838
    0.03852089
    0.03081847
    0.02468576
    0.02706268
    0.03723195
    0.03465476
    0.16449608
    0.03082816
    0.03968148
    0.04716577
    0.24382144
    0.04113363
    0.02337294
    0.02657683
    0.01793989
    0.06745620
   -0.03304747
   -0.03210912
    0.06215805
   -0.15457284
    0.01237812
    0.01153659
   -0.00732065
    0.00832741
    0.23467761
   -0.27937425
   -0.32710630
   -0.01573734
   -0.02225009
   -0.01433121
    0.06015393
   -0.03588859
   -0.03704312
   -0.28315742
    0.06597545
    0.01726161
    0.06756851
   -0.03314065
   -0.03187808
    0.06174837
   -0.15481913
    0.01193298
    0.01070805
   -0.01302758
   -0.02088236
   -0.01346078
    0.00786322
    0.23438652
   -0.27815015
   -0.32891276
   -0.01064964
    0.05932552
   -0.03715400
   -0.03769233
    0.06553622
   -0.28309788
    0.03666298
    0.03244776
    0.16441928
    0.04003916
    0.24424400
    0.04784895
    0.03864142
    0.03090585
    0.02477368
    0.02695777
    0.03692149
    0.03442184
    0.16448645
    0.03084564
    0.03965583
    0.04708697
    0.24381271
    0.04120336
    0.02335445
    0.02666394
