           2           3   1.3877937174289079     
           3           4   1.1969324676409017     
           4           5   1.6442142285908570     
           5           6   1.2023751374807070     
           1           7  0.58309765416182424     
           3           7   1.2733446768520167     
           6           7   1.2788947550229595     
           6           8   1.3579958355562349     
           8           9   1.3602411719547916     
           9          10   1.2085947931555370     
          10          11   1.6320586233748002     
           1          12  0.58125870387558654     
           9          12   1.2692399522759006     
          11          13   1.2178460337817620     
          12          13   1.2933874311959490     
          13          14   1.3081089548757576     
          14          15   1.3082369829786691     
          15          16   1.2178297629730548     
          16          17   1.6320679582534618     
          17          18   1.2085866698220025     
          18          19   1.3602297743255576     
          19          20   1.0521759756832385     
          20          21   1.4176755988977889     
          21          22   1.4660607447931204     
          22          23   1.3982465124426182     
          23          24   1.0418937142322642     
          24          25   1.2082756321232668     
          24          26   1.8140347216518413     
          25          26  0.18258908130703039     
          23          27   1.3978496976464798     
          20          28   1.4187941500566568     
          27          28   1.4640411332102390     
          19          29   1.3578659781360531     
          29          30   1.2024910074740272     
          30          31   1.6439859306420224     
           2          32   1.3875477730935215     
          31          32   1.1970615439699470     
           1          33  0.58309136986770460     
          29          33   1.2789022585204024     
          32          33   1.2734033376455560     
           1          34  0.58109388418001495     
          15          34   1.2933949406677800     
          18          34   1.2692918446463355     
           8          35   1.0519911766444963     
          35          36   1.4177302846674154     
          36          37   1.4659934772921608     
          37          38   1.3983468496837244     
          38          39   1.0416675593623277     
          39          40   1.2084723360600500     
          39          41   1.8141274391934576     
          40          41  0.18268936854295270     
          38          42   1.3979953652008812     
          35          43   1.4189366247978836     
          42          43   1.4639079475158547     
           2          44  0.99807414257545601     
           4          45  0.99395534124435814     
           5          46  0.99945214340779354     
          10          47  0.99861717029455432     
          11          48  0.99903456676266533     
          16          49  0.99907104456162976     
          17          50  0.99864953373806808     
          21          51  0.98881757445524054     
          22          52  0.98609994409753698     
          25          53  0.94442718285085414     
          27          54  0.98619505932554707     
          28          55  0.98874029412373154     
          30          56  0.99945301691031507     
          31          57  0.99396560505364018     
          36          58  0.98880148397478274     
          37          59  0.98608417921119806     
          40          60  0.94433757448294298     
          42          61  0.98616272667973714     
          43          62  0.98871894660236515     
          64          65   1.3868187001004049     
          65          66   1.1971930789001990     
          66          67   1.6436006867945949     
          67          68   1.2028240580830654     
          63          69  0.58419758418433687     
          65          69   1.2738329460814179     
          68          69   1.2775494593923102     
          68          70   1.3584578518606223     
          70          71   1.3605282688015916     
          71          72   1.2090490978464612     
          72          73   1.6314292303568434     
          63          74  0.58208028578064819     
          71          74   1.2680365271522767     
          73          75   1.2181750434770930     
          74          75   1.2940789787402149     
          75          76   1.3069860203262724     
          76          77   1.3063462270157418     
          77          78   1.2186626606623576     
          78          79   1.6306790429947611     
          79          80   1.2094389450696983     
          80          81   1.3597518206916679     
          81          82   1.0520649500950705     
          82          83   1.4177323614699464     
          83          84   1.4659915831256995     
          84          85   1.3983891968617663     
          85          86   1.0417067586448336     
          86          87   1.2086004388800726     
          86          88   1.8140471290730327     
          87          88  0.18267150545810754     
          85          89   1.3980445679880338     
          82          90   1.4190328803565593     
          89          90   1.4638544770191120     
          81          91   1.3589923256090573     
          91          92   1.2023969742415197     
          92          93   1.6443155216227998     
          64          94   1.3876481213647287     
          93          94   1.1967568849332355     
          63          95  0.58416690915078706     
          91          95   1.2775469266005008     
          94          95   1.2735746911003571     
          63          96  0.58227508606927314     
          77          96   1.2939696360889430     
          80          96   1.2683012995709968     
          70          97   1.0517724277739451     
          97          98   1.4178927376168806     
          98          99   1.4659727833097758     
          99         100   1.3983360164876628     
         100         101   1.0418124837131777     
         101         102   1.2085254056146417     
         101         103   1.8139777670836246     
         102         103  0.18265163699232956     
         100         104   1.3980254818561324     
          97         105   1.4191043165357966     
         104         105   1.4638643777717055     
          64         106  0.99804452206846916     
          66         107  0.99397700072728890     
          67         108  0.99948190899533285     
          72         109  0.99867553868979475     
          73         110  0.99907800160194726     
          78         111  0.99905272326665284     
          79         112  0.99863597904141377     
          83         113  0.98882046662519363     
          84         114  0.98610007870572536     
          87         115  0.94434991261922541     
          89         116  0.98615081819873318     
          90         117  0.98870484092363642     
          92         118  0.99946914560245381     
          93         119  0.99396719582716109     
          98         120  0.98881444590123624     
          99         121  0.98610560898374067     
         102         122  0.94439200761963893     
         104         123  0.98618091002495478     
         105         124  0.98870471787960779     
          14         126   1.1947715383282018     
         125         126   2.5262371919569269     
         125         127   1.3041627983475714     
         126         128  0.17881285987734186     
         127         128   2.5218658063563488     
         129         130   2.5198136341804136     
         129         131   1.3057666995374730     
          76         132   1.1966419096270577     
         130         132  0.17832558378041310     
         131         132   2.5238185611721780     
         128         134   1.1988096026917678     
         134         135   1.2999480962468384     
         135         136   1.2191536221545010     
         136         137   1.6285853133558685     
         137         138   1.2120396636121606     
         133         139  0.58581452445618820     
         135         139   1.2993705528921811     
         138         139   1.2600521467199011     
         138         140   1.3625726412744017     
         140         141   1.3619125269984906     
         141         142   1.2124857103194298     
         142         143   1.6277489533371308     
         133         144  0.58517801000553760     
         141         144   1.2601205600365699     
         143         145   1.2196717500518077     
         144         145   1.2999184506835453     
         130         146   1.2004945456210081     
         145         146   1.2988687425154697     
         146         147   1.2990974209248152     
         147         148   1.2197345940820048     
         148         149   1.6278439137640126     
         149         150   1.2124087446926295     
         150         151   1.3619426849026521     
         151         152   1.0527071172541627     
         152         153   1.4183061161828521     
         153         154   1.4656200513686828     
         154         155   1.3990274174639705     
         155         156   1.0414815807278555     
         156         157   1.2086133953620917     
         156         158   1.8150742341900243     
         157         158  0.18289206890155060     
         155         159   1.3990446656269704     
         152         160   1.4199061934465469     
         159         160   1.4631829971751600     
         151         161   1.3622180851755019     
         161         162   1.2122478766029567     
         162         163   1.6281707023576848     
         134         164   1.2996853837460345     
         163         164   1.2193238241540674     
         133         165  0.58518290383871030     
         161         165   1.2601725830793882     
         164         165   1.2995439619713296     
         133         166  0.58529538474686371     
         147         166   1.2995609978266265     
         150         166   1.2603228246631015     
         140         167   1.0525123791509226     
         167         168   1.4186941658451728     
         168         169   1.4652225620703907     
         169         170   1.3994456182285280     
         170         171   1.0411172509099298     
         171         172   1.2088419840652420     
         171         173   1.8153818745202210     
         172         173  0.18299502515724939     
         170         174   1.3990872365811777     
         167         175   1.4197707490816938     
         174         175   1.4632164731122099     
         136         176  0.99905361148252569     
         137         177  0.99905650409486302     
         142         178  0.99913676692962883     
         143         179  0.99912114849948985     
         148         180  0.99925545935944415     
         149         181  0.99910197728783046     
         153         182  0.98875490233023733     
         154         183  0.98588106195720115     
         157         184  0.94444938518365196     
         159         185  0.98619212325997008     
         160         186  0.98878499364147154     
         162         187  0.99918084811156471     
         163         188  0.99926670919900662     
         168         189  0.98873618532593588     
         169         190  0.98584544976309019     
         172         191  0.94433460492699572     
         174         192  0.98612699445908880     
         175         193  0.98876652134791609     
