    0.28365307
   -0.02386155
    0.05297915
   -0.04333721
   -0.03952241
    0.05567017
   -0.21641279
    0.00700121
   -0.00488559
   -0.02605458
   -0.04125723
    0.06077379
   -0.25142698
    0.00219958
   -0.03679693
   -0.02491133
    0.05501146
   -0.03812282
   -0.04011763
   -0.21442762
    0.05944734
    0.01553056
    0.05954399
   -0.04012848
   -0.03803703
    0.05489567
   -0.21446200
    0.00704033
   -0.00494812
   -0.02476241
   -0.03677856
    0.06083580
   -0.25134097
    0.00221286
   -0.04134795
   -0.02617367
    0.05574637
   -0.03950543
   -0.04333430
    0.05295588
   -0.21627242
    0.01982461
    0.02132059
    0.01281285
    0.01486133
    0.02127122
    0.16533477
    0.03092782
    0.02544670
    0.03261780
    0.02376756
    0.01538555
    0.01469601
    0.02019923
    0.02019038
    0.01462426
    0.01558544
    0.02395527
    0.16536971
    0.02565863
    0.03263359
    0.03089188
    0.02118843
    0.01467798
    0.01291960
    0.02130211
    0.28319392
   -0.02387655
    0.05294475
   -0.04337342
   -0.03953592
    0.05562214
   -0.21645144
    0.00695625
   -0.00489861
   -0.02605979
   -0.04128322
    0.06076800
   -0.25139269
    0.00218053
   -0.03682306
   -0.02488112
    0.05493663
   -0.03816533
   -0.04021186
   -0.21440795
    0.05936033
    0.01543877
    0.05945635
   -0.04023629
   -0.03815726
    0.05481667
   -0.21452267
    0.00696025
   -0.00488820
   -0.02480571
   -0.03679677
    0.06076106
   -0.25140883
    0.00216590
   -0.04129779
   -0.02613864
    0.05571017
   -0.03954050
   -0.04334204
    0.05291702
   -0.21623338
    0.01982290
    0.02130830
    0.01278874
    0.01482108
    0.02127306
    0.16532948
    0.03084104
    0.02556194
    0.03257315
    0.02376834
    0.01541581
    0.01454858
    0.02002489
    0.02004456
    0.01449245
    0.01550427
    0.02384760
    0.16530991
    0.02556304
    0.03256818
    0.03076259
    0.02120747
    0.01474071
    0.01284780
    0.02126271
   -0.01888245
   -0.01930157
   -0.02395579
   -0.01751454
   -0.02383595
   -0.01673675
   -0.01945337
   -0.01908641
   -0.02404039
   -0.01689114
   -0.02411040
   -0.01757035
    0.29159533
    0.01588099
    0.05962792
   -0.04033512
   -0.03792423
    0.05535849
   -0.21374742
    0.01097066
   -0.00415604
   -0.02591367
   -0.04055974
    0.06061123
   -0.25153408
    0.00216027
   -0.03691682
   -0.02566892
    0.05517695
   -0.03818899
   -0.04058995
   -0.21366036
    0.05946445
    0.01578874
    0.05945025
   -0.04048885
   -0.03797155
    0.05509628
   -0.21362730
    0.00973230
   -0.00474124
   -0.02471713
   -0.03692739
    0.06138184
   -0.25039163
    0.00222216
   -0.04057406
   -0.02521653
    0.05508658
   -0.03760340
   -0.04031777
    0.05969420
   -0.21368745
    0.01989812
    0.01580263
    0.01549126
    0.02212285
    0.16538759
    0.02517376
    0.02993942
    0.03243633
    0.02319954
    0.01468718
    0.01574848
    0.01979740
    0.01969208
    0.01467448
    0.01555126
    0.02396832
    0.16632675
    0.02948309
    0.03268501
    0.02624046
    0.02233473
    0.01592257
    0.01452270
    0.02003051
