    0.26050272
   -0.02304144
    0.05338040
   -0.04184369
   -0.04034263
    0.05561621
   -0.21619533
    0.00495857
    0.01304217
   -0.00806421
    0.00540293
    0.23314457
   -0.28265077
   -0.33080165
   -0.01876367
   -0.02412617
   -0.01344871
    0.05450394
   -0.04044263
   -0.04066074
   -0.21458270
    0.05871004
    0.01507276
    0.05892924
   -0.04060401
   -0.04038993
    0.05411734
   -0.21486541
    0.00435286
    0.01221593
   -0.01317250
   -0.02321280
   -0.01663421
    0.00518629
    0.23300224
   -0.27894669
   -0.33499957
   -0.01042150
    0.05497936
   -0.04152158
   -0.04264527
    0.05292457
   -0.21620633
    0.02066650
    0.02302649
    0.01615461
    0.03326810
    0.23888547
    0.04166242
    0.03310973
    0.02448459
    0.01597077
    0.01970361
    0.01985202
    0.01602229
    0.02478608
    0.03378120
    0.04059276
    0.23850201
    0.03401165
    0.01634144
    0.02282689
    0.26048887
   -0.02304567
    0.05338289
   -0.04185009
   -0.04034676
    0.05561790
   -0.21621670
    0.00495433
    0.01303892
   -0.00807020
    0.00538634
    0.23314467
   -0.28261683
   -0.33077958
   -0.01877200
   -0.02412708
   -0.01344917
    0.05452072
   -0.04043649
   -0.04065388
   -0.21458803
    0.05870953
    0.01507386
    0.05892667
   -0.04061545
   -0.04039846
    0.05410182
   -0.21485362
    0.00436018
    0.01222286
   -0.01317797
   -0.02321658
   -0.01663573
    0.00518327
    0.23300471
   -0.27890395
   -0.33501144
   -0.01042531
    0.05497403
   -0.04152065
   -0.04264623
    0.05292572
   -0.21619544
    0.02066122
    0.02302725
    0.01615469
    0.03325611
    0.23888805
    0.04165485
    0.03310990
    0.02447693
    0.01596626
    0.01970649
    0.01984914
    0.01602562
    0.02478746
    0.03377561
    0.04059137
    0.23851213
    0.03400549
    0.01634729
    0.02282589
   -0.01530748
   -0.02399544
   -0.01656753
   -0.01922561
   -0.01923079
   -0.01657242
   -0.02399103
   -0.01530370
