    0.29785465
   -0.02106079
    0.05511833
   -0.03949435
   -0.03800116
    0.05719191
   -0.21510701
    0.00692284
    0.01243223
   -0.00813408
    0.00622677
    0.23360023
   -0.28146642
   -0.32990889
   -0.01758149
   -0.02336387
   -0.01351315
    0.05609577
   -0.03816545
   -0.03832492
   -0.21349481
    0.06031767
    0.01726274
    0.06034699
   -0.03824777
   -0.03812931
    0.05571280
   -0.21386612
    0.00633701
    0.01162157
   -0.01323665
   -0.02235194
   -0.01540991
    0.00604738
    0.23348977
   -0.27876326
   -0.33298712
   -0.01048841
    0.05669474
   -0.03908225
   -0.04016297
    0.05471639
   -0.21512661
    0.02479734
    0.02712457
    0.01984766
    0.03442282
    0.24071314
    0.04401318
    0.03525807
    0.02571413
    0.01950813
    0.02351361
    0.02397112
    0.01988044
    0.02614702
    0.03612151
    0.04300105
    0.24001803
    0.03520921
    0.02001200
    0.02692698
    0.29689353
   -0.02102360
    0.05523318
   -0.03946749
   -0.03795665
    0.05712200
   -0.21525430
    0.00690907
    0.01241028
   -0.00808848
    0.00620972
    0.23359211
   -0.28149664
   -0.32990158
   -0.01763400
   -0.02343622
   -0.01361445
    0.05616221
   -0.03830265
   -0.03847238
   -0.21349379
    0.06013133
    0.01709856
    0.06044485
   -0.03841576
   -0.03823239
    0.05564319
   -0.21396332
    0.00636691
    0.01164971
   -0.01325544
   -0.02238291
   -0.01540385
    0.00607549
    0.23351661
   -0.27870153
   -0.33291785
   -0.01057470
    0.05679061
   -0.03921804
   -0.04017879
    0.05469097
   -0.21507880
    0.02470341
    0.02727940
    0.01990902
    0.03441667
    0.24069277
    0.04396031
    0.03513125
    0.02565186
    0.01947878
    0.02313509
    0.02385732
    0.01975872
    0.02595332
    0.03603826
    0.04308428
    0.24016478
    0.03531515
    0.02004155
    0.02679704
   -0.01599845
   -0.01632307
   -0.02117271
   -0.01613697
   -0.02069440
   -0.01549252
   -0.01669186
   -0.01649029
   -0.02128804
   -0.01589827
   -0.02150646
   -0.01624398
    0.30556784
    0.01788380
    0.06153288
   -0.03715639
   -0.03634467
    0.05634443
   -0.21283735
    0.00975413
    0.01252499
   -0.00736899
    0.00684022
    0.23407329
   -0.28114003
   -0.32846364
   -0.01735915
   -0.02351814
   -0.01410232
    0.05659039
   -0.03815383
   -0.03848824
   -0.21232677
    0.06004457
    0.01749272
    0.06089692
   -0.03812063
   -0.03749900
    0.05561257
   -0.21313428
    0.00910208
    0.01165672
   -0.01409592
   -0.02264997
   -0.01518216
    0.00670985
    0.23396527
   -0.27770661
   -0.33237038
   -0.00953503
    0.05621494
   -0.03829335
   -0.03840520
    0.06020264
   -0.21249471
    0.02516494
    0.02168469
    0.03569211
    0.24137100
    0.04421742
    0.03479601
    0.02532324
    0.02004638
    0.02301140
    0.02487429
    0.02164507
    0.02528044
    0.03535598
    0.04328701
    0.24107201
    0.03649130
    0.02040737
    0.02338798
