   -0.08480596
   -0.02170155
    0.05881295
   -0.04455530
   -0.04053741
    0.06074283
   -0.17567058
    0.00990250
   -0.00467191
   -0.02536463
   -0.04215248
    0.05594157
   -0.30976138
   -0.04279218
   -0.02605866
    0.06021547
   -0.03895387
   -0.04090670
   -0.17342190
    0.06574116
    0.01856723
    0.06556893
   -0.04101398
   -0.03901576
    0.06014028
   -0.17354099
    0.00985848
   -0.00471121
   -0.02535892
   -0.04216809
    0.05595052
   -0.30971487
   -0.04284826
   -0.02605898
    0.06080064
   -0.04046520
   -0.04449498
    0.05889442
   -0.17551209
    0.01909759
    0.02072096
    0.01318307
    0.01735182
    0.02345206
    0.16064630
    0.15997297
    0.02241611
    0.01620624
    0.01565529
    0.02061368
    0.02046000
    0.01559866
    0.01730655
    0.02350690
    0.16068357
    0.16005188
    0.02236891
    0.01624972
    0.01316816
    0.02073399
   -0.08479073
   -0.02170264
    0.05881104
   -0.04455511
   -0.04053977
    0.06073865
   -0.17567440
    0.00989879
   -0.00466523
   -0.02535998
   -0.04214091
    0.05593204
   -0.30977458
   -0.04278505
   -0.02606004
    0.06021169
   -0.03895196
   -0.04090689
   -0.17341207
    0.06574030
    0.01856544
    0.06556537
   -0.04101219
   -0.03901778
    0.06013656
   -0.17354824
    0.00984936
   -0.00469377
   -0.02535031
   -0.04214343
    0.05592233
   -0.30974473
   -0.04282464
   -0.02605085
    0.06080269
   -0.04046042
   -0.04449229
    0.05889075
   -0.17550742
    0.01909987
    0.02071934
    0.01318180
    0.01735890
    0.02345723
    0.16062185
    0.15996369
    0.02241570
    0.01620603
    0.01565194
    0.02061047
    0.02046297
    0.01559557
    0.01731634
    0.02351857
    0.16063810
    0.16000053
    0.02237798
    0.01625496
    0.01316631
    0.02073483
   -0.02106642
   -0.02106461
   -0.02559920
   -0.01762075
   -0.02560358
   -0.01762143
