    0.36183004
   -0.03257901
    0.05489477
   -0.04245958
   -0.03904608
    0.05370741
   -0.24122368
    0.00495246
    0.05227268
   -0.04000302
   -0.04043216
   -0.23761887
    0.05997326
    0.00865696
    0.05984652
   -0.04048311
   -0.04003193
    0.05228978
    0.00488771
    0.01634460
   -0.01789858
   -0.01367285
    0.00350145
    0.23179567
   -0.28236727
   -0.33469656
   -0.01543074
   -0.01823032
    0.05372738
   -0.03902701
   -0.04244805
    0.05488038
   -0.24116304
   -0.23771584
    0.01639401
   -0.01790067
   -0.01363213
    0.00353198
    0.23179742
   -0.28233295
   -0.33468080
   -0.01540566
   -0.01820851
    0.01941149
    0.02633205
    0.02009770
    0.02040203
    0.02409770
    0.02399119
    0.02037574
    0.02731817
    0.04098799
    0.23925959
    0.04271143
    0.02749254
    0.02006636
    0.02633912
    0.02735959
    0.04101927
    0.23928527
    0.04272396
    0.02751194
    0.36182960
   -0.03258361
    0.05489845
   -0.04246177
   -0.03905000
    0.05369837
   -0.24122574
    0.00495504
    0.05226727
   -0.04000321
   -0.04043714
   -0.23761856
    0.05996493
    0.00865555
    0.05986140
   -0.04047844
   -0.04003120
    0.05228881
    0.00489018
    0.01634812
   -0.01789441
   -0.01366746
    0.00351244
    0.23174564
   -0.28232479
   -0.33476110
   -0.01542476
   -0.01823047
    0.05372815
   -0.03902530
   -0.04244798
    0.05488020
   -0.24116112
   -0.23772055
    0.01640325
   -0.01789484
   -0.01362724
    0.00354022
    0.23180553
   -0.28233323
   -0.33466615
   -0.01539943
   -0.01821034
    0.01941041
    0.02632928
    0.02009230
    0.02041140
    0.02409696
    0.02399401
    0.02037391
    0.02732005
    0.04099076
    0.23926842
    0.04271491
    0.02749192
    0.02006802
    0.02633925
    0.02738001
    0.04102750
    0.23928921
    0.04272400
    0.02751425
   -0.02487376
   -0.02877323
   -0.02418031
   -0.02558536
   -0.02558994
   -0.02418136
   -0.02877779
   -0.02487216
