           2           3   1.3956857615978231     
           3           4   1.2039658205920936     
           4           5   1.6380004614531343     
           5           6   1.2114247044469251     
           1           7  0.86884651562838189     
           3           7   1.2243173088689756     
           6           7   1.2286527640638869     
           6           8   1.3664124493872354     
           8           9   1.0439457978078099     
           9          10   1.4157285276226241     
          10          11   1.3917140433676853     
          11          12   1.1252671750810335     
          11          13   1.3581252115449456     
          13          14   1.0901861768227692     
          13          15   1.3693155113563877     
          15          16   1.0944011863402563     
           9          17   1.4079944696980251     
          15          17   1.3990720806058543     
           8          18   1.3748149676631500     
          18          19   1.2170480656910387     
          19          20   1.6246253509874933     
           1          21  0.86078987525572093     
          18          21   1.2163116178132312     
          20          22   1.2268642919864554     
          21          22   1.2495789237944859     
          22          23   1.3019399449731048     
          23          24   1.3029613987392108     
          24          25   1.2260403859186308     
          25          26   1.6258503421188908     
          26          27   1.2164474428151200     
           1          28  0.86122450488536995     
          24          28   1.2492333200427939     
          27          28   1.2158494695406690     
          27          29   1.3757888035765193     
          29          30   1.0449424796009947     
          30          31   1.4154427746083049     
          31          32   1.3917920763987428     
          32          33   1.1256801346842986     
          32          34   1.3579672183535967     
          34          35   1.0901496175893963     
          34          36   1.3693422376878044     
          36          37   1.0937382231418051     
          30          38   1.4074059371959666     
          36          38   1.3994840330843024     
          29          39   1.3647787783665906     
          39          40   1.2122837123762518     
          40          41   1.6360221922150318     
           2          42   1.3942635629331150     
          41          42   1.2051275148065996     
           1          43  0.86794516151801937     
          39          43   1.2292960937392512     
          42          43   1.2247073162611604     
           2          44  0.99608251790461366     
           4          45  0.99247202316784955     
           5          46  0.99935639071025217     
          10          47  0.99286411997176038     
          12          48  0.96345430515857777     
          14          49  0.96097892349797642     
          16          50  0.96213464374330349     
          17          51  0.99171477514467432     
          19          52  0.99870285503854972     
          20          53  0.99761049212803399     
          25          54  0.99754037852807498     
          26          55  0.99856735698502241     
          31          56  0.99273328441190456     
          33          57  0.96336737640309100     
          35          58  0.96114853051595994     
          37          59  0.96248257664243020     
          38          60  0.99187281419925677     
          40          61  0.99948524952391837     
          41          62  0.99250541251821955     
          64          65   1.3956213051270152     
          65          66   1.2041193051600141     
          66          67   1.6378008877312293     
          67          68   1.2115534940619805     
          63          69  0.86883867102037948     
          65          69   1.2242522171532906     
          68          69   1.2287579863681051     
          68          70   1.3662362801742429     
          70          71   1.0438054974054638     
          71          72   1.4158272037257860     
          72          73   1.3916866131600782     
          73          74   1.1253226978523725     
          73          75   1.3581190573635662     
          75          76   1.0901346783687367     
          75          77   1.3693655144815384     
          77          78   1.0943298028778523     
          71          79   1.4080358786773706     
          77          79   1.3990516136656217     
          70          80   1.3751098764400280     
          80          81   1.2170489547471253     
          81          82   1.6246652374967814     
          63          83  0.86065211353668480     
          80          83   1.2161690548980626     
          82          84   1.2268358684497094     
          83          84   1.2498467922719509     
          84          85   1.3017399821140385     
          85          86   1.3028373687952963     
          86          87   1.2259300366853296     
          87          88   1.6260527111110894     
          88          89   1.2163712518942105     
          63          90  0.86128312860211909     
          86          90   1.2495484019312535     
          89          90   1.2155994705314181     
          89          91   1.3762010589176654     
          91          92   1.0449396134734688     
          92          93   1.4154084827077114     
          93          94   1.3917067324510286     
          94          95   1.1258657446980271     
          94          96   1.3578442292822721     
          96          97   1.0904150259102452     
          96          98   1.3692237733777985     
          98          99   1.0938733697191436     
          92         100   1.4073381491768491     
          98         100   1.3994516908700925     
          91         101   1.3644175111923236     
         101         102   1.2124135531039582     
         102         103   1.6359346027640123     
          64         104   1.3943753774672769     
         103         104   1.2052122606217983     
          63         105  0.86808814794983513     
         101         105   1.2295124601413079     
         104         105   1.2245028372698823     
          64         106  0.99607947198492586     
          66         107  0.99247094629498178     
          67         108  0.99938932106159017     
          72         109  0.99282084244975433     
          74         110  0.96345029101088775     
          76         111  0.96101880042890031     
          78         112  0.96216987148380906     
          79         113  0.99172258342995989     
          81         114  0.99868501459226722     
          82         115  0.99758668318651511     
          87         116  0.99748845762879523     
          88         117  0.99850338335998889     
          93         118  0.99274846018960128     
          95         119  0.96327507200768414     
          97         120  0.96106124011297100     
          99         121  0.96243745128533020     
         100         122  0.99184197524232243     
         102         123  0.99949196746160285     
         103         124  0.99249133620649554     
          23         125   1.2150372704280024     
         125         126   2.4686946284648350     
         126         127   1.3653709072328966     
         125         128  0.17329074334614827     
         127         128   2.3430122404830960     
         128         129   1.3952698182852850     
         127         130  0.16702283651232069     
         129         130   2.3418071345656721     
         130         131   1.3670857186956291     
         129         132  0.17286569984064079     
         131         132   2.4642334397266037     
         133         134   2.4627648418511363     
         134         135   1.3682617478801660     
         133         136  0.17272758916137709     
         135         136   2.3393254696600785     
         136         137   1.3972508114009503     
         135         138  0.16676424371949095     
         137         138   2.3392882133804647     
         138         139   1.3683062951638791     
         137         140  0.17272709972549824     
         139         140   2.4626362471573620     
         141         142   2.4635186415415964     
         142         143   1.3677030271685471     
         141         144  0.17294762728272953     
         143         144   2.3409209942702121     
         144         145   1.3959443967819636     
         143         146  0.16710194694516117     
         145         146   2.3421526701863939     
         146         147   1.3659385672870070     
          85         148   1.2154197919824541     
         145         148  0.17336600266816923     
         147         148   2.4680286839785226     
         132         150   1.2196312604406268     
         150         151   1.2976363383650924     
         151         152   1.2310957324888101     
         152         153   1.6176920410192475     
         153         154   1.2223119680123540     
         149         155  0.86629553712410623     
         151         155   1.2452286893486957     
         154         155   1.2169613871605540     
         154         156   1.3636824844838622     
         156         157   1.0539834477326351     
         157         158   1.4104903591310325     
         158         159   1.3948506372745595     
         159         160   1.1177050062722484     
         159         161   1.3528408361959234     
         161         162   1.1180181314858502     
         161         163   1.3568256175844431     
         163         164   1.0911090303788393     
         157         165   1.4013117358933711     
         163         165   1.4082026866787998     
         156         166   1.3678521878124663     
         166         167   1.2210104104149615     
         167         168   1.6190033763174529     
         149         169  0.86630452115689660     
         166         169   1.2140696596729752     
         168         170   1.2305776576011216     
         169         170   1.2481740847335157     
         133         171   1.2202348450592104     
         170         171   1.2961029311773276     
         171         172   1.2994055581379165     
         172         173   1.2287689346760020     
         173         174   1.6211273898619003     
         174         175   1.2199129938691953     
         149         176  0.86732960222512701     
         172         176   1.2457562810773932     
         175         176   1.2154193275905338     
         175         177   1.3675420584096691     
         177         178   1.0501525437759784     
         178         179   1.4120009196600047     
         179         180   1.3904119774099619     
         180         181   1.1330657070630177     
         180         182   1.3630249957380416     
         182         183   1.0547900442626670     
         182         184   1.3777159332999742     
         184         185   1.1105824265715474     
         178         186   1.4133705479650116     
         184         186   1.3910340519813498     
         177         187   1.3675536059222673     
         187         188   1.2202441325919298     
         188         189   1.6203078382242955     
         150         190   1.2982899594792570     
         189         190   1.2296020564370549     
         149         191  0.86678632096216890     
         187         191   1.2146690586216202     
         190         191   1.2464807877508526     
         152         192  0.99763471919111080     
         153         193  0.99885080307125440     
         158         194  0.99301159150148055     
         160         195  0.96365019402626451     
         162         196  0.96093075353864854     
         164         197  0.96129077338256819     
         165         198  0.99233592446965235     
         167         199  0.99863247703339841     
         168         200  0.99751010946704333     
         173         201  0.99755114803871947     
         174         202  0.99859309411745090     
         179         203  0.99238753618403475     
         181         204  0.96214329995218406     
         183         205  0.96029492106110070     
         185         206  0.96625355608226215     
         186         207  0.99233400960260987     
         188         208  0.99877597981397614     
         189         209  0.99764030649245694     
         140         211   1.2203726262752532     
         211         212   1.2976870247032886     
         212         213   1.2306521888506141     
         213         214   1.6182402499107105     
         214         215   1.2220043340100035     
         210         216  0.86660661490130586     
         212         216   1.2455940068599405     
         215         216   1.2165280767474222     
         215         217   1.3645989469510087     
         217         218   1.0539926760645775     
         218         219   1.4103232149298781     
         219         220   1.3948717540889490     
         220         221   1.1176995843200745     
         220         222   1.3527185982692240     
         222         223   1.1182009872771259     
         222         224   1.3567495556113243     
         224         225   1.0913126723276070     
         218         226   1.4013913221876089     
         224         226   1.4081519881491413     
         217         227   1.3668931436170089     
         227         228   1.2213686883006269     
         228         229   1.6185120887586781     
         210         230  0.86624562038076269     
         227         230   1.2145112894601486     
         229         231   1.2309615576823940     
         230         231   1.2477230666943950     
         141         232   1.2200712454833813     
         231         232   1.2961422337263064     
         232         233   1.2993851559809066     
         233         234   1.2293654752959811     
         234         235   1.6202056140589864     
         235         236   1.2206531327661996     
         210         237  0.86740938592837880     
         233         237   1.2446408817566330     
         236         237   1.2165274238143484     
         236         238   1.3654233438474206     
         238         239   1.0505552681517951     
         239         240   1.4115687307202391     
         240         241   1.3906395678624190     
         241         242   1.1330905376607012     
         241         243   1.3626777967321737     
         243         244   1.0552060831922381     
         243         245   1.3777886097360630     
         245         246   1.1103180403819202     
         239         247   1.4133425957667984     
         245         247   1.3910224883503917     
         238         248   1.3692825150108257     
         248         249   1.2197990879450606     
         249         250   1.6207901950177301     
         211         251   1.2975243399681546     
         250         251   1.2293349585364752     
         210         252  0.86704556530915244     
         248         252   1.2133717688012338     
         251         252   1.2477155540297120     
         213         253  0.99756867726476606     
         214         254  0.99879790062877916     
         219         255  0.99302140401316141     
         221         256  0.96368740036151967     
         223         257  0.96083544308933122     
         225         258  0.96119007991652761     
         226         259  0.99231367298267148     
         228         260  0.99865561260210856     
         229         261  0.99751431055736783     
         234         262  0.99761975917296319     
         235         263  0.99862566993313628     
         240         264  0.99239572224070660     
         242         265  0.96212467137193181     
         244         266  0.96028676706890836     
         246         267  0.96626512514150742     
         247         268  0.99236341425465879     
         249         269  0.99869074115156331     
         250         270  0.99756069270090486     
