   -0.03322932
    0.05851246
   -0.04222955
   -0.03880221
    0.05657239
   -0.16283485
    0.00361570
    0.01653041
   -0.01583965
   -0.01243855
    0.01308699
    0.11075427
   -0.27402572
   -0.01349369
   -0.01764703
    0.05396323
   -0.04204516
   -0.04159929
   -0.29013010
    0.06224090
    0.00858745
    0.06237661
   -0.03998663
   -0.03977086
    0.05582571
   -0.15944572
    0.00107493
    0.01597526
   -0.01712522
   -0.01348520
    0.01236029
    0.11024050
   -0.27526957
   -0.01331435
   -0.01732372
    0.05599317
   -0.04177442
   -0.04388532
    0.05578661
   -0.29524073
    0.01939921
    0.03117662
    0.02375541
    0.16090803
    0.03020405
    0.03877824
    0.03735392
    0.02939817
    0.01604657
    0.02007412
    0.02824115
    0.02403539
    0.15912649
    0.02829864
    0.03695566
    0.03785039
    0.02999554
    0.01527027
    0.02249466
   -0.03323239
    0.05851435
   -0.04222943
   -0.03880307
    0.05656598
   -0.16283930
    0.00362236
    0.01653865
   -0.01583690
   -0.01243147
    0.01309602
    0.11075738
   -0.27401637
   -0.01348719
   -0.01764141
    0.05395906
   -0.04204558
   -0.04159966
   -0.29012252
    0.06225026
    0.00858550
    0.06237639
   -0.03998593
   -0.03976934
    0.05582626
   -0.15945399
    0.00107658
    0.01597376
   -0.01712892
   -0.01349079
    0.01235679
    0.11024084
   -0.27527051
   -0.01331302
   -0.01732567
    0.05599624
   -0.04177619
   -0.04388683
    0.05578552
   -0.29524342
    0.01939641
    0.03117774
    0.02375609
    0.16091420
    0.03021043
    0.03878483
    0.03735888
    0.02941299
    0.01604741
    0.02006786
    0.02824822
    0.02404163
    0.15912941
    0.02829432
    0.03695736
    0.03784438
    0.02998893
    0.01527182
    0.02249347
   -0.02415137
   -0.02865534
   -0.02381948
   -0.02533825
   -0.02534387
   -0.02382196
   -0.02865921
   -0.02415623
