           2           3   1.3922425403974024     
           3           4   1.1981569121393039     
           4           5   1.6434245915065810     
           5           6   1.2029166341243100     
           1           7  0.71256319278299174     
           3           7   1.2444224488113003     
           6           7   1.2510605458016821     
           6           8   1.3600999280395158     
           8           9   1.0570151979405127     
           9          10   1.4148773391391560     
          10          11   1.4660321631606390     
          11          12   1.4041678913722924     
          12          13   1.0056470315248187     
          13          14   1.5663792562827681     
          13          15   1.5674720882233699     
          14          15  0.38066715802827161     
          12          16   1.4039166656108937     
           9          17   1.4144372434456483     
          16          17   1.4663623557224619     
           8          18   1.3654402101899328     
          18          19   1.2081327860335471     
          19          20   1.6326657725765397     
           1          21  0.70932309386745962     
          18          21   1.2419137605234329     
          20          22   1.2178413358386169     
          21          22   1.2651700719759036     
          22          23   1.3107396723089386     
          23          24   1.3089330476980383     
          24          25   1.2184044391286650     
          25          26   1.6326606525996989     
          26          27   1.2075699934602802     
           1          28  0.70890874340618493     
          24          28   1.2674898089691065     
          27          28   1.2396188285374348     
          27          29   1.3679356296979341     
          29          30   1.0568041310107374     
          30          31   1.4143934109635070     
          31          32   1.4664609766760561     
          32          33   1.4039067756392334     
          33          34   1.0056773236758243     
          34          35   1.5663291810476618     
          34          36   1.5674684422239662     
          35          36  0.38064492030628344     
          33          37   1.4041468419677887     
          30          38   1.4150867709968209     
          37          38   1.4658958728648697     
          29          39   1.3576736182588025     
          39          40   1.2033160374665934     
          40          41   1.6435142255755839     
           2          42   1.3947350105801537     
          41          42   1.1974028655509137     
           1          43  0.71298751209146927     
          39          43   1.2533502012302613     
          42          43   1.2421183889650786     
           2          44  0.99664665030614463     
           4          45  0.99367478681352717     
           5          46  0.99842537891460137     
          10          47  0.98808307749854352     
          11          48  0.98542622740839636     
          16          49  0.98573408439045762     
          17          50  0.98851013984478420     
          19          51  0.99772530935682779     
          20          52  0.99861443616859502     
          25          53  0.99845358748255653     
          26          54  0.99771835277009235     
          31          55  0.98841314673278224     
          32          56  0.98575606930975301     
          37          57  0.98540468740152121     
          38          58  0.98815517195081459     
          40          59  0.99844267270544651     
          41          60  0.99373755271755093     
          62          63   1.3921722858096974     
          63          64   1.1982701410233474     
          64          65   1.6429605157908937     
          65          66   1.2032395064231913     
          61          67  0.71439907736322694     
          63          67   1.2431703324470489     
          66          67   1.2509513055973860     
          66          68   1.3585041902557702     
          68          69   1.0589860786033869     
          69          70   1.4139735103634821     
          70          71   1.4664388649207702     
          71          72   1.4039015175471137     
          72          73   1.0056944524280016     
          73          74   1.5664441097156665     
          73          75   1.5672133416616254     
          74          75  0.38056466546782525     
          72          76   1.4037683732978112     
          69          77   1.4136814303520118     
          76          77   1.4666580712484891     
          68          78   1.3650470259160423     
          78          79   1.2086325445235591     
          79          80   1.6314789183984646     
          61          81  0.71039436044310800     
          78          81   1.2407466835030556     
          80          82   1.2186641400328717     
          81          82   1.2659719139881453     
          82          83   1.3072228627077134     
          83          84   1.3056450409160802     
          84          85   1.2191561741583843     
          85          86   1.6314345412731390     
          86          87   1.2081831022057650     
          61          88  0.71029863440483421     
          84          88   1.2677632148821827     
          87          88   1.2388239894165431     
          87          89   1.3670134666877987     
          89          90   1.0589667321053897     
          90          91   1.4135353480109554     
          91          92   1.4667987179136823     
          92          93   1.4037157805700395     
          93          94   1.0057374515812512     
          94          95   1.5663675791655380     
          94          96   1.5672694962757057     
          95          96  0.38055926394000389     
          93          97   1.4039229428853637     
          90          98   1.4141245659026380     
          97          98   1.4662974399819761     
          89          99   1.3565078661723553     
          99         100   1.2035889170000251     
         100         101   1.6429533065795527     
          62         102   1.3939488262615813     
         101         102   1.1977740556779917     
          61         103  0.71455973226349867     
          99         103   1.2527577972081840     
         102         103   1.2414488902820706     
          62         104  0.99661124536485746     
          64         105  0.99373836206568811     
          65         106  0.99840734358001570     
          70         107  0.98817517350132578     
          71         108  0.98544847834851279     
          76         109  0.98573313143424801     
          77         110  0.98858101523032382     
          79         111  0.99770641471863786     
          80         112  0.99877923838465898     
          85         113  0.99862551464325500     
          86         114  0.99769939433446320     
          91         115  0.98853920203531287     
          92         116  0.98575558079923387     
          97         117  0.98541986046484142     
          98         118  0.98821414055149315     
         100         119  0.99840745574054712     
         101         120  0.99378110334037584     
          23         122   1.2019419314921513     
         121         122   2.5244983891354136     
         121         123   1.3136282857958450     
         122         124  0.18640565677498647     
         123         124   2.5223558810236901     
         125         126   2.5166769322092950     
         125         127   1.3197718651153589     
          83         128   1.2085310702407395     
         126         128  0.18748625199947416     
         127         128   2.5182730649070306     
         124         130   1.2052010160039146     
         130         131   1.3060112800976376     
         131         132   1.2203299459667876     
         132         133   1.6291455036156759     
         133         134   1.2111941584135639     
         129         135  0.70748605213763160     
         131         135   1.2660693267269381     
         134         135   1.2419906596902843     
         134         136   1.3601109666123665     
         136         137   1.0589730821126875     
         137         138   1.4141142133534863     
         138         139   1.4661102967371762     
         139         140   1.4044844085768760     
         140         141   1.0047310094489683     
         141         142   1.5677979280437566     
         141         143   1.5674083816008646     
         142         143  0.38103869108908045     
         140         144   1.4045886674298720     
         137         145   1.4142581702572106     
         144         145   1.4660341960290384     
         136         146   1.3643142470482186     
         146         147   1.2101735990643756     
         147         148   1.6298072637662577     
         129         149  0.70829456189292617     
         146         149   1.2395688322646463     
         148         150   1.2200936792511765     
         149         150   1.2681892922820361     
         126         151   1.2109874292630103     
         150         151   1.3047576673305008     
         151         152   1.3033532951380906     
         152         153   1.2207803725541388     
         153         154   1.6285239849622613     
         154         155   1.2114402116777816     
         129         156  0.70730144318589583     
         152         156   1.2671310990789022     
         155         156   1.2416519059382283     
         155         157   1.3603902683650562     
         157         158   1.0588333873983442     
         158         159   1.4139263967523892     
         159         160   1.4662978916986467     
         160         161   1.4043567081577464     
         161         162   1.0047662370097055     
         162         163   1.5673791994236650     
         162         164   1.5677787055860111     
         163         164  0.38102712737248651     
         161         165   1.4047007363495565     
         158         166   1.4145650041217694     
         165         166   1.4658077252075663     
         157         167   1.3641305260136518     
         167         168   1.2098664809476021     
         168         169   1.6304818329562116     
         130         170   1.3072654121724678     
         169         170   1.2196207372690009     
         129         171  0.70849179913559246     
         167         171   1.2399768719695641     
         170         171   1.2670727407259708     
         132         172  0.99865635879564418     
         133         173  0.99804922689017095     
         138         174  0.98839786428846133     
         139         175  0.98548593863588585     
         144         176  0.98544807020330005     
         145         177  0.98839536924419980     
         147         178  0.99802814308332766     
         148         179  0.99875333965029678     
         153         180  0.99881249146099282     
         154         181  0.99803034958577908     
         159         182  0.98839411449909964     
         160         183  0.98545887244254415     
         165         184  0.98547600348184550     
         166         185  0.98837735016308437     
         168         186  0.99805038106340893     
         169         187  0.99859980499033441     
