   -0.08291213
   -0.02163252
    0.05948221
   -0.04444422
   -0.04079864
    0.06375632
   -0.17365470
    0.01744645
    0.06354780
   -0.03885555
   -0.03991543
   -0.17118544
    0.06642878
    0.01942375
    0.06632222
   -0.03940671
   -0.03769044
    0.06342871
    0.01637782
   -0.00555366
    0.09612887
   -0.22815151
    0.03583453
   -0.04795417
   -0.03519660
   -0.04841430
    0.09575543
   -0.22859034
    0.03552174
    0.06375602
   -0.03952264
   -0.04384129
    0.05954007
   -0.17351801
   -0.17114375
   -0.00478272
    0.09614260
   -0.22821709
    0.03535350
   -0.04804158
   -0.03521888
   -0.04816737
    0.09604004
   -0.22827987
    0.03528209
    0.01924637
    0.02057926
    0.01735950
    0.01989370
    0.02158832
    0.02173391
    0.01955703
    0.02975036
    0.04406296
    0.03316212
    0.02812274
    0.02434490
    0.02741229
    0.04310686
    0.03069165
    0.03128167
    0.01708039
    0.02110670
    0.04435766
    0.03046361
    0.03280768
    0.02811551
    0.02432754
    0.02797996
    0.03233643
    0.04411883
    0.03053864
   -0.08293561
   -0.02162930
    0.05948672
   -0.04443586
   -0.04078075
    0.06376048
   -0.17365684
    0.01743314
    0.06354690
   -0.03884335
   -0.03991191
   -0.17118859
    0.06643045
    0.01942632
    0.06632672
   -0.03940739
   -0.03769250
    0.06343127
    0.01638905
   -0.00554891
    0.09612610
   -0.22815539
    0.03583274
   -0.04795446
   -0.03519820
   -0.04841253
    0.09575383
   -0.22858758
    0.03552046
    0.06376077
   -0.03953372
   -0.04385123
    0.05954032
   -0.17352273
   -0.17115120
   -0.00479210
    0.09614110
   -0.22821425
    0.03535826
   -0.04804030
   -0.03521854
   -0.04816992
    0.09603844
   -0.22828323
    0.03528416
    0.01924026
    0.02058909
    0.01735570
    0.01989167
    0.02159455
    0.02173727
    0.01956948
    0.02975110
    0.04406000
    0.03316006
    0.02811960
    0.02434400
    0.02741660
    0.04311493
    0.03069247
    0.03129000
    0.01709564
    0.02110296
    0.04436001
    0.03045788
    0.03281518
    0.02811704
    0.02432786
    0.02797138
    0.03232098
    0.04410225
    0.03053718
   -0.02519770
   -0.02041469
   -0.02518884
   -0.02041021
