           2           3   1.3935179533486548     
           3           4   1.2054425166907872     
           4           5   1.6353099943627856     
           5           6   1.2088380040236042     
           1           7  0.86625800325405944     
           3           7   1.2260381809747025     
           6           7   1.2268173656323478     
           6           8   1.3688211843342839     
           8           9   1.3784852143973974     
           9          10   1.2132577953422119     
          10          11   1.6246366331230417     
           1          12  0.85933010306502167     
           9          12   1.2152332395693450     
          11          13   1.2268227157393459     
          12          13   1.2513144077641480     
          13          14   1.3043619514359268     
          14          15   1.3035279159816922     
          15          16   1.2278822090289181     
          16          17   1.6203091044052034     
          17          18   1.2142960619236618     
          18          19   1.3731644620260763     
          19          20   1.0375475260638634     
          20          21   1.3781051100700439     
          21          22   1.1207927702206988     
          22          23  0.98344667053806989     
          21          24   1.3865738943064447     
          24          25   1.4387748843475072     
          25          26   1.4380808100804445     
          20          27   1.3786231389354469     
          26          27   1.3869433690870159     
          27          28   1.1192058710869570     
          28          29  0.98395250105343435     
          19          30   1.3655543983060441     
          30          31   1.2086390430121743     
          31          32   1.6324903345577675     
           2          33   1.3942877906777438     
          32          33   1.2051204466904153     
           1          34  0.86802713119630681     
          30          34   1.2281460939194488     
          33          34   1.2248009362018952     
           1          35  0.85958764561850443     
          15          35   1.2501671970998802     
          18          35   1.2169692232087483     
           8          36   1.0232278372621755     
          36          37   1.3843345271285443     
          37          38   1.1215059585993261     
          38          39  0.98418653587845772     
          37          40   1.3841560032363980     
          40          41   1.4397142526277753     
          41          42   1.4393340386542621     
          36          43   1.3837634105561449     
          42          43   1.3845188707973184     
          43          44   1.1212254490051921     
          44          45  0.98434828747299896     
           2          46  0.99780443182402756     
           4          47  0.99598853696395617     
           5          48  0.99953027708384456     
          10          49  0.99867753902849754     
          11          50   1.0008007905883594     
          16          51   1.0003031750102567     
          17          52  0.99940697953392155     
          23          53  0.99680012774502713     
          23          54  0.98645649054524742     
          23          55  0.99720647410483765     
          24          56  0.98985090342968718     
          25          57  0.98652326109502675     
          26          58  0.98985459013382804     
          29          59  0.98682996812063262     
          29          60  0.99773836067220234     
          29          61  0.99655782934036252     
          31          62   1.0002872413748503     
          32          63  0.99545364556885219     
          39          64  0.98668578714068378     
          39          65  0.99723911445012614     
          39          66  0.99671869274980840     
          40          67  0.98974281349709659     
          41          68  0.98655600634576002     
          42          69  0.98973253168190700     
          45          70  0.99681340458053957     
          45          71  0.98675897276512337     
          45          72  0.99718150511590753     
          74          75   1.3935343126123803     
          75          76   1.2054469380307491     
          76          77   1.6352620701230203     
          77          78   1.2088395518627928     
          73          79  0.86621609085051543     
          75          79   1.2260571475827218     
          78          79   1.2268492873352070     
          78          80   1.3687919070235888     
          80          81   1.3783995532355779     
          81          82   1.2132851356393846     
          82          83   1.6245856988347047     
          73          84  0.85924811918531641     
          81          84   1.2152841795697249     
          83          85   1.2268209057078669     
          84          85   1.2513470278759846     
          85          86   1.3043619685669168     
          86          87   1.3035468336523923     
          87          88   1.2278778846977429     
          88          89   1.6203408143092084     
          89          90   1.2142887960692514     
          90          91   1.3732422778040272     
          91          92   1.0374883514628872     
          92          93   1.3781448077496279     
          93          94   1.1207756867645173     
          94          95  0.98345227093375986     
          93          96   1.3865630423482442     
          96          97   1.4387821249714123     
          97          98   1.4380798896590390     
          92          99   1.3786353568440493     
          98          99   1.3869394143689897     
          99         100   1.1192112986644482     
         100         101  0.98395574873198732     
          91         102   1.3655262710071212     
         102         103   1.2086544222390794     
         103         104   1.6325099061059831     
          74         105   1.3942951772151970     
         104         105   1.2051302105404846     
          73         106  0.86792183415927837     
         102         106   1.2281878426127135     
         105         106   1.2248322375275551     
          73         107  0.85955243754177313     
          87         107   1.2502141851044637     
          90         107   1.2169459845518875     
          80         108   1.0234463674785399     
         108         109   1.3842516504047300     
         109         110   1.1215044947750166     
         110         111  0.98417650812599189     
         109         112   1.3841821907360812     
         112         113   1.4397072897058625     
         113         114   1.4393074935372570     
         108         115   1.3836744081756795     
         114         115   1.3845634679030330     
         115         116   1.1212002718477392     
         116         117  0.98433990767502189     
          74         118  0.99780920402608508     
          76         119  0.99597845464296342     
          77         120  0.99953952754943620     
          82         121  0.99869166006459809     
          83         122   1.0007951051704747     
          88         123   1.0003014975912179     
          89         124  0.99941035310941295     
          95         125  0.99679999333284175     
          95         126  0.98645897545030270     
          95         127  0.99720966059722638     
          96         128  0.98985109993514275     
          97         129  0.98652286575110126     
          98         130  0.98985265734532235     
         101         131  0.98683168597142412     
         101         132  0.99773529490157720     
         101         133  0.99656034140539984     
         103         134   1.0002883431737195     
         104         135  0.99545650172426625     
         111         136  0.98668243676610667     
         111         137  0.99723976492736865     
         111         138  0.99671891182047090     
         112         139  0.98974371107784664     
         113         140  0.98655562097742411     
         114         141  0.98973416128120695     
         117         142  0.99681896537660253     
         117         143  0.98675644941492879     
         117         144  0.99717839909180395     
          14         146   1.2122808378415799     
         145         146   2.5109520945134793     
         145         147   1.3245541673029568     
          86         148   1.2122692300395455     
         146         148  0.18847057372419501     
         147         148   2.5110001488281561     
