           2           3   1.3802139534530262     
           3           4   1.2026742711213687     
           4           5   1.6336330898118829     
           5           6   1.2121656683986723     
           1           7  0.56988190736275857     
           3           7   1.2855451475584061     
           6           7   1.2678837358532768     
           6           8   1.3683569216975355     
           8           9   1.0539113676745233     
           9          10   1.4090386125665364     
          10          11   1.4728136647832109     
          11          12   1.3742942174613493     
          12          13   1.1323231500381983     
          13          14  0.97351970052848324     
          12          15   1.3878167522333309     
           9          16   1.4182144920045685     
          15          16   1.4576014183125163     
           8          17   1.3553771891247139     
          17          18   1.2280816108451880     
          18          19   1.6057356316493792     
           1          20  0.56522536493645748     
          17          20   1.2624364812392215     
          19          21   1.2390806382045427     
          20          21   1.3142774508815220     
          21          22   1.2775715510535282     
          22          23   1.2769102775752403     
          23          24   1.2390158651589873     
          24          25   1.6059902374944883     
          25          26   1.2279286605315942     
           1          27  0.56448445169297445     
          23          27   1.3150484119930461     
          26          27   1.2621206326284953     
          26          28   1.3555704698637092     
          28          29   1.0553543400663496     
          29          30   1.4177653629847125     
          30          31   1.4578312286341319     
          31          32   1.3876134514756906     
          32          33   1.1327882970846417     
          33          34  0.97340052801767774     
          32          35   1.3738284049555558     
          29          36   1.4081389075822159     
          35          36   1.4733676649837444     
          28          37   1.3673096336309740     
          37          38   1.2124934789525754     
          38          39   1.6331545901048194     
           2          40   1.3799163035723443     
          39          40   1.2029201704892121     
           1          41  0.56951303192228575     
          37          41   1.2683695955937726     
          40          41   1.2854916156342806     
           2          42  0.99938363567411970     
           4          43  0.99604271903813124     
           5          44   1.0014210269052986     
          10          45  0.99130700219945378     
          11          46  0.99045836581507007     
          13          47  0.97493541291668162     
          14          48   1.0065325617017855     
          14          49  0.99666996601265589     
          14          50  0.99946535817773208     
          15          51  0.99183497793090447     
          16          52  0.99095862584416772     
          18          53   1.0003520769659036     
          19          54  0.99883856439937180     
          24          55  0.99884995249769903     
          25          56   1.0002577159912616     
          30          57  0.99098956899003199     
          31          58  0.99189926071723389     
          33          59  0.97479849626088011     
          34          60  0.99673970781058052     
          34          61  0.99947533459983728     
          34          62   1.0064920721428832     
          35          63  0.99040984868503412     
          36          64  0.99138289213905384     
          38          65   1.0013781896829741     
          39          66  0.99605046322601964     
          68          69   1.3802036503646469     
          69          70   1.2026748105545797     
          70          71   1.6336217675429259     
          71          72   1.2121740335222828     
          67          73  0.56984861588369062     
          69          73   1.2855543057106318     
          72          73   1.2678785719303147     
          72          74   1.3683547430478424     
          74          75   1.0539143912507309     
          75          76   1.4090741163380627     
          76          77   1.4727762706053227     
          77          78   1.3743623775701943     
          78          79   1.1322431224124527     
          79          80  0.97355088536341028     
          78          81   1.3878575713503085     
          75          82   1.4181989435932261     
          81          82   1.4576122845690203     
          74          83   1.3553861374856637     
          83          84   1.2280742569955403     
          84          85   1.6057494457816728     
          67          86  0.56525009362740097     
          83          86   1.2624257224512403     
          85          87   1.2390662457906052     
          86          87   1.3142692575430337     
          87          88   1.2776069517225566     
          88          89   1.2768653302937556     
          89          90   1.2390386237127660     
          90          91   1.6059616320874950     
          91          92   1.2279432803780519     
          67          93  0.56444612026741880     
          89          93   1.3150561098859745     
          92          93   1.2621273933371338     
          92          94   1.3555587347733795     
          94          95   1.0553313726359321     
          95          96   1.4177963120167520     
          96          97   1.4578074518820392     
          97          98   1.3876231581433460     
          98          99   1.1327925208499772     
          99         100  0.97339806482430580     
          98         101   1.3738149831776258     
          95         102   1.4081283885902718     
         101         102   1.4733814012593465     
          94         103   1.3673325302937198     
         103         104   1.2124925666608974     
         104         105   1.6331549776468719     
          68         106   1.3799169271751821     
         105         106   1.2029206763168321     
          67         107  0.56955376291463788     
         103         107   1.2683452546252050     
         106         107   1.2854890230741287     
          68         108  0.99938374200689695     
          70         109  0.99604337454891168     
          71         110   1.0014208284800126     
          76         111  0.99130528584287125     
          77         112  0.99046046627600437     
          79         113  0.97498228973028300     
          80         114   1.0065403943738291     
          80         115  0.99666823293327045     
          80         116  0.99946437275700473     
          81         117  0.99183172394562558     
          82         118  0.99095984894190370     
          84         119   1.0003506835620541     
          85         120  0.99883356619462993     
          90         121  0.99885452595939339     
          91         122   1.0002593684417125     
          96         123  0.99098608981400316     
          97         124  0.99190079943644194     
          99         125  0.97479308235368756     
         100         126  0.99674120600034077     
         100         127  0.99947521037137410     
         100         128   1.0064915993044605     
         101         129  0.99040763110487384     
         102         130  0.99138227315837046     
         104         131   1.0013780797509699     
         105         132  0.99604989439200975     
          22         133   1.2381903198097377     
          88         134   1.2381948044334039     
         133         134   2.5839749264346525     
