           2           3   1.3933324780878071     
           3           4   1.1996170946805462     
           4           5   1.6406645611736042     
           5           6   1.2003462002414149     
           1           7  0.86802756277213322     
           3           7   1.2240088850237560     
           6           7   1.2254976841811789     
           6           8   1.3905804804359261     
           8           9   1.3992058051339176     
           9          10   1.2053813331366321     
          10          11   1.6295798242697419     
           1          12  0.86216018933548966     
           9          12   1.2159175965031170     
          11          13   1.2219072447706567     
          12          13   1.2485573759385944     
          13          14   1.3092382104576148     
          14          15   1.3088708859548321     
          15          16   1.2220415315171422     
          16          17   1.6294140154059853     
          17          18   1.2055041110793436     
           1          19  0.86279747183179445     
          15          19   1.2487379430111514     
          18          19   1.2153838857411601     
          18          20   1.3995225519810111     
          20          21   1.3902989423635008     
          21          22   1.2005008968330841     
          22          23   1.6404979141162497     
           2          24   1.3930512932240828     
          23          24   1.1996923103934307     
           1          25  0.86710109004534919     
          21          25   1.2257329640886867     
          24          25   1.2242562180141814     
           2          26  0.99610998489145086     
           4          27  0.99373258679346232     
           5          28  0.99386412063233542     
           8          29  0.99652503363798162     
          10          30  0.99310520960419901     
          11          31  0.99815188998617066     
          16          32  0.99816408181816618     
          17          33  0.99309354174400255     
          20          34  0.99652107344669727     
          22          35  0.99386707642845984     
          23          36  0.99373991461361677     
          38          39   1.3934687121845881     
          39          40   1.1995029283438012     
          40          41   1.6408178131006821     
          41          42   1.2002612199851159     
          37          43  0.86745510054575048     
          39          43   1.2242461677114918     
          42          43   1.2256386961563528     
          42          44   1.3908027762001718     
          44          45   1.3991261191616653     
          45          46   1.2051753944400969     
          46          47   1.6299512635903339     
          37          48  0.86178566935401124     
          45          48   1.2164403945214728     
          47          49   1.2211086828680819     
          48          49   1.2480794662528074     
          49          50   1.3107956887220615     
          50          51   1.3105938084918083     
          51          52   1.2212592706365442     
          52          53   1.6299122058095288     
          53          54   1.2052287640904578     
          37          55  0.86221407421271745     
          51          55   1.2482542911137671     
          54          55   1.2161137128693411     
          54          56   1.3993547699957432     
          56          57   1.3905904931121591     
          57          58   1.2004385516636855     
          58          59   1.6406085336976504     
          38          60   1.3930873139193045     
          59          60   1.1996425465835505     
          37          61  0.86666472236879588     
          57          61   1.2257874862327394     
          60          61   1.2245116973261743     
          38          62  0.99612034843494479     
          40          63  0.99370717873647962     
          41          64  0.99384283482731106     
          44          65  0.99652568908144079     
          46          66  0.99295722852875101     
          47          67  0.99859124793973808     
          52          68  0.99856716347574892     
          53          69  0.99298371657502382     
          56          70  0.99653141728454908     
          58          71  0.99384613569638858     
          59          72  0.99371797305928788     
          14          73   1.1963125611220979     
          73          74   2.6352439165410044     
          50          76   1.1930656184859676     
          75          76   2.6370861550966982     
          74          78   1.1978053799276338     
          78          79   1.3072596314025970     
          79          80   1.2239822580940944     
          80          81   1.6268283363265439     
          81          82   1.2083763197107291     
          77          83  0.86124867816259354     
          79          83   1.2496901375022424     
          82          83   1.2166634482558190     
          82          84   1.3963191806347865     
          84          85   1.3951138011813968     
          85          86   1.2084969743872518     
          86          87   1.6265398336292689     
          77          88  0.86085510319107050     
          85          88   1.2175046489341805     
          87          89   1.2237693316556082     
          88          89   1.2488796150916823     
          75          90   1.1946874030582912     
          89          90   1.3085216483506907     
          90          91   1.3089856103107822     
          91          92   1.2237322163583766     
          92          93   1.6267072595580412     
          93          94   1.2084033512680552     
          77          95  0.86185213614696099     
          91          95   1.2483828312506526     
          94          95   1.2173912606926669     
          94          96   1.3953766694112328     
          96          97   1.3960310070416233     
          97          98   1.2083690761808923     
          98          99   1.6267378403967001     
          78         100   1.3073285948884923     
          99         100   1.2241254817523886     
          77         101  0.86115492572342733     
          97         101   1.2169897863963850     
         100         101   1.2494179806937751     
          80         102  0.99840950029340159     
          81         103  0.99336775564301438     
          84         104  0.99702098312621557     
          86         105  0.99329054676926509     
          87         106  0.99867748145583457     
          92         107  0.99863578650729856     
          93         108  0.99329625292733525     
          96         109  0.99702348636403637     
          98         110  0.99337083921637215     
          99         111  0.99835788374281731     
