           2           3   1.3944022644602740     
           3           4   1.2033192894730722     
           4           5   1.6361054608738272     
           5           6   1.2085843192691332     
           1           7  0.87204919748381837     
           3           7   1.2215304031941736     
           6           7   1.2255867070795885     
           6           8   1.3646626249248388     
           8           9   1.0426555853563897     
           9          10   1.4294775992399202     
          10          11   1.4477343066350139     
          11          12   1.4772777094710892     
          10          13  0.10089335690074605     
          12          13   1.4776586670196881     
           9          14   1.4295825562120541     
          11          14  0.10083148468147714     
          13          14   1.4471818485720693     
           8          15   1.3681305550500875     
          15          16   1.2157530302254322     
          16          17   1.6224374579450977     
           1          18  0.86465621717332963     
          15          18   1.2168003758248040     
          17          19   1.2281496467533553     
          18          19   1.2467128745430178     
          19          20   1.3062536491946455     
          20          21   1.3079858930926342     
          21          22   1.2279352024231776     
          22          23   1.6214804476360349     
          23          24   1.2162058817396162     
           1          25  0.86532376433543645     
          21          25   1.2447312121768583     
          24          25   1.2184585531556757     
          24          26   1.3661937164053171     
          26          27   1.0510305758013001     
          27          28   1.4262069936281743     
          28          29   1.4482865157547815     
          29          30   1.4772439373993074     
          28          31  0.10010117932384432     
          30          31   1.4765298139225811     
          27          32   1.4256220769977137     
          29          32  0.10030215215373325     
          31          32   1.4486736484758282     
          26          33   1.3610124682231137     
          33          34   1.2102163434368758     
          34          35   1.6334027890581049     
           2          36   1.3907229487576593     
          35          36   1.2048925162030202     
           1          37  0.86895630088656706     
          33          37   1.2264664628994231     
          36          37   1.2226426884750397     
           2          38  0.99705687177334512     
           4          39  0.99403394070814666     
           5          40  0.99864259225871410     
          10          41  0.98885699626831891     
          11          42  0.98433063661218589     
          13          43  0.98450087566839084     
          14          44  0.98868017913361661     
          16          45  0.99786938783977264     
          17          46  0.99812836652857206     
          22          47  0.99801416789529440     
          23          48  0.99739294009795032     
          28          49  0.98918338043242748     
          29          50  0.98455491856271271     
          31          51  0.98405566517901077     
          32          52  0.98852729679880258     
          34          53  0.99840862627659077     
          35          54  0.99399657088285365     
          56          57   1.3944022785869512     
          57          58   1.2033192763868130     
          58          59   1.6361055208925865     
          59          60   1.2085843375221486     
          55          61  0.87204944004816398     
          57          61   1.2215304359219215     
          60          61   1.2255866773017816     
          60          62   1.3646627040494292     
          62          63   1.0426554445906531     
          63          64   1.4294776150652200     
          64          65   1.4477343083680760     
          65          66   1.4772776974951516     
          64          67  0.10089338340297833     
          66          67   1.4776587228199822     
          63          68   1.4295826855777614     
          65          68  0.10083150274598397     
          67          68   1.4471817831752929     
          62          69   1.3681305539361153     
          69          70   1.2157530061253048     
          70          71   1.6224375310868695     
          55          72  0.86465650924305337     
          69          72   1.2168004787001476     
          71          73   1.2281496789477440     
          72          73   1.2467127964849831     
          73          74   1.3062536571707186     
          74          75   1.3079858909734425     
          75          76   1.2279352094250426     
          76          77   1.6214805145053179     
          77          78   1.2162058917214122     
          55          79  0.86532448085008939     
          75          79   1.2447311809657677     
          78          79   1.2184583552574055     
          78          80   1.3661937933904811     
          80          81   1.0510306244585881     
          81          82   1.4262070138845775     
          82          83   1.4482864895613028     
          83          84   1.4772439763820118     
          82          85  0.10010117786634562     
          84          85   1.4765297897151952     
          81          86   1.4256220238969997     
          83          86  0.10030215414209712     
          85          86   1.4486736695537701     
          80          87   1.3610123785887407     
          87          88   1.2102163953551694     
          88          89   1.6334027774571573     
          56          90   1.3907229193501549     
          89          90   1.2048925706354541     
          55          91  0.86895657422827444     
          87          91   1.2264664724250656     
          90          91   1.2226426415221316     
          56          92  0.99705687059170378     
          58          93  0.99403393815812191     
          59          94  0.99864260090371848     
          64          95  0.98885698977579117     
          65          96  0.98433062504358759     
          67          97  0.98450087379190343     
          68          98  0.98868015713573254     
          70          99  0.99786939497796923     
          71         100  0.99812837996102843     
          76         101  0.99801416391023634     
          77         102  0.99739292654454881     
          82         103  0.98918337151648672     
          83         104  0.98455491643511273     
          85         105  0.98405565231121817     
          86         106  0.98852730363527508     
          88         107  0.99840862563827726     
          89         108  0.99399656634379463     
          20         109   1.2000223888247352     
          74         110   1.2000223905031686     
         109         110   2.6357797376837597     
