    0.26546262
   -0.02776911
    0.05834448
   -0.04109432
   -0.03930157
    0.05604309
   -0.21343147
   -0.01943223
    0.05546032
   -0.03947584
   -0.03830201
   -0.20981354
    0.06321880
    0.01322404
    0.06318819
   -0.03832219
   -0.03949400
    0.05545592
   -0.20982572
   -0.01945104
    0.05603994
   -0.03930909
   -0.04109635
    0.05834231
   -0.21343948
    0.01870385
    0.02568711
    0.02667023
    0.02228306
    0.02716118
    0.02364076
    0.02358002
    0.02713001
    0.02225748
    0.02665567
    0.02568290
    0.26642183
   -0.02729728
    0.05850323
   -0.04082864
   -0.03910420
    0.05632359
   -0.21316813
   -0.01921936
    0.05580129
   -0.03907818
   -0.03795135
   -0.20975166
    0.06348986
    0.01348371
    0.06346062
   -0.03797662
   -0.03910071
    0.05579332
   -0.20976591
   -0.01924004
    0.05631530
   -0.03911643
   -0.04083357
    0.05850000
   -0.21317280
    0.01918346
    0.02610288
    0.02707018
    0.02270812
    0.02766774
    0.02409627
    0.02402200
    0.02763143
    0.02267700
    0.02704966
    0.02609678
   -0.02373661
   -0.02591918
   -0.02317410
   -0.02227780
   -0.02464504
   -0.02043199
   -0.02805898
   -0.02072267
   -0.01973926
   -0.02798487
   -0.01940443
   -0.02429057
   -0.02138240
   -0.02268544
   -0.02528593
   -0.02327807
    0.26469023
    0.01032379
    0.06300409
   -0.03999841
   -0.03974758
    0.05411081
   -0.21062499
   -0.01716774
    0.05414137
   -0.03957192
   -0.04001378
   -0.21084702
    0.06311366
    0.00990164
    0.06309644
   -0.04002750
   -0.03958078
    0.05413928
   -0.21083939
   -0.01716684
    0.05411028
   -0.03974237
   -0.03998792
    0.06301672
   -0.21061127
    0.02135707
    0.02583531
    0.02247065
    0.02592149
    0.02133449
    0.02128278
    0.02590518
    0.02247194
    0.02584171
    0.02139842
