           1           2   1.3721696291916434     
           2           3   1.2394392355022570     
           3           4   1.5996445602762632     
           4           5   1.2489109773788711     
           2           6   1.2299651484342153     
           5           6   1.2306077586704720     
           5           7   1.3412365704937901     
           7           8   1.0553710579764313     
           8           9   1.4146064501279181     
           9          10   1.4657622718384142     
          10          11   1.4055905842999723     
          11          12   1.0047953917560928     
          12          13   1.5682684243793668     
          12          14   1.5678032913999187     
          13          14  0.38239543788931268     
          11          15   1.4060213151079080     
           8          16   1.4144624722634420     
          15          16   1.4651443853773229     
           7          17   1.3649068162590430     
          17          18   1.1602970728870481     
          18          19   1.6935097545823632     
          17          20   1.3593843376771335     
          19          21   1.1665902181129078     
          20          21   1.4122023833742614     
          21          22   1.2941611951326191     
          22          23   1.2896591558782393     
          23          24   1.2695584581637334     
          24          25   1.5809979464069663     
          25          26   1.2594202029761357     
          23          27   1.2493130105047345     
          26          27   1.2267367802254956     
          26          28   1.3375534033195045     
          28          29   1.0578674971156019     
          29          30   1.4127285127296465     
          30          31   1.4664837071102681     
          31          32   1.4049120648610658     
          32          33   1.0055360378554630     
          33          34   1.5670508341573195     
          33          35   1.5667729782779232     
          34          35  0.38153483089618290     
          32          36   1.4048196134984281     
          29          37   1.4131316260624958     
          36          37   1.4662557308448947     
          28          38   1.3583868947932578     
          38          39   1.1501139133657345     
          39          40   1.7099776350234384     
           1          41   1.3862974330405897     
          40          41   1.1452947797662065     
          38          42   1.3817419903154671     
          41          42   1.3738511200792252     
           1          43  0.99522288680427340     
           3          44  0.99182766616037610     
           4          45  0.99816158074033379     
           6          46  0.96086024477719967     
           9          47  0.98706368293646263     
          10          48  0.98495976592937451     
          15          49  0.98508522063931592     
          16          50  0.98676299501958153     
          18          51  0.99764818077867434     
          19          52  0.99828985447024765     
          24          53  0.99813923300891627     
          25          54  0.99746479127001175     
          27          55  0.96035125493094864     
          30          56  0.98701621036537079     
          31          57  0.98521329216455600     
          36          58  0.98502481024378186     
          37          59  0.98701461385215261     
          39          60  0.99849436976596440     
          40          61  0.99238211605561666     
          62          63   1.3716439692808480     
          63          64   1.2397652075046104     
          64          65   1.5990429727833821     
          65          66   1.2495686067171377     
          63          67   1.2301193356490605     
          66          67   1.2309088348355068     
          66          68   1.3400304792260436     
          68          69   1.0576929302457294     
          69          70   1.4136792335445723     
          70          71   1.4659137748505953     
          71          72   1.4055480808090499     
          72          73   1.0048144469502263     
          73          74   1.5690583724888552     
          73          75   1.5671332437841556     
          74          75  0.38240739514662714     
          72          76   1.4057811926153370     
          69          77   1.4134764469975347     
          76          77   1.4656235531405850     
          68          78   1.3645167650459897     
          78          79   1.1607787473043629     
          79          80   1.6922074497441748     
          78          81   1.3586391452011819     
          80          82   1.1665346061601611     
          81          82   1.4137138813036074     
          82          83   1.2918735636204697     
          83          84   1.2890317664871009     
          84          85   1.2696243859330398     
          85          86   1.5801025737393555     
          86          87   1.2599001106212571     
          84          88   1.2497042951748576     
          87          88   1.2266804983804744     
          87          89   1.3369193682255309     
          89          90   1.0598376602559207     
          90          91   1.4117530423741391     
          91          92   1.4670074354132034     
          92          93   1.4045501712975319     
          93          94   1.0055978652126911     
          94          95   1.5665521162261615     
          94          96   1.5672086378556733     
          95          96  0.38148441363423757     
          93          97   1.4047616055115542     
          90          98   1.4123672075485403     
          97          98   1.4663696736067662     
          89          99   1.3572540550038856     
          99         100   1.1503924079093297     
         100         101   1.7096823165327315     
          62         102   1.3865844273229244     
         101         102   1.1454114979887009     
          99         103   1.3822292371068781     
         102         103   1.3734291525347553     
          62         104  0.99521474390007947     
          64         105  0.99186546129035380     
          65         106  0.99812291064245862     
          67         107  0.96081342306534889     
          70         108  0.98668316508844045     
          71         109  0.98479610437069487     
          76         110  0.98520286765547094     
          77         111  0.98692919429892689     
          79         112  0.99734387211081377     
          80         113  0.99887298431751659     
          85         114  0.99859048723494570     
          86         115  0.99720924017708090     
          88         116  0.96017419992459518     
          91         117  0.98712733116789708     
          92         118  0.98530014728865101     
          97         119  0.98495679121790836     
          98         120  0.98675334318566399     
         100         121  0.99846397753547977     
         101         122  0.99240086937636496     
          22         123   1.2080446789440282     
         123         124   2.6150512432584034     
         125         126   2.5974452710607658     
         127         128   2.5969240181947977     
          83         130   1.2104804617961842     
         129         130   2.6127203918886273     
         124         131   1.2102856777421622     
         131         132   1.2833972191026581     
         132         133   1.2733331086779593     
         133         134   1.5751924106540280     
         134         135   1.2645235150106495     
         132         136   1.2521635483953575     
         135         136   1.2239413085930615     
         135         137   1.3339822053879771     
         137         138   1.0573826795030872     
         138         139   1.4138437043597696     
         139         140   1.4659832210855652     
         140         141   1.4056168879316808     
         141         142   1.0043844437096976     
         142         143   1.5676275053025346     
         142         144   1.5689195017961990     
         143         144  0.38228123846602369     
         141         145   1.4059435375691469     
         138         146   1.4144298408838960     
         145         146   1.4654408752889245     
         137         147   1.3714595106646046     
         147         148   1.1616492095249518     
         148         149   1.6892663100867547     
         147         150   1.3537238721443992     
         149         151   1.1704333446945101     
         150         151   1.4188218138105670     
         125         152   1.2265589414478004     
         151         152   1.2829229516511889     
         152         153   1.2781384661948414     
         153         154   1.2767740241625696     
         154         155   1.5725298959187579     
         155         156   1.2660736719070700     
         153         157   1.2527783125030501     
         156         157   1.2260354505606981     
         156         158   1.3299727791751483     
         158         159   1.0569788789025183     
         159         160   1.4141605606818948     
         160         161   1.4655013590983288     
         161         162   1.4057615714725205     
         162         163   1.0042118025261118     
         163         164   1.5679039693311572     
         163         165   1.5687150989460465     
         164         165  0.38221943418314597     
         162         166   1.4058838639517794     
         159         167   1.4143815479086812     
         166         167   1.4656787509506499     
         158         168   1.3754095786688350     
         168         169   1.1592086108788315     
         169         170   1.6938830821645257     
         131         171   1.2904572599288995     
         170         171   1.1672283930345921     
         168         172   1.3535334697624637     
         171         172   1.4154558980487792     
         133         173  0.99843431184635578     
         134         174  0.99835807458903070     
         136         175  0.96201207306133119     
         139         176  0.98697664147093589     
         140         177  0.98494779581110714     
         145         178  0.98522276242870888     
         146         179  0.98725169112530642     
         148         180  0.99837789070982486     
         149         181  0.99862474518362099     
         154         182  0.99778925404099061     
         155         183  0.99816382339868748     
         157         184  0.96219400041643111     
         160         185  0.98678846260944597     
         161         186  0.98490244826862872     
         166         187  0.98527037265646766     
         167         188  0.98740368146912738     
         169         189  0.99849800268731403     
         170         190  0.99863219377097168     
         126         191   1.2269164686903389     
         191         192   1.2772762186359943     
         192         193   1.2771658617887780     
         193         194   1.5718098189953107     
         194         195   1.2667817835459232     
         192         196   1.2533373376366499     
         195         196   1.2250967343550230     
         195         197   1.3300688341593920     
         197         198   1.0615833200996612     
         198         199   1.4121903127078490     
         199         200   1.4665402647251722     
         200         201   1.4053450538539607     
         201         202   1.0043770093184965     
         202         203   1.5681024760911979     
         202         204   1.5683789938114214     
         203         204  0.38214376480618711     
         201         205   1.4054383743866998     
         198         206   1.4124545856945625     
         205         206   1.4662004308696444     
         197         207   1.3718464798066525     
         207         208   1.1620455317821987     
         208         209   1.6885153292483326     
         207         210   1.3528529307726855     
         209         211   1.1708920058698713     
         210         211   1.4190450847303644     
         127         212   1.2274117301148304     
         211         212   1.2816831173958427     
         212         213   1.2765695583481800     
         213         214   1.2775449099028870     
         214         215   1.5714053219012436     
         215         216   1.2670685003683939     
         213         217   1.2534789414096497     
         216         217   1.2250569431212295     
         216         218   1.3298415122374592     
         218         219   1.0617740363330617     
         219         220   1.4124336927211034     
         220         221   1.4662004144366940     
         221         222   1.4054482278078533     
         222         223   1.0043747684705897     
         223         224   1.5683176170274729     
         223         225   1.5681902880615375     
         224         225  0.38214760379061202     
         222         226   1.4053254811450795     
         219         227   1.4120547974840247     
         226         227   1.4665884570566790     
         218         228   1.3719276638851052     
         228         229   1.1620982703906100     
         229         230   1.6883483183977726     
         191         231   1.2813488015517200     
         230         231   1.1709465528681082     
         228         232   1.3526953972644269     
         231         232   1.4192018790488954     
         193         233  0.99774828122848458     
         194         234  0.99812892382116192     
         196         235  0.96217197618111006     
         199         236  0.98722595501268795     
         200         237  0.98511080395332429     
         205         238  0.98507150749469619     
         206         239  0.98704153623569835     
         208         240  0.99835503308106410     
         209         241  0.99847200870884778     
         214         242  0.99778987236406302     
         215         243  0.99811894337581930     
         217         244  0.96217811084791793     
         220         245  0.98703993759107655     
         221         246  0.98505453636389284     
         226         247  0.98511823679828325     
         227         248  0.98724015810548582     
         229         249  0.99832633859305819     
         230         250  0.99853676985565620     
         128         251   1.2271334705450150     
         251         252   1.2778563839190691     
         252         253   1.2771434039763465     
         253         254   1.5719004764922657     
         254         255   1.2668133159209065     
         252         256   1.2527505134366224     
         255         256   1.2264216393128973     
         255         257   1.3285511039105817     
         257         258   1.0599529916575379     
         258         259   1.4132415507946241     
         259         260   1.4658801311714207     
         260         261   1.4058278074333408     
         261         262   1.0043236387935013     
         262         263   1.5680172720410877     
         262         264   1.5685231779903619     
         263         264  0.38216507237572994     
         261         265   1.4052903559474907     
         258         266   1.4126926480159063     
         265         266   1.4662561670568646     
         257         267   1.3744527438220508     
         267         268   1.1598311549509774     
         268         269   1.6922293802272936     
         267         270   1.3530989292033735     
         269         271   1.1674476253052282     
         270         271   1.4166941544735723     
         129         272   1.2128614742179733     
         271         272   1.2881549339084506     
         272         273   1.2825410632151242     
         273         274   1.2738611243558724     
         274         275   1.5737386845366350     
         275         276   1.2654400696344696     
         273         277   1.2524628922418322     
         276         277   1.2240427442306721     
         276         278   1.3325935160924174     
         278         279   1.0604731371139888     
         279         280   1.4130514183183112     
         280         281   1.4658699097822174     
         281         282   1.4057064978922489     
         282         283   1.0045067357993367     
         283         284   1.5684725038012461     
         283         285   1.5679416043336551     
         284         285  0.38221800129985223     
         282         286   1.4052474978138914     
         279         287   1.4124795427260164     
         286         287   1.4665700172488048     
         278         288   1.3702398673469842     
         288         289   1.1622157501833783     
         289         290   1.6885295651765537     
         251         291   1.2821994633158609     
         290         291   1.1707361453636667     
         288         292   1.3537398567735002     
         291         292   1.4188862815557577     
         253         293  0.99774759331798857     
         254         294  0.99806192672903249     
         256         295  0.96224873960432333     
         259         296  0.98709427760215362     
         260         297  0.98516422710182827     
         265         298  0.98498663827205402     
         266         299  0.98695923803085661     
         268         300  0.99818530434549679     
         269         301  0.99903882060949667     
         274         302  0.99862396321912150     
         275         303  0.99807667109708798     
         277         304  0.96193282339352637     
         280         305  0.98707834482024925     
         281         306  0.98516724847048631     
         286         307  0.98501076348391692     
         287         308  0.98711703163899001     
         289         309  0.99824688101550163     
         290         310  0.99857995524014864     
