    0.26576145
   -0.02755262
    0.05784096
   -0.04089433
   -0.03683633
    0.05735493
   -0.21229379
    0.00879502
    0.05681655
   -0.03711479
   -0.03835563
   -0.20830303
    0.06240659
    0.01325800
    0.06253689
   -0.03845149
   -0.03716036
    0.05675094
    0.00911854
    0.00590539
   -0.02567896
   -0.00128302
   -0.06094618
   -0.03189743
   -0.00118095
   -0.06092793
   -0.02575432
    0.05744075
   -0.03704279
   -0.04097373
    0.05776015
   -0.21226734
   -0.20834362
    0.00572708
   -0.02559225
   -0.00139309
   -0.06102745
   -0.03168578
   -0.00100769
   -0.06082913
   -0.02543463
    0.01930516
    0.02535851
    0.01645608
    0.01754594
    0.02269397
    0.02262062
    0.01787864
    0.01975104
    0.01912640
    0.02420662
    0.02110934
    0.02873408
    0.01974190
    0.02003031
    0.02544216
    0.01963295
    0.01675244
    0.02524940
    0.01966890
    0.01950819
    0.02032230
    0.02431015
    0.02885689
    0.02298249
    0.02041488
    0.02232466
    0.02000836
    0.26803618
   -0.02636439
    0.05818849
   -0.04033200
   -0.03645194
    0.05800288
   -0.21158317
    0.00932548
    0.05762958
   -0.03613679
   -0.03752972
   -0.20834053
    0.06316984
    0.01375049
    0.06327475
   -0.03763363
   -0.03620743
    0.05759383
    0.00961475
    0.00570718
   -0.02571134
   -0.00113273
   -0.06098215
   -0.03166524
   -0.00102867
   -0.06095838
   -0.02582888
    0.05807590
   -0.03665430
   -0.04038906
    0.05811928
   -0.21162412
   -0.20827805
    0.00555428
   -0.02560123
   -0.00121052
   -0.06104595
   -0.03144283
   -0.00086956
   -0.06088773
   -0.02551850
    0.02047704
    0.02631355
    0.01728116
    0.01867684
    0.02381658
    0.02367900
    0.01897328
    0.02007119
    0.01953306
    0.02454475
    0.02136007
    0.02924091
    0.01998118
    0.02041622
    0.02584318
    0.01989374
    0.01754489
    0.02623872
    0.01994286
    0.01994156
    0.02057455
    0.02467284
    0.02937554
    0.02337224
    0.02077180
    0.02254738
    0.02033376
   -0.02319605
   -0.02570409
   -0.02242738
   -0.02214404
   -0.02373363
   -0.02047223
   -0.02701358
   -0.02095196
   -0.01809892
   -0.02682841
   -0.01756681
   -0.02267079
   -0.01968496
   -0.02089717
   -0.02407028
   -0.02169977
    0.26712523
    0.01152472
    0.06223033
   -0.03936826
   -0.03703223
    0.05586145
   -0.20870469
    0.01091605
    0.05587089
   -0.03652376
   -0.03942485
   -0.20943467
    0.06271478
    0.01016964
    0.06262900
   -0.03945976
   -0.03656659
    0.05592727
    0.01091067
    0.00616888
   -0.02490603
   -0.00106862
   -0.06072644
   -0.03159998
   -0.00116221
   -0.06074890
   -0.02506573
    0.05578672
   -0.03700160
   -0.03934268
    0.06236298
   -0.20867148
   -0.20934536
    0.00617627
   -0.02501863
   -0.00113973
   -0.06073455
   -0.03157196
   -0.00108140
   -0.06073919
   -0.02500212
    0.02106339
    0.01622322
    0.01635071
    0.02092882
    0.02081687
    0.01641178
    0.02031088
    0.01914878
    0.02344659
    0.02209555
    0.02836620
    0.02014345
    0.01923851
    0.02507674
    0.02007926
    0.01609391
    0.02107982
    0.02031002
    0.01825596
    0.02543258
    0.02091144
    0.02834336
    0.02004188
    0.02134501
    0.02323313
    0.02013133
