    0.36492727
   -0.02574422
    0.05625520
   -0.03948267
   -0.03525693
    0.05756136
   -0.23822646
    0.00949446
   -0.00577461
   -0.02606623
   -0.03987134
    0.06165116
   -0.25065084
    0.00178004
   -0.03578515
   -0.02513657
    0.05641113
   -0.03529919
   -0.03742473
   -0.23557879
    0.06169174
    0.01479003
    0.06165402
   -0.03748170
   -0.03537295
    0.05639232
   -0.23563195
    0.00944779
   -0.00574890
   -0.02513932
   -0.03577714
    0.06160618
   -0.25070572
    0.00175679
   -0.03987162
   -0.02607266
    0.05754724
   -0.03526893
   -0.03948344
    0.05624896
   -0.23820639
    0.02400521
    0.02941038
    0.02076436
    0.01837194
    0.02433261
    0.16651623
    0.03169863
    0.02628474
    0.03431320
    0.02616270
    0.01848225
    0.02183458
    0.02696682
    0.02682297
    0.02174413
    0.01851237
    0.02616137
    0.16642940
    0.02626768
    0.03427182
    0.03161596
    0.02430060
    0.01835109
    0.02073671
    0.02940474
    0.36488086
   -0.02580404
    0.05624248
   -0.03950734
   -0.03528549
    0.05752093
   -0.23824275
    0.00944717
   -0.00575556
   -0.02606188
   -0.03987419
    0.06161241
   -0.25068799
    0.00176601
   -0.03581658
   -0.02517184
    0.05636239
   -0.03538745
   -0.03750685
   -0.23563564
    0.06164424
    0.01470599
    0.06162972
   -0.03753048
   -0.03539726
    0.05634490
   -0.23563628
    0.00944187
   -0.00575183
   -0.02511877
   -0.03578228
    0.06161129
   -0.25069030
    0.00176111
   -0.03988804
   -0.02608037
    0.05751631
   -0.03528742
   -0.03951485
    0.05623721
   -0.23824619
    0.02396595
    0.02937965
    0.02072172
    0.01837711
    0.02431584
    0.16649273
    0.03162218
    0.02625350
    0.03429332
    0.02610510
    0.01845082
    0.02173418
    0.02682543
    0.02677887
    0.02169687
    0.01850723
    0.02615932
    0.16643703
    0.02628455
    0.03427488
    0.03161221
    0.02428776
    0.01832743
    0.02072066
    0.02937659
   -0.01989857
   -0.02252275
   -0.01935771
   -0.01851622
   -0.02103340
   -0.01643166
   -0.02475781
   -0.01676554
   -0.01820172
   -0.02376937
   -0.01783083
   -0.01976993
   -0.01979270
   -0.01775194
   -0.02373000
   -0.01811104
   -0.01693627
   -0.02495057
   -0.01664251
   -0.02121360
   -0.01869334
   -0.01948944
   -0.02265109
   -0.01997244
    0.36595559
    0.01180060
    0.06138823
   -0.03926331
   -0.03577556
    0.05491280
   -0.23602118
    0.01179405
   -0.00503724
   -0.02550429
   -0.03949010
    0.06158311
   -0.25062035
    0.00176722
   -0.03578117
   -0.02497791
    0.05514874
   -0.03523452
   -0.03842851
   -0.23578102
    0.06168654
    0.01284957
    0.06147545
   -0.03868490
   -0.03561993
    0.05499978
   -0.23581234
    0.01175768
   -0.00524692
   -0.02493355
   -0.03606505
    0.06182021
   -0.25022132
    0.00187604
   -0.03961975
   -0.02532695
    0.05499256
   -0.03538638
   -0.03910496
    0.06147748
   -0.23602415
    0.02458697
    0.02046322
    0.01855233
    0.02409846
    0.16615952
    0.02983355
    0.02636055
    0.03366667
    0.02583657
    0.01845441
    0.02057815
    0.02559903
    0.02541172
    0.02072505
    0.01819461
    0.02568019
    0.16698769
    0.03014609
    0.03391563
    0.02635276
    0.02433334
    0.01875816
    0.02007157
    0.02473444
    0.36599904
    0.01283281
    0.06162367
   -0.03848664
   -0.03523015
    0.05509511
   -0.23578712
    0.01168696
   -0.00514766
   -0.02540130
   -0.03957056
    0.06174484
   -0.25035587
    0.00182245
   -0.03584459
   -0.02484550
    0.05484838
   -0.03578020
   -0.03932430
   -0.23609704
    0.06132325
    0.01165776
    0.06129552
   -0.03934285
   -0.03579678
    0.05481501
   -0.23606168
    0.01166062
   -0.00516843
   -0.02486122
   -0.03590753
    0.06173837
   -0.25032495
    0.00182844
   -0.03962807
   -0.02539329
    0.05507941
   -0.03528600
   -0.03851868
    0.06165928
   -0.23582325
    0.02553534
    0.02044655
    0.01854605
    0.02413318
    0.16646199
    0.02654566
    0.02989282
    0.03379696
    0.02591575
    0.01849467
    0.02034328
    0.02457094
    0.02452745
    0.02028250
    0.01847397
    0.02589892
    0.16655124
    0.02988831
    0.03380856
    0.02656045
    0.02410211
    0.01855998
    0.02036373
    0.02547513
