   -0.02538415
    0.06041522
   -0.03765890
   -0.03386715
    0.06135457
   -0.16075469
    0.00860736
   -0.00507303
   -0.02440393
   -0.03508768
    0.06709714
   -0.19071425
    0.00733062
    0.00727134
   -0.03582880
   -0.02624280
    0.05760092
   -0.03852304
   -0.03966889
   -0.28678875
    0.06285298
    0.01544850
    0.06525765
   -0.03451769
   -0.03344049
    0.06081444
   -0.15810528
    0.00797996
   -0.00519966
   -0.02510631
   -0.03558095
    0.06713783
   -0.19090969
    0.00742534
    0.00735491
   -0.03536335
   -0.02560898
    0.05925728
   -0.03850305
   -0.04206758
    0.05732239
   -0.28966658
    0.02451860
    0.03510277
    0.02492839
    0.16224858
    0.01978741
    0.02484453
    0.02892713
    0.03409482
    0.02648320
    0.02901996
    0.02526047
    0.03448348
    0.02366537
    0.01894537
    0.01600895
    0.02164927
    0.03245594
    0.02621457
    0.16067460
    0.01857168
    0.02391995
    0.03465347
    0.03058242
    0.02507845
    0.02535420
    0.03390654
    0.02973766
    0.02449235
    0.02002641
    0.01545131
    0.02530048
   -0.02538099
    0.06042242
   -0.03765813
   -0.03386735
    0.06134381
   -0.16076139
    0.00860884
   -0.00508185
   -0.02437195
   -0.03505852
    0.06709612
   -0.19072352
    0.00732955
    0.00726107
   -0.03584567
   -0.02625914
    0.05760011
   -0.03851102
   -0.03966880
   -0.28674983
    0.06287505
    0.01545020
    0.06524599
   -0.03452569
   -0.03344690
    0.06079997
   -0.15812202
    0.00795918
   -0.00519023
   -0.02509750
   -0.03556761
    0.06712634
   -0.19093583
    0.00741407
    0.00735089
   -0.03535212
   -0.02560193
    0.05926839
   -0.03849850
   -0.04206844
    0.05732120
   -0.28966029
    0.02452914
    0.03511124
    0.02494238
    0.16225352
    0.01984197
    0.02491605
    0.02895824
    0.03412968
    0.02651019
    0.02902625
    0.02523413
    0.03444562
    0.02364754
    0.01892870
    0.01598456
    0.02166352
    0.03247851
    0.02620941
    0.16067214
    0.01856222
    0.02392406
    0.03469002
    0.03054664
    0.02505049
    0.02539520
    0.03384221
    0.02970378
    0.02451057
    0.02004749
    0.01544598
    0.02530066
   -0.02273738
   -0.02291080
   -0.02558176
   -0.01982824
   -0.02373543
   -0.02163569
   -0.02436464
   -0.02088476
   -0.02398530
   -0.02115271
   -0.02398148
   -0.02114946
   -0.02436196
   -0.02088113
   -0.02372853
   -0.02163488
   -0.02558179
   -0.01981466
   -0.02272706
   -0.02292195
    0.01199072
    0.06467654
   -0.03702340
   -0.03416965
    0.05921749
   -0.15761594
    0.01124961
   -0.00429282
   -0.02531855
   -0.03540449
    0.06718303
   -0.19084181
    0.00741566
    0.00742011
   -0.03504859
   -0.02406761
    0.05671103
   -0.03870418
   -0.04067117
   -0.28636172
    0.06268695
    0.01397157
    0.06480852
   -0.03613241
   -0.03401561
    0.05952190
   -0.15730951
    0.01096224
   -0.00447506
   -0.02524054
   -0.03542235
    0.06723373
   -0.19082046
    0.00748184
    0.00752764
   -0.03534411
   -0.02422832
    0.05674543
   -0.03876204
   -0.04137361
    0.06236444
   -0.28696408
    0.02987147
    0.02422711
    0.16083185
    0.01969568
    0.02375102
    0.03387640
    0.02501358
    0.02950365
    0.02582496
    0.02911607
    0.03354770
    0.02433904
    0.01959554
    0.01491751
    0.02044704
    0.03102060
    0.02476793
    0.16074574
    0.02002270
    0.02409438
    0.02935748
    0.02549334
    0.03353250
    0.03015278
    0.03415754
    0.02507790
    0.02392232
    0.01909008
    0.01442430
    0.01931399
    0.01332914
    0.06476302
   -0.03642731
   -0.03401611
    0.05947751
   -0.15742532
    0.01121417
   -0.00432329
   -0.02526450
   -0.03533284
    0.06720298
   -0.19088145
    0.00747436
    0.00745536
   -0.03511531
   -0.02410488
    0.05683310
   -0.03861976
   -0.04075512
   -0.28643279
    0.06262323
    0.01365500
    0.06485633
   -0.03619882
   -0.03393237
    0.05954336
   -0.15738679
    0.01120145
   -0.00433333
   -0.02524614
   -0.03532380
    0.06719966
   -0.19090188
    0.00745068
    0.00748154
   -0.03514010
   -0.02412453
    0.05681759
   -0.03867557
   -0.04092746
    0.06257109
   -0.28646823
    0.03053902
    0.02456131
    0.16085375
    0.01991509
    0.02394436
    0.03392405
    0.02499551
    0.02977328
    0.02569395
    0.02915899
    0.03345147
    0.02415506
    0.01940919
    0.01479466
    0.02018928
    0.03082453
    0.02472015
    0.16084191
    0.02000479
    0.02402377
    0.02921589
    0.02550118
    0.03351602
    0.02991545
    0.03389447
    0.02504285
    0.02407587
    0.01931118
    0.01464937
    0.01992344
    0.01366660
    0.06485866
   -0.03620475
   -0.03393296
    0.05952775
   -0.15736100
    0.01121847
   -0.00436836
   -0.02522419
   -0.03537178
    0.06722973
   -0.19082327
    0.00750742
    0.00747020
   -0.03518960
   -0.02416175
    0.05682222
   -0.03867609
   -0.04092533
   -0.28649296
    0.06259482
    0.01331997
    0.06475965
   -0.03642095
   -0.03401333
    0.05946824
   -0.15741623
    0.01120595
   -0.00432842
   -0.02524287
   -0.03534200
    0.06719996
   -0.19087577
    0.00745920
    0.00747881
   -0.03512874
   -0.02414117
    0.05685910
   -0.03862945
   -0.04075574
    0.06261438
   -0.28645177
    0.03081232
    0.02470357
    0.16084745
    0.02001518
    0.02402978
    0.03387444
    0.02517290
    0.02991658
    0.02550674
    0.02918657
    0.03359015
    0.02405433
    0.01928561
    0.01466815
    0.01993138
    0.03053057
    0.02455823
    0.16086135
    0.01993797
    0.02394438
    0.02911859
    0.02575235
    0.03341112
    0.02973188
    0.03399060
    0.02498674
    0.02414636
    0.01938988
    0.01480259
    0.02018003
    0.01396860
    0.06480060
   -0.03610859
   -0.03402552
    0.05954025
   -0.15736063
    0.01096206
   -0.00445049
   -0.02528192
   -0.03544119
    0.06720687
   -0.19084251
    0.00751887
    0.00747192
   -0.03532930
   -0.02426378
    0.05676893
   -0.03877337
   -0.04136082
   -0.28696832
    0.06237169
    0.01199637
    0.06467961
   -0.03701855
   -0.03417440
    0.05921029
   -0.15765075
    0.01127213
   -0.00428206
   -0.02531748
   -0.03537076
    0.06719314
   -0.19085330
    0.00741837
    0.00740666
   -0.03501130
   -0.02401691
    0.05670122
   -0.03868531
   -0.04068735
    0.06271155
   -0.28632390
    0.03105579
    0.02480931
    0.16077509
    0.02004515
    0.02407487
    0.03399371
    0.02518286
    0.03011420
    0.02531733
    0.02933049
    0.03364653
    0.02386270
    0.01906439
    0.01442414
    0.01928582
    0.02987314
    0.02428131
    0.16084067
    0.01967150
    0.02374801
    0.02914510
    0.02593735
    0.03343754
    0.02950925
    0.03397222
    0.02486844
    0.02436392
    0.01956771
    0.01488997
    0.02043097
