           2           3   1.3923700108878305     
           3           4   1.2065255946177540     
           4           5   1.6326488276743405     
           5           6   1.2131540137170189     
           1           7  0.87194657783480556     
           3           7   1.2217556342455815     
           6           7   1.2278395215267750     
           6           8   1.3590465346296945     
           8           9   1.0562244986359968     
           9          10   1.4039338944345539     
          10          11   1.4768043094380146     
          11          12   1.3695704072143418     
          12          13   1.1429478406124325     
          13          14  0.97080118752652655     
          12          15   1.3829039925017153     
           9          16   1.4144791551996623     
          15          16   1.4609615102354139     
           8          17   1.3668307901949674     
          17          18   1.2187493795966511     
          18          19   1.6198715610816867     
           1          20  0.86387354585874310     
          17          20   1.2162922257423756     
          19          21   1.2292423141661479     
          20          21   1.2459847212918924     
          21          22   1.2995020477736421     
          22          23   1.2987958214706246     
          23          24   1.2294026884728100     
          24          25   1.6199706965794458     
          25          26   1.2184850801060165     
           1          27  0.86361826215944792     
          23          27   1.2470827478320616     
          26          27   1.2151517546582484     
          26          28   1.3682185187517686     
          28          29   1.0560725663718158     
          29          30   1.4148649239705562     
          30          31   1.4606786352586427     
          31          32   1.3830905450988706     
          32          33   1.1428746909503700     
          33          34  0.97076791647630178     
          32          35   1.3695045167663176     
          29          36   1.4036740639046512     
          35          36   1.4769898307860612     
          28          37   1.3577437231511609     
          37          38   1.2133379924489160     
          38          39   1.6325292123786932     
           2          40   1.3933165321290750     
          39          40   1.2064098209670120     
           1          41  0.87227793161078315     
          37          41   1.2288813643593710     
          40          41   1.2206679913051903     
           2          42  0.99656746792348327     
           4          43  0.99369817245672754     
           5          44  0.99898957515019948     
          10          45  0.99014722428121082     
          11          46  0.98956955934024937     
          13          47  0.97183889419909586     
          14          48  0.99541257169608410     
          14          49   1.0061937458607915     
          14          50  0.99880474954055187     
          15          51  0.99114157387251833     
          16          52  0.99035753750117284     
          18          53  0.99830010403475922     
          19          54  0.99854419139894068     
          24          55  0.99847614746203628     
          25          56  0.99830456793103706     
          30          57  0.99032983819223863     
          31          58  0.99113512718987851     
          33          59  0.97193968994055757     
          34          60   1.0061770532211136     
          34          61  0.99881089514250498     
          34          62  0.99543563181444261     
          35          63  0.98956676710707636     
          36          64  0.99015247560548336     
          38          65  0.99900599624689901     
          39          66  0.99370269499640995     
          68          69   1.3922319691505201     
          69          70   1.2064247414750355     
          70          71   1.6328903173648452     
          71          72   1.2129265762677197     
          67          73  0.87164969474616827     
          69          73   1.2222648476414777     
          72          73   1.2276241965144175     
          72          74   1.3597575388378291     
          74          75   1.0552890756106574     
          75          76   1.4043255480278127     
          76          77   1.4765681842101506     
          77          78   1.3697707220209838     
          78          79   1.1426143203912587     
          79          80  0.97087996141871924     
          78          81   1.3832047022973881     
          75          82   1.4150602084839401     
          81          82   1.4605920147548346     
          74          83   1.3668993117258101     
          83          84   1.2187164966493040     
          84          85   1.6200175369156480     
          67          86  0.86331406205758299     
          83          86   1.2166822865507116     
          85          87   1.2291017748820718     
          86          87   1.2459776167220391     
          87          88   1.2999259821036555     
          88          89   1.2986768752123861     
          89          90   1.2293032182878094     
          90          91   1.6201410447717473     
          91          92   1.2183168317684145     
          67          93  0.86325722591007559     
          89          93   1.2476055224877218     
          92          93   1.2149897469946835     
          92          94   1.3687259234760065     
          94          95   1.0555332188991347     
          95          96   1.4151410896402334     
          96          97   1.4604795013308121     
          97          98   1.3832678824221147     
          98          99   1.1425415113059305     
          99         100  0.97088131057381455     
          98         101   1.3697424123230650     
          95         102   1.4040118868132829     
         101         102   1.4767703194214452     
          94         103   1.3577722850044014     
         103         104   1.2133157367674099     
         104         105   1.6326414977563555     
          68         106   1.3935792239203162     
         105         106   1.2062728604750237     
          67         107  0.87175462194964826     
         103         107   1.2292321623013662     
         106         107   1.2207196468506083     
          68         108  0.99659672234452379     
          70         109  0.99368463235591298     
          71         110  0.99901413726179944     
          76         111  0.99013192412394424     
          77         112  0.98957118598905447     
          79         113  0.97191621169020914     
          80         114  0.99544153066650920     
          80         115   1.0061997874891968     
          80         116  0.99880966908539304     
          81         117  0.99116801801740972     
          82         118  0.99032536928989778     
          84         119  0.99836498512610727     
          85         120  0.99856948221875574     
          90         121  0.99851359420515928     
          91         122  0.99831579249117341     
          96         123  0.99034599390594036     
          97         124  0.99115145871254495     
          99         125  0.97199408785207608     
         100         126   1.0061957702825746     
         100         127  0.99881597524921384     
         100         128  0.99545466418708217     
         101         129  0.98958020724632512     
         102         130  0.99012194561327604     
         104         131  0.99903601141569687     
         105         132  0.99370513547223371     
         133         134   2.3750319195481051     
         134         135   1.3582632395252727     
          22         136   1.2178137705575591     
         133         136  0.17727655619575461     
         135         136   2.4761295492682018     
         133         137   1.3590761463719911     
         134         138  0.17723029585250247     
         137         138   2.4740925475405060     
         139         140   2.3752891385347605     
         140         141   1.3588843079926498     
         139         142  0.17718155536997121     
         141         142   2.4742861671602543     
         139         143   1.3580661920847936     
          88         144   1.2175727961197160     
         140         144  0.17725369424625045     
         143         144   2.4764564770595681     
         138         146   1.2201719826356692     
         146         147   1.2979833343854994     
         147         148   1.2301104184269622     
         148         149   1.6198189360876594     
         149         150   1.2206505418492990     
         145         151  0.86525101211791744     
         147         151   1.2473633762521412     
         150         151   1.2152047784295257     
         150         152   1.3659244298183757     
         152         153   1.0469986023552180     
         153         154   1.4080838680030661     
         154         155   1.4745247060392732     
         155         156   1.3710724395135574     
         156         157   1.1416575610688477     
         157         158  0.97118626665766072     
         156         159   1.3844045315323397     
         153         160   1.4192092175197002     
         159         160   1.4583646489534923     
         152         161   1.3662819087149840     
         161         162   1.2205471118134941     
         162         163   1.6192414913019888     
         145         164  0.86498616946441664     
         161         164   1.2147694676238510     
         163         165   1.2305844923515077     
         164         165   1.2478452670835387     
         142         166   1.2200785366974403     
         165         166   1.2974532294684926     
         166         167   1.2965501745295478     
         167         168   1.2321298751667586     
         168         169   1.6158213979124252     
         169         170   1.2228341382900687     
         145         171  0.86405855040788893     
         167         171   1.2461486232151704     
         170         171   1.2172311178327695     
         170         172   1.3604798186664220     
         172         173   1.0594080687989702     
         173         174   1.4127401811918989     
         174         175   1.4617115842598682     
         175         176   1.3819832136713719     
         176         177   1.1450143790314729     
         177         178  0.97046880985861073     
         176         179   1.3676497580672871     
         173         180   1.4020763598729180     
         179         180   1.4789555052530776     
         172         181   1.3626399067042170     
         181         182   1.2221038001075157     
         182         183   1.6164168108628600     
         146         184   1.2960359373519084     
         183         184   1.2319040333112161     
         145         185  0.86388383364766708     
         181         185   1.2156223158274810     
         184         185   1.2477109032423379     
         148         186  0.99864447654585187     
         149         187  0.99871850451110689     
         154         188  0.98969494843752848     
         155         189  0.98960268600503387     
         157         190  0.97212127842971230     
         158         191   1.0061982422840856     
         158         192  0.99547955124959997     
         158         193  0.99883650266237889     
         159         194  0.99130678484376866     
         160         195  0.99031751581238703     
         162         196  0.99895478526491577     
         163         197  0.99863565623100059     
         168         198  0.99864350336203211     
         169         199  0.99850530477219701     
         174         200  0.99034664243520076     
         175         201  0.99143251797022347     
         177         202  0.97072808311538550     
         178         203  0.99621849344744762     
         178         204  0.99879832581649064     
         178         205   1.0059295688247829     
         179         206  0.98926882005406602     
         180         207  0.99023897184901277     
         182         208  0.99853079136428824     
         183         209  0.99854712449551264     
