    0.24823845
   -0.03642794
    0.05433586
   -0.04699517
   -0.04084334
    0.05293267
   -0.21616084
    0.00586581
   -0.00461949
   -0.02498545
   -0.04200600
    0.05537735
   -0.31026384
   -0.04298197
   -0.02612792
    0.05251266
   -0.04084748
   -0.04241630
   -0.21190383
    0.05950615
    0.00568617
    0.05931335
   -0.04264112
   -0.04120277
    0.05239388
   -0.21172158
    0.00586514
   -0.00470584
   -0.02493079
   -0.04202584
    0.05545894
   -0.31060197
   -0.04306456
   -0.02621577
    0.05312195
   -0.04038873
   -0.04674643
    0.05443336
   -0.21629804
    0.00998097
    0.01617559
    0.00943505
    0.01410360
    0.02282713
    0.15909883
    0.15855431
    0.02099293
    0.01204138
    0.01035589
    0.01554559
    0.01532418
    0.01055249
    0.01412412
    0.02273898
    0.15970961
    0.15887928
    0.02107606
    0.01199252
    0.00934174
    0.01636103
    0.24822809
   -0.03642802
    0.05433832
   -0.04699653
   -0.04084098
    0.05293405
   -0.21616299
    0.00586741
   -0.00463605
   -0.02498793
   -0.04202298
    0.05541212
   -0.31023685
   -0.04299589
   -0.02613274
    0.05251189
   -0.04085148
   -0.04241963
   -0.21190868
    0.05950220
    0.00569178
    0.05930609
   -0.04263773
   -0.04120485
    0.05240322
   -0.21173159
    0.00586384
   -0.00469910
   -0.02492735
   -0.04201367
    0.05545098
   -0.31061073
   -0.04305678
   -0.02621017
    0.05312216
   -0.04038611
   -0.04674397
    0.05443805
   -0.21629931
    0.00997881
    0.01617337
    0.00943519
    0.01409519
    0.02282487
    0.15912932
    0.15857762
    0.02098728
    0.01202445
    0.01035667
    0.01553842
    0.01532879
    0.01055465
    0.01412315
    0.02274314
    0.15969306
    0.15885814
    0.02108158
    0.01200190
    0.00934096
    0.01636590
   -0.03490700
   -0.03223417
   -0.03490312
   -0.03223155
