   -0.01711775
    0.06473318
   -0.03047367
   -0.03041650
    0.06518363
   -0.15624435
    0.01016445
    0.01776885
   -0.01440581
   -0.00726023
    0.04531049
    0.30051902
   -0.27100706
   -0.27127451
   -0.00770875
   -0.01575889
    0.06133618
   -0.03557255
   -0.03399667
   -0.28206973
    0.06552492
    0.02018937
    0.06732038
   -0.02986071
   -0.03075381
    0.06388493
   -0.15494059
    0.00950917
    0.01761434
   -0.01479768
   -0.00747665
    0.04513211
    0.30022104
   -0.27122511
   -0.27158203
   -0.00782128
   -0.01568734
    0.06296937
   -0.03602068
   -0.03584283
    0.06174310
   -0.28393200
    0.03586820
    0.04676587
    0.03763324
    0.16636961
    0.03847165
    0.05669143
    0.05631162
    0.03884073
    0.02836116
    0.02520621
    0.03463117
    0.03765358
    0.16444815
    0.03839696
    0.05635547
    0.05631092
    0.03864652
    0.02792444
    0.03666006
   -0.01718750
    0.06463655
   -0.03059729
   -0.03047202
    0.06510552
   -0.15625531
    0.01020580
    0.01770812
   -0.01420977
   -0.00708418
    0.04533474
    0.30053512
   -0.27024398
   -0.27171510
   -0.00790668
   -0.01585262
    0.06124746
   -0.03559127
   -0.03405208
   -0.28181657
    0.06573902
    0.01999393
    0.06733296
   -0.03011398
   -0.03095526
    0.06373780
   -0.15481118
    0.00944421
    0.01759543
   -0.01471856
   -0.00756091
    0.04513749
    0.30020697
   -0.27156901
   -0.27113330
   -0.00779161
   -0.01571243
    0.06289599
   -0.03605908
   -0.03592023
    0.06166484
   -0.28395405
    0.03571458
    0.04660094
    0.03747032
    0.16625706
    0.03883296
    0.05723041
    0.05593262
    0.03857470
    0.02761129
    0.02442077
    0.03417793
    0.03698380
    0.16444407
    0.03821245
    0.05610990
    0.05657605
    0.03887488
    0.02776440
    0.03654052
   -0.02274647
   -0.02102695
   -0.02322526
   -0.02190290
   -0.02279688
   -0.02240611
   -0.02249595
   -0.02250590
   -0.02245249
   -0.02244807
   -0.02251516
   -0.02248576
   -0.02244327
   -0.02276229
   -0.02197321
   -0.02318914
   -0.02144120
   -0.02306610
    0.01760524
    0.06677364
   -0.03188063
   -0.03146113
    0.06221358
   -0.15460855
    0.01190923
    0.01798244
   -0.01434049
   -0.00724723
    0.04527284
    0.30076719
   -0.27137878
   -0.27015401
   -0.00785696
   -0.01549638
    0.05978900
   -0.03624726
   -0.03566531
   -0.28139903
    0.06529428
    0.01926310
    0.06754584
   -0.03015532
   -0.03085599
    0.06270018
   -0.15394534
    0.01198342
    0.01805685
   -0.01520235
   -0.00741411
    0.04538042
    0.30078984
   -0.27123363
   -0.27037036
   -0.00738914
   -0.01433693
    0.06048500
   -0.03574594
   -0.03520344
    0.06515880
   -0.28232105
    0.03313814
    0.03621587
    0.16409367
    0.03852473
    0.05694498
    0.05600657
    0.03857589
    0.02691571
    0.02389521
    0.03356665
    0.03658713
    0.16390931
    0.03931044
    0.05685182
    0.05609519
    0.03793643
    0.02724254
    0.02385121
    0.01758372
    0.06717657
   -0.03114989
   -0.03116460
    0.06205891
   -0.15418162
    0.01221262
    0.01795044
   -0.01416422
   -0.00734199
    0.04539784
    0.30080533
   -0.27083317
   -0.27057439
   -0.00769470
   -0.01526041
    0.05964252
   -0.03615712
   -0.03592857
   -0.28139385
    0.06511971
    0.01858302
    0.06733092
   -0.03067004
   -0.03102585
    0.06218518
   -0.15399437
    0.01213723
    0.01793313
   -0.01516885
   -0.00759250
    0.04540970
    0.30084744
   -0.27065384
   -0.27065716
   -0.00741238
   -0.01428057
    0.05967627
   -0.03616806
   -0.03623919
    0.06497992
   -0.28170135
    0.03265031
    0.03581631
    0.16374988
    0.03788017
    0.05652674
    0.05634490
    0.03894520
    0.02675214
    0.02356386
    0.03311922
    0.03618025
    0.16367573
    0.03911311
    0.05655747
    0.05635177
    0.03770631
    0.02652900
    0.02313481
    0.01819534
    0.06724025
   -0.03090089
   -0.03107661
    0.06215404
   -0.15404156
    0.01225473
    0.01794780
   -0.01418724
   -0.00733240
    0.04542638
    0.30087997
   -0.27073726
   -0.27053128
   -0.00763934
   -0.01521513
    0.05970068
   -0.03611085
   -0.03597005
   -0.28144465
    0.06511626
    0.01840380
    0.06734636
   -0.03070584
   -0.03096474
    0.06220265
   -0.15403773
    0.01225316
    0.01794220
   -0.01518301
   -0.00759587
    0.04543176
    0.30089546
   -0.27060447
   -0.27063361
   -0.00736985
   -0.01421449
    0.05967656
   -0.03616574
   -0.03609954
    0.06502453
   -0.28149103
    0.03286264
    0.03603388
    0.16373170
    0.03787001
    0.05649489
    0.05640837
    0.03899150
    0.02675034
    0.02346860
    0.03310458
    0.03617561
    0.16372592
    0.03907519
    0.05651827
    0.05639814
    0.03777175
    0.02665255
    0.02328667
    0.01852521
    0.06732830
   -0.03067181
   -0.03094515
    0.06229404
   -0.15398180
    0.01227545
    0.01792459
   -0.01419344
   -0.00732756
    0.04545491
    0.30092889
   -0.27064329
   -0.27050751
   -0.00760342
   -0.01520300
    0.05978760
   -0.03606285
   -0.03592472
   -0.28139516
    0.06512199
    0.01851048
    0.06736014
   -0.03064049
   -0.03091129
    0.06230928
   -0.15401061
    0.01227830
    0.01793213
   -0.01519819
   -0.00759231
    0.04545214
    0.30092928
   -0.27053184
   -0.27062420
   -0.00733458
   -0.01420115
    0.05978476
   -0.03610515
   -0.03596374
    0.06507571
   -0.28139510
    0.03306617
    0.03619535
    0.16377532
    0.03786219
    0.05651021
    0.05649563
    0.03905137
    0.02680443
    0.02351469
    0.03313205
    0.03624165
    0.16377960
    0.03907847
    0.05652028
    0.05648115
    0.03785977
    0.02676757
    0.02347127
    0.01851455
    0.06736934
   -0.03063874
   -0.03090936
    0.06230955
   -0.15399981
    0.01228483
    0.01793162
   -0.01420105
   -0.00733133
    0.04545425
    0.30093443
   -0.27062147
   -0.27052224
   -0.00759176
   -0.01519866
    0.05978842
   -0.03609983
   -0.03595225
   -0.28138345
    0.06508452
    0.01853996
    0.06733631
   -0.03066552
   -0.03094589
    0.06229832
   -0.15397811
    0.01227347
    0.01792825
   -0.01520225
   -0.00760120
    0.04545392
    0.30092892
   -0.27051038
   -0.27064055
   -0.00732629
   -0.01419968
    0.05979030
   -0.03606651
   -0.03592132
    0.06511639
   -0.28140600
    0.03310695
    0.03623767
    0.16378070
    0.03786701
    0.05649012
    0.05652219
    0.03907540
    0.02678106
    0.02348391
    0.03306004
    0.03619620
    0.16377896
    0.03905621
    0.05649957
    0.05650814
    0.03787717
    0.02681541
    0.02352564
    0.01839340
    0.06734982
   -0.03069940
   -0.03095934
    0.06221079
   -0.15404737
    0.01225353
    0.01794285
   -0.01421207
   -0.00736191
    0.04543361
    0.30089945
   -0.27064363
   -0.27058346
   -0.00759730
   -0.01518806
    0.05968715
   -0.03617030
   -0.03608979
   -0.28146727
    0.06502166
    0.01824719
    0.06724855
   -0.03086677
   -0.03106779
    0.06216561
   -0.15402371
    0.01225239
    0.01794391
   -0.01521466
   -0.00763565
    0.04542985
    0.30088248
   -0.27053443
   -0.27072764
   -0.00733309
   -0.01418851
    0.05969876
   -0.03609947
   -0.03596076
    0.06513369
   -0.28143786
    0.03310402
    0.03619053
    0.16372988
    0.03779240
    0.05641770
    0.05651213
    0.03908075
    0.02665270
    0.02329659
    0.03287741
    0.03605304
    0.16373846
    0.03899821
    0.05641820
    0.05649848
    0.03786452
    0.02675292
    0.02346708
    0.01852635
    0.06734987
   -0.03067894
   -0.03101474
    0.06217384
   -0.15400745
    0.01215428
    0.01792843
   -0.01426143
   -0.00739752
    0.04541463
    0.30085325
   -0.27067592
   -0.27062427
   -0.00760310
   -0.01518077
    0.05967697
   -0.03618041
   -0.03622869
   -0.28167859
    0.06496432
    0.01766016
    0.06719327
   -0.03114745
   -0.03117493
    0.06202995
   -0.15412508
    0.01224382
    0.01795379
   -0.01524964
   -0.00768440
    0.04540173
    0.30081911
   -0.27058239
   -0.27079691
   -0.00734359
   -0.01416668
    0.05962543
   -0.03615314
   -0.03594575
    0.06513815
   -0.28138807
    0.03310658
    0.03616983
    0.16367947
    0.03772556
    0.05637848
    0.05653163
    0.03908685
    0.02655305
    0.02311875
    0.03258229
    0.03580275
    0.16374255
    0.03895021
    0.05636051
    0.05651413
    0.03788796
    0.02674136
    0.02352154
    0.01921702
    0.06741391
   -0.03027349
   -0.03088042
    0.06263719
   -0.15388168
    0.01208472
    0.01796342
   -0.01417079
   -0.00725354
    0.04542281
    0.30081651
   -0.27076680
   -0.27056720
   -0.00758758
   -0.01525416
    0.06040546
   -0.03566643
   -0.03516430
   -0.28198344
    0.06542510
    0.01746313
    0.06681709
   -0.03202787
   -0.03156894
    0.06212551
   -0.15443475
    0.01189567
    0.01793708
   -0.01553845
   -0.00784295
    0.04531675
    0.30078256
   -0.27041228
   -0.27095899
   -0.00730276
   -0.01421302
    0.05973667
   -0.03624013
   -0.03571377
    0.06523025
   -0.28131165
    0.03345575
    0.03650589
    0.16376439
    0.03820673
    0.05657747
    0.05655835
    0.03905978
    0.02664817
    0.02329046
    0.03273149
    0.03563923
    0.16405702
    0.03877176
    0.05626004
    0.05677877
    0.03828360
    0.02681380
    0.02381475
