           2           3   1.3945057196262791     
           3           4   1.1974879101053300     
           4           5   1.6441153373181994     
           5           6   1.2041638682645441     
           1           7  0.71338842597861130     
           3           7   1.2435833112906609     
           6           7   1.2512862763562627     
           6           8   1.3599461582753396     
           8           9   1.0472065177710015     
           9          10   1.4151700959479636     
          10          11   1.4714566242758675     
          11          12   1.3887384029640304     
          12          13   1.0829122057893044     
          13          14   1.9393180361213733     
          12          15   1.3834497415268956     
           9          16   1.4199414197036577     
          15          16   1.4668201274958776     
           8          17   1.3728466984438263     
          17          18   1.2068155002324386     
          18          19   1.6340662176781526     
           1          20  0.71068887765070243     
          17          20   1.2361122239400006     
          19          21   1.2184736034307695     
          20          21   1.2710188321356135     
          21          22   1.3053831264450111     
          22          23   1.3083169570351578     
          23          24   1.2182782833924919     
          24          25   1.6319082714228377     
          25          26   1.2092028455136727     
           1          27  0.70998066570716911     
          23          27   1.2665366095364046     
          26          27   1.2412610006630242     
          26          28   1.3657295452462341     
          28          29   1.0574984373746374     
          29          30   1.4154245859230554     
          30          31   1.4687120982664061     
          31          32   1.3824941473050993     
          32          33   1.0829204300244410     
          33          34   1.9394002834637036     
          32          35   1.3881160598728299     
          29          36   1.4111884674517161     
          35          36   1.4728834725632876     
          28          37   1.3603207463008835     
          37          38   1.2039409488196848     
          38          39   1.6424141597106003     
           2          40   1.3915489277264064     
          39          40   1.1987131362063830     
           1          41  0.71334236362906644     
          37          41   1.2499516216341093     
          40          41   1.2454445481737784     
           2          42  0.99733695819689250     
           4          43  0.99440836469773619     
           5          44  0.99936718295423199     
          10          45  0.98923009462862743     
          11          46  0.98857213109626851     
          13          47  0.95483941033366027     
          15          48  0.98257612469035083     
          16          49  0.98883397787888672     
          18          50  0.99874525263404523     
          19          51  0.99914567699455836     
          24          52  0.99908688924099964     
          25          53  0.99825859654119875     
          30          54  0.98928418399678764     
          31          55  0.98246294372729392     
          33          56  0.95486126044505582     
          35          57  0.98824264868583644     
          36          58  0.98930631150507764     
          38          59  0.99908861758525969     
          39          60  0.99420971022422777     
          62          63   1.3950270152170687     
          63          64   1.1972227021804229     
          64          65   1.6443415824368945     
          65          66   1.2041087301418647     
          61          67  0.71161245639866655     
          63          67   1.2442763529638581     
          66          67   1.2519824304354721     
          66          68   1.3605613408762913     
          68          69   1.0474853820439716     
          69          70   1.4149600401093967     
          70          71   1.4715953240651101     
          71          72   1.3886397035026641     
          72          73   1.0830979661590194     
          73          74   1.9391864887253054     
          72          75   1.3833549223690218     
          69          76   1.4198344955296323     
          75          76   1.4669066135790985     
          68          77   1.3723814316225147     
          77          78   1.2063609074060471     
          78          79   1.6348604829937206     
          61          80  0.70966691191380193     
          77          80   1.2375064427176163     
          79          81   1.2178699315783048     
          80          81   1.2700966513557024     
          81          82   1.3086055177926414     
          82          83   1.3119360164599525     
          83          84   1.2174384189585130     
          84          85   1.6330835647907711     
          85          86   1.2086787519934366     
          61          87  0.70885678256035234     
          83          87   1.2656719534590077     
          86          87   1.2424690705649875     
          86          88   1.3659684573051385     
          88          89   1.0558029310826123     
          89          90   1.4160067490116655     
          90          91   1.4684821008355597     
          91          92   1.3825835317745958     
          92          93   1.0828320955191122     
          93          94   1.9396982988936597     
          92          95   1.3884042149219826     
          89          96   1.4120323578430840     
          95          96   1.4724743899366335     
          88          97   1.3617604239394350     
          97          98   1.2035918624123969     
          98          99   1.6428992696600160     
          62         100   1.3915915053491594     
          99         100   1.1985473882170430     
          61         101  0.71189708690684228     
          97         101   1.2499890179637441     
         100         101   1.2465603812017771     
          62         102  0.99735665011925145     
          64         103  0.99434388968978404     
          65         104  0.99926491389368299     
          70         105  0.98917551056966302     
          71         106  0.98855601759676370     
          73         107  0.95484077862035688     
          75         108  0.98256489891967569     
          76         109  0.98887004466557127     
          78         110  0.99868514661682484     
          79         111  0.99894762698246431     
          84         112  0.99891279773714625     
          85         113  0.99826976669167489     
          90         114  0.98924348688546626     
          91         115  0.98244993405689607     
          93         116  0.95481628872405333     
          95         117  0.98822774613393860     
          96         118  0.98922062981712089     
          98         119  0.99908559202792058     
          99         120  0.99414527169473044     
          22         122   1.2083785451767166     
         121         122   2.5181854612113876     
         121         123   1.3200612641106448     
         122         124  0.18759359081470872     
         123         124   2.5160055012903415     
         125         126   2.5219375595230953     
         125         127   1.3136921216081605     
          82         128   1.2016336827005545     
         126         128  0.18644596855400786     
         127         128   2.5245727590990725     
         124         130   1.2115318313591823     
         130         131   1.3028702527897482     
         131         132   1.2214622926268668     
         132         133   1.6275037763477553     
         133         134   1.2126967819542633     
         129         135  0.70792307833611456     
         131         135   1.2669241220601226     
         134         135   1.2410458796548747     
         134         136   1.3601895682978633     
         136         137   1.0591594471614960     
         137         138   1.4105594668265058     
         138         139   1.4728591618874742     
         139         140   1.3883979781694480     
         140         141   1.0820440907846030     
         141         142   1.9401726112475255     
         140         143   1.3831061152891921     
         137         144   1.4152446812705957     
         143         144   1.4684790461456358     
         136         145   1.3647658031547547     
         145         146   1.2103572575909265     
         146         147   1.6302601588709975     
         129         148  0.71032821329434614     
         145         148   1.2387479863204458     
         147         149   1.2197916550169767     
         148         149   1.2668383582511671     
         126         150   1.2054481979231324     
         149         150   1.3071711743863144     
         150         151   1.3053192418170672     
         151         152   1.2212008182502059     
         152         153   1.6278157445725343     
         153         154   1.2125870955678939     
         129         155  0.70821410655225381     
         151         155   1.2655132487281844     
         154         155   1.2417304736620889     
         154         156   1.3590757878567603     
         156         157   1.0592098606000340     
         157         158   1.4151206178469669     
         158         159   1.4686135938615774     
         159         160   1.3829651740184987     
         160         161   1.0823020002874695     
         161         162   1.9397997183706861     
         160         163   1.3882958018997118     
         157         164   1.4105878973451489     
         163         164   1.4728891398267361     
         156         165   1.3658104253482235     
         165         166   1.2106174478088512     
         166         167   1.6296131470000841     
         130         168   1.3041176427514984     
         167         168   1.2203450074280608     
         129         169  0.70993045467708638     
         165         169   1.2377858058131945     
         168         169   1.2685775525158758     
         132         170  0.99923428214923782     
         133         171  0.99864988552357969     
         138         172  0.98960720662356649     
         139         173  0.98823272177447097     
         141         174  0.95473724985117958     
         143         175  0.98222687534314934     
         144         176  0.98905013173899425     
         146         177  0.99851912161282241     
         147         178  0.99888759856716181     
         152         179  0.99904202759919503     
         153         180  0.99867922055826097     
         158         181  0.98906404120567681     
         159         182  0.98221950533602453     
         161         183  0.95477844051813199     
         163         184  0.98827836018826098     
         164         185  0.98959987215355405     
         166         186  0.99851232272613644     
         167         187  0.99905630583235283     
