   -0.08409362
   -0.02224743
    0.05888735
   -0.04484690
   -0.04071760
    0.06103597
   -0.17550271
    0.01048076
    0.00481684
   -0.03904425
    0.03102334
   -0.24003272
    0.03539575
   -0.05929467
    0.06058072
   -0.03839093
   -0.04047489
   -0.17295438
    0.06568779
    0.01932762
    0.06569356
   -0.04046702
   -0.03835888
    0.06056593
   -0.17285246
    0.01050858
    0.00484638
   -0.03943665
    0.03127610
   -0.23985277
    0.03574875
   -0.05989949
    0.06103279
   -0.04076077
   -0.04486434
    0.05889085
   -0.17561547
    0.01862352
    0.02062693
    0.01378427
    0.01731582
    0.01511401
    0.02205577
    0.16552193
    0.03722629
    0.01082140
    0.01587214
    0.02044806
    0.02039752
    0.01576082
    0.01713912
    0.01501705
    0.02201571
    0.16622498
    0.03740448
    0.01090878
    0.01381854
    0.02058435
   -0.08409212
   -0.02224746
    0.05888550
   -0.04484753
   -0.04071765
    0.06103685
   -0.17550606
    0.01047724
    0.00481585
   -0.03904121
    0.03101998
   -0.24003550
    0.03539190
   -0.05928819
    0.06058264
   -0.03839086
   -0.04047600
   -0.17294879
    0.06567667
    0.01932813
    0.06570475
   -0.04046544
   -0.03835855
    0.06056323
   -0.17285617
    0.01051168
    0.00484713
   -0.03944008
    0.03127999
   -0.23985026
    0.03575319
   -0.05990762
    0.06103102
   -0.04076118
   -0.04486415
    0.05889245
   -0.17561336
    0.01862338
    0.02062602
    0.01378457
    0.01731465
    0.01511318
    0.02205621
    0.16551437
    0.03722554
    0.01082772
    0.01587583
    0.02045151
    0.02039454
    0.01575677
    0.01714070
    0.01501850
    0.02201523
    0.16623446
    0.03740548
    0.01090214
    0.01381725
    0.02058455
   -0.02056763
   -0.02056811
   -0.02501262
   -0.01719111
   -0.02501479
   -0.01719078
