           2           3   1.3922098488344805     
           3           4   1.2048805749181279     
           4           5   1.6330759454496311     
           5           6   1.2111817739514870     
           1           7  0.86942714636672502     
           3           7   1.2231997272935702     
           6           7   1.2257533791786419     
           6           8   1.3649878997975429     
           8           9   1.0470457095884311     
           9          10   1.7968227810508968     
          10          11   1.0094532168937425     
          11          12  0.96441568427580482     
          12          13   1.1837869737089817     
           9          14   1.1223861339658470     
          13          14   1.7014864497397344     
           8          15   1.3670210784807753     
          15          16   1.2184284340059062     
          16          17   1.6201614998063025     
           1          18  0.86034243909702157     
          15          18   1.2171652986919739     
          17          19   1.2277461242745205     
          18          19   1.2452857896532572     
          19          20   1.3017913511124746     
          20          21   1.3018168295130885     
          21          22   1.2275553324735871     
          22          23   1.6205424869054019     
          23          24   1.2179566464563469     
           1          25  0.86135202184294068     
          21          25   1.2457321484874959     
          24          25   1.2162033266817969     
          24          26   1.3683811045217671     
          26          27   1.0458443588103343     
          27          28   1.7972770373852316     
          28          29   1.0095233330975972     
          29          30  0.96325169888506035     
          30          31   1.1854193630122623     
          27          32   1.1230347678212125     
          31          32   1.6987065154564021     
          26          33   1.3645391883851443     
          33          34   1.2114041314873305     
          34          35   1.6329246470358485     
           2          36   1.3923850708092651     
          35          36   1.2048551498224260     
           1          37  0.86828939405506100     
          33          37   1.2263915216607395     
          36          37   1.2229880988352193     
           2          38  0.99764514745158439     
           4          39  0.99459557452443104     
           5          40   1.0004558335658180     
          10          41  0.98737528318709900     
          11          42  0.98706285633091406     
          11          43  0.98061745210572870     
          12          44  0.95559198480698748     
          13          45  0.98035711771454814     
          14          46  0.98785665385318255     
          16          47   1.0000354138546057     
          17          48  0.99930910714218080     
          22          49  0.99921290515597816     
          23          50   1.0000260280217070     
          28          51  0.98714567017823573     
          29          52  0.98640179240032366     
          29          53  0.98080883752851100     
          30          54  0.95473342178146225     
          31          55  0.98024138159612773     
          32          56  0.98782602303202627     
          34          57   1.0005512717134895     
          35          58  0.99462010981417226     
          60          61   1.3921844350136579     
          61          62   1.2048991802661213     
          62          63   1.6330499482558820     
          63          64   1.2111952555637917     
          59          65  0.86936606842070019     
          61          65   1.2232058083828112     
          64          65   1.2257759939247947     
          64          66   1.3649463992082316     
          66          67   1.0470236406363367     
          67          68   1.7968376740968455     
          68          69   1.0094536199321025     
          69          70  0.96442678403028792     
          70          71   1.1837680692850081     
          67          72   1.1223924559127507     
          71          72   1.7015073139162100     
          66          73   1.3670714764379082     
          73          74   1.2183972640764200     
          74          75   1.6202029951846713     
          59          76  0.86051486413547851     
          73          76   1.2171447655643910     
          75          77   1.2277026588398610     
          76          77   1.2451983333342664     
          77          78   1.3019626636687809     
          78          79   1.3016424728937390     
          79          80   1.2275996446117592     
          80          81   1.6204984906287951     
          81          82   1.2179887172929844     
          59          83  0.86120332843895031     
          79          83   1.2458141674723775     
          82          83   1.2162134284536819     
          82          84   1.3683318678068213     
          84          85   1.0458669590054968     
          85          86   1.7972606832232894     
          86          87   1.0095228383061414     
          87          88  0.96323775231341602     
          88          89   1.1854408653860018     
          85          90   1.1230283718442597     
          89          90   1.6986806388350837     
          84          91   1.3645768520664368     
          91          92   1.2113918422785845     
          92          93   1.6329491453231644     
          60          94   1.3924076671427599     
          93          94   1.2048358662923724     
          59          95  0.86834099299853307     
          91          95   1.2263707369994967     
          94          95   1.2229842306889949     
          60          96  0.99764522041294468     
          62          97  0.99459545185204423     
          63          98   1.0004560169499235     
          68          99  0.98737797505465164     
          69         100  0.98706965382064904     
          69         101  0.98061440927156340     
          70         102  0.95560303762516541     
          71         103  0.98035928889191004     
          72         104  0.98785302872506320     
          74         105   1.0000384089381931     
          75         106  0.99928220534013823     
          80         107  0.99923912122069436     
          81         108   1.0000230978129119     
          86         109  0.98714270028736151     
          87         110  0.98639195642877553     
          87         111  0.98081446022121965     
          88         112  0.95471977016365661     
          89         113  0.98023892993372086     
          90         114  0.98782989238539820     
          92         115   1.0005509974067224     
          93         116  0.99462064648251258     
         117         118   2.3860995865259902     
         118         119   1.3507281127505724     
          20         120   1.2118193094082261     
         117         120  0.17609140568618675     
         119         120   2.4855131241453154     
         117         121   1.3507291435385405     
          78         122   1.2118242361121827     
         118         122  0.17609319037884924     
         121         122   2.4855086519938991     
