    0.25438598
   -0.02448797
    0.05212528
   -0.04374628
   -0.04245040
    0.05457182
   -0.21685874
    0.00353573
    0.01747601
   -0.01701487
   -0.01277790
    0.02981317
    0.44784431
   -0.28508577
   -0.29416257
   -0.28279805
   -0.01183788
   -0.01596129
    0.05463534
   -0.03967125
   -0.03719205
   -0.21500076
    0.05844502
    0.01623825
    0.05843536
   -0.03735420
   -0.03972991
    0.05446871
   -0.21465286
    0.00381398
    0.01697532
   -0.01721799
   -0.01299511
    0.02942858
    0.44712555
   -0.28687111
   -0.29034782
   -0.28102226
   -0.01222162
   -0.01593489
    0.05494022
   -0.04178247
   -0.04339230
    0.05231071
   -0.21695206
    0.01890038
    0.02090426
    0.01509389
    0.02667536
    0.03781911
    0.22300048
    0.03949292
    0.02879540
    0.01676097
    0.01586807
    0.01582046
    0.01737554
    0.02649519
    0.03663342
    0.22462781
    0.04046232
    0.02857336
    0.01489468
    0.02114700
    0.25438186
   -0.02448790
    0.05212634
   -0.04374662
   -0.04245057
    0.05457253
   -0.21685934
    0.00353693
    0.01747633
   -0.01701518
   -0.01277713
    0.02981431
    0.44784528
   -0.28508497
   -0.29416455
   -0.28279310
   -0.01183640
   -0.01596067
    0.05463715
   -0.03966899
   -0.03719078
   -0.21500063
    0.05844620
    0.01623828
    0.05843586
   -0.03735592
   -0.03973247
    0.05446771
   -0.21465471
    0.00381416
    0.01696347
   -0.01721886
   -0.01300482
    0.02940845
    0.44710254
   -0.28692878
   -0.29027937
   -0.28089031
   -0.01224771
   -0.01594023
    0.05494060
   -0.04178197
   -0.04339170
    0.05231214
   -0.21695222
    0.01890026
    0.02090463
    0.01509517
    0.02667476
    0.03781954
    0.22299935
    0.03949311
    0.02879517
    0.01676535
    0.01587042
    0.01581840
    0.01737329
    0.02649586
    0.03662377
    0.22462451
    0.04046131
    0.02856949
    0.01489420
    0.02114745
   -0.02641401
   -0.02641387
