           2           3   1.3921813359341220     
           3           4   1.2009831468279577     
           4           5   1.6417713413077979     
           5           6   1.2074327288647357     
           1           7  0.71363692442063087     
           3           7   1.2528179980750904     
           6           7   1.2511783269740864     
           6           8   1.3677832310367239     
           8           9   1.3665485043766938     
           9          10   1.2145496589340590     
          10          11   1.6283646172351289     
           1          12  0.71457484282698958     
           9          12   1.2450733558501714     
          11          13   1.2227156204516341     
          12          13   1.2700178755744462     
          13          14   1.3187714937550559     
          14          15   1.3197202475911189     
          15          16   1.2228405341760895     
          16          17   1.6262612528388938     
          17          18   1.2161631812063392     
          18          19   1.3619151864121195     
          19          20   1.0523065584569720     
          20          21   1.4182068748732100     
          21          22   1.4649700486967197     
          22          23   1.4001061891543722     
          23          24   1.0403567211768587     
          24          25   1.2099312025830808     
          24          26   1.8160076415774897     
          25          26  0.18336108475081245     
          23          27   1.3997297770901258     
          20          28   1.4195260129533516     
          27          28   1.4628689742649006     
          19          29   1.3683412008907176     
          29          30   1.2073711323087373     
          30          31   1.6409408668005174     
           2          32   1.3906342375822203     
          31          32   1.2015171803658098     
           1          33  0.71281749713297615     
          29          33   1.2502460409132723     
          32          33   1.2539935186241198     
           1          34  0.71484632893660438     
          15          34   1.2676839906163071     
          18          34   1.2479486037269585     
           8          35   1.0467568544340482     
          35          36   1.4201770544711052     
          36          37   1.4642272374063225     
          37          38   1.4004416372265622     
          38          39   1.0399188322589927     
          39          40   1.2101306925392157     
          39          41   1.8164386365488507     
          40          41  0.18356842290794534     
          38          42   1.4007281163290308     
          35          43   1.4224822752284576     
          42          43   1.4614504537465660     
           2          44  0.99586713222892864     
           4          45  0.99264595014412538     
           5          46  0.99854327573568347     
          10          47  0.99746469040743613     
          11          48  0.99696405776114205     
          16          49  0.99690043304838949     
          17          50  0.99731826829507031     
          21          51  0.98841198841851419     
          22          52  0.98565974351392194     
          25          53  0.94348923498743831     
          27          54  0.98573112559770493     
          28          55  0.98821719154510845     
          30          56  0.99835080041459046     
          31          57  0.99255501485881570     
          36          58  0.98810002170585542     
          37          59  0.98565439194970828     
          40          60  0.94342025920115480     
          42          61  0.98594203507254796     
          43          62  0.98810166075127037     
          64          65   1.3912380405615170     
          65          66   1.2008381387775084     
          66          67   1.6420007191963235     
          67          68   1.2074598518609991     
          63          69  0.71410382366958858     
          65          69   1.2541439546385305     
          68          69   1.2486322327492874     
          68          70   1.3699713925136521     
          70          71   1.3657919844277850     
          71          72   1.2168525534914092     
          72          73   1.6245741535745235     
          63          74  0.71450000245525302     
          71          74   1.2428285910071337     
          73          75   1.2258159184094921     
          74          75   1.2739871830936298     
          75          76   1.3105214298084829     
          76          77   1.3111703940833428     
          77          78   1.2259750385732413     
          78          79   1.6226961071425103     
          79          80   1.2182052154956280     
          80          81   1.3618738472149610     
          81          82   1.0522688938438867     
          82          83   1.4183989249825408     
          83          84   1.4648468376267731     
          84          85   1.4003263462745366     
          85          86   1.0401110080634459     
          86          87   1.2103919131473273     
          86          88   1.8159660836965359     
          87          88  0.18344462647319490     
          85          89   1.3999745617544057     
          82          90   1.4199527596118429     
          89          90   1.4626510417050578     
          81          91   1.3701157163948610     
          91          92   1.2075449192128689     
          92          93   1.6411326061100671     
          64          94   1.3898527289233038     
          93          94   1.2012531146983074     
          63          95  0.71323718616264797     
          91          95   1.2480783689743047     
          94          95   1.2551490369777030     
          63          96  0.71504332367182000     
          77          96   1.2718637988117014     
          80          96   1.2452779201282775     
          70          97   1.0467860807087661     
          97          98   1.4202475080676764     
          98          99   1.4643122388614402     
          99         100   1.4003449493881128     
         100         101   1.0401142243160264     
         101         102   1.2101048089841457     
         101         103   1.8161781905164345     
         102         103  0.18349340766703753     
         100         104   1.4007325747453478     
          97         105   1.4228111544627424     
         104         105   1.4613920410323979     
          64         106  0.99587025246951533     
          66         107  0.99279575098610096     
          67         108  0.99873794969167606     
          72         109  0.99755522398060581     
          73         110  0.99798306614470933     
          78         111  0.99796725935117869     
          79         112  0.99737764750433844     
          83         113  0.98844729613128357     
          84         114  0.98572313150988233     
          87         115  0.94345880636031532     
          89         116  0.98569233519722654     
          90         117  0.98822483664647875     
          92         118  0.99850237943732245     
          93         119  0.99268189596964418     
          98         120  0.98816627664206580     
          99         121  0.98577250063667932     
         102         122  0.94355867153263695     
         104         123  0.98598410125716363     
         105         124  0.98806136075971684     
          14         125   1.1723793924361350     
         125         126   2.6457857661569677     
         127         128   2.6109276607910408     
          76         130   1.1883012204650141     
         129         130   2.6321043608076491     
         126         132   1.1743748523210233     
         132         133   1.3126830352398506     
         133         134   1.2242812668914931     
         134         135   1.6239875009221079     
         135         136   1.2181988865221938     
         131         137  0.71450522520369997     
         133         137   1.2712187676719466     
         136         137   1.2397647230795208     
         136         138   1.3662325606904193     
         138         139   1.3627795090555019     
         139         140   1.2223476666725421     
         140         141   1.6157739935312503     
         131         142  0.71529917934742004     
         139         142   1.2383155638550885     
         141         143   1.2324671521809725     
         142         143   1.2784989749314053     
         127         144   1.2165668799611367     
         143         144   1.2942889464986649     
         144         145   1.2947212185046397     
         145         146   1.2324440863829338     
         146         147   1.6158615197053949     
         147         148   1.2223384521415448     
         148         149   1.3631056549237008     
         149         150   1.0579186286925686     
         150         151   1.4168623560900206     
         151         152   1.4658995001413218     
         152         153   1.3995633977800130     
         153         154   1.0404642455754101     
         154         155   1.2092953671643496     
         154         156   1.8161673433348984     
         155         156  0.18323831331435236     
         153         157   1.3993879305256933     
         150         158   1.4177441516608296     
         157         158   1.4636417493881830     
         149         159   1.3657733202359508     
         159         160   1.2184745434802380     
         160         161   1.6234772981293177     
         132         162   1.3127246819937126     
         161         162   1.2243504918873429     
         131         163  0.71481006087673660     
         159         163   1.2400548129629712     
         162         163   1.2707593134722786     
         131         164  0.71523452004853871     
         145         164   1.2784152645149036     
         148         164   1.2382946599900930     
         138         165   1.0581638582650841     
         165         166   1.4163450300136486     
         166         167   1.4657894074567879     
         167         168   1.3997785406462850     
         168         169   1.0399609727685570     
         169         170   1.2102027027513327     
         169         171   1.8160440711830474     
         170         171  0.18338003795863592     
         168         172   1.3997694557513589     
         165         173   1.4181305424748643     
         172         173   1.4634209569946679     
         134         174  0.99760617658831641     
         135         175  0.99819960311807399     
         140         176  0.99816938767116536     
         141         177  0.99826867143894515     
         146         178  0.99838461948770252     
         147         179  0.99824761066130674     
         151         180  0.98840217188978841     
         152         181  0.98556798782783916     
         155         182  0.94403674315177077     
         157         183  0.98608276606362610     
         158         184  0.98892191295889598     
         160         185  0.99831760642524159     
         161         186  0.99772846954977679     
         166         187  0.98887697535769281     
         167         188  0.98569285007615892     
         170         189  0.94381451035981534     
         172         190  0.98584679475768533     
         173         191  0.98846180778943749     
         128         193   1.2167726387998885     
         193         194   1.2936075798396411     
         194         195   1.2324656414092829     
         195         196   1.6156795811837432     
         196         197   1.2224780325144147     
         192         198  0.71477242176035138     
         194         198   1.2792406381617485     
         197         198   1.2371995361691333     
         197         199   1.3639307049686757     
         199         200   1.3648197940883853     
         200         201   1.2202975560831588     
         201         202   1.6199777770293358     
         192         203  0.71472882707080865     
         200         203   1.2386855081891261     
         202         204   1.2276526550134876     
         203         204   1.2741652611364176     
         129         205   1.1903878825251881     
         204         205   1.3049562035828262     
         205         206   1.3053389871136256     
         206         207   1.2276195835917432     
         207         208   1.6198615816104891     
         208         209   1.2204834532240600     
         209         210   1.3641830248338591     
         210         211   1.0585796840158068     
         211         212   1.4161759233760554     
         212         213   1.4660476268163929     
         213         214   1.3994898867476304     
         214         215   1.0402556428623393     
         215         216   1.2099804682443491     
         215         217   1.8157214363688261     
         216         217  0.18328123089761600     
         214         218   1.3995662349494131     
         211         219   1.4180636049071516     
         218         219   1.4635389181605385     
         210         220   1.3644673717543834     
         220         221   1.2223356550755407     
         221         222   1.6157642667260690     
         193         223   1.2937171185595278     
         222         223   1.2323558522786466     
         192         224  0.71511893243690650     
         220         224   1.2367748142862516     
         223         224   1.2794097392047246     
         192         225  0.71468824214324977     
         206         225   1.2736840308990136     
         209         225   1.2391127565660960     
         199         226   1.0585202358006831     
         226         227   1.4166745592288530     
         227         228   1.4658720438980277     
         228         229   1.3996935524457355     
         229         230   1.0402919837171762     
         230         231   1.2095228048475712     
         230         232   1.8161279554567058     
         231         232  0.18326362914546140     
         229         233   1.3993437543496334     
         226         234   1.4176468451956490     
         233         234   1.4637214652854198     
         195         235  0.99842698066995472     
         196         236  0.99834531896281020     
         201         237  0.99824727648405653     
         202         238  0.99860772537899967     
         207         239  0.99854801774312174     
         208         240  0.99826489324945467     
         212         241  0.98894200051810655     
         213         242  0.98577010861316017     
         216         243  0.94394883666705587     
         218         244  0.98592901362617458     
         219         245  0.98852286761358554     
         221         246  0.99831592468976238     
         222         247  0.99833618508914612     
         227         248  0.98843275323713464     
         228         249  0.98561289868111057     
         231         250  0.94400310314959013     
         233         251  0.98603427142493227     
         234         252  0.98896468510970903     
