   -0.06175284
   -0.01413186
    0.06481211
   -0.03621943
   -0.03423008
    0.06695399
   -0.16772675
    0.01601978
    0.02530304
   -0.01559217
    0.05483378
   -0.25543449
    0.05463815
   -0.01578716
    0.06625871
   -0.03295149
   -0.03425498
   -0.16585194
    0.07043953
    0.02522804
    0.07038422
   -0.03415943
   -0.03282906
    0.06630525
   -0.16576509
    0.01541306
    0.02498856
   -0.01562927
    0.05450493
   -0.25529650
    0.05488729
   -0.01516841
    0.06707297
   -0.03405726
   -0.03607800
    0.06484081
   -0.16774320
    0.03158451
    0.03399032
    0.02827433
    0.02867791
    0.03123040
    0.03078169
    0.02825420
    0.02977537
    0.03130402
    0.03132708
    0.02924305
    0.02809016
    0.03061099
    0.03147024
    0.02888084
    0.02772489
    0.03407666
   -0.06291504
   -0.01400380
    0.06499553
   -0.03615756
   -0.03419940
    0.06712870
   -0.16794111
    0.01599380
    0.02529174
   -0.01545078
    0.05489223
   -0.25528236
    0.05466698
   -0.01571501
    0.06633114
   -0.03291782
   -0.03427434
   -0.16595789
    0.07068417
    0.02525736
    0.07067709
   -0.03423827
   -0.03287907
    0.06636055
   -0.16594134
    0.01576090
    0.02513620
   -0.01565742
    0.05456502
   -0.25525359
    0.05492149
   -0.01527412
    0.06717193
   -0.03412333
   -0.03611390
    0.06499306
   -0.16788414
    0.03142612
    0.03412327
    0.02823310
    0.02885991
    0.03131821
    0.03079540
    0.02828386
    0.02976515
    0.03143758
    0.03143289
    0.02954159
    0.02816165
    0.03066636
    0.03145084
    0.02889949
    0.02800880
    0.03414721
   -0.01183679
   -0.01221928
   -0.01646256
   -0.01266458
   -0.01651995
   -0.01203400
   -0.01198287
   -0.01207496
   -0.01635661
   -0.01240074
   -0.01647838
   -0.01235361
   -0.01244232
   -0.01193985
   -0.01672020
   -0.01216256
   -0.01649197
   -0.01281712
   -0.06030876
    0.02506881
    0.07068476
   -0.03435108
   -0.03246321
    0.06633309
   -0.16491877
    0.01784553
    0.02520184
   -0.01505602
    0.05505948
   -0.25460015
    0.05510362
   -0.01500993
    0.06630353
   -0.03224398
   -0.03413989
   -0.16484572
    0.07103255
    0.02518310
    0.07102976
   -0.03414442
   -0.03227383
    0.06629401
   -0.16483834
    0.01785554
    0.02524668
   -0.01503672
    0.05513126
   -0.25457692
    0.05507821
   -0.01505513
    0.06631329
   -0.03246634
   -0.03434689
    0.07067415
   -0.16494425
    0.03112765
    0.02922062
    0.02903274
    0.03160285
    0.03171411
    0.02910059
    0.02947246
    0.03155455
    0.03152321
    0.02950607
    0.02918516
    0.03173591
    0.03160250
    0.02905497
    0.02924360
    0.03113270
   -0.05894684
    0.02497572
    0.07083109
   -0.03417435
   -0.03220033
    0.06611432
   -0.16462964
    0.01761101
    0.02504822
   -0.01496138
    0.05507616
   -0.25466090
    0.05497521
   -0.01502011
    0.06611576
   -0.03236731
   -0.03435211
   -0.16466931
    0.07048400
    0.02493608
    0.07051380
   -0.03433099
   -0.03238673
    0.06612390
   -0.16465116
    0.01763699
    0.02508771
   -0.01502085
    0.05500982
   -0.25463347
    0.05509537
   -0.01497338
    0.06609897
   -0.03221302
   -0.03417823
    0.07083246
   -0.16464708
    0.03143255
    0.02923421
    0.02903203
    0.03175057
    0.03150972
    0.02885137
    0.02899736
    0.03109674
    0.03110679
    0.02904114
    0.02896096
    0.03155536
    0.03174476
    0.02903131
    0.02926003
    0.03145497
