           2           3   1.3946175998879591     
           3           4   1.2035538177465612     
           4           5   1.6381830373833872     
           5           6   1.2090228601196122     
           1           7  0.87220353200731204     
           3           7   1.2223362392587545     
           6           7   1.2264629914115193     
           6           8   1.3641681180069141     
           8           9   1.0420434408331383     
           9          10   1.4299241908514353     
          10          11   1.4458964288693887     
          11          12   1.4794276020965758     
          10          13  0.10177363233699475     
          12          13   1.4791724403027322     
           9          14   1.4295314599849249     
          11          14  0.10176765479875316     
          13          14   1.4461798845890619     
           8          15   1.3725165707464870     
          15          16   1.2139953986512133     
          16          17   1.6265930364045360     
           1          18  0.86489281436881771     
          15          18   1.2147888386519099     
          17          19   1.2250403370139906     
          18          19   1.2459474370059092     
          19          20   1.3047824540758040     
          20          21   1.3045462801006555     
          21          22   1.2257771722575044     
          22          23   1.6247253527705809     
          23          24   1.2151561760328942     
           1          25  0.86470923340878336     
          21          25   1.2446717621247450     
          24          25   1.2163833838887734     
          24          26   1.3693182008177538     
          26          27   1.0479699637164708     
          27          28   1.4272961884576125     
          28          29   1.4467547404711847     
          29          30   1.4790558498659849     
          28          31  0.10128914224666967     
          30          31   1.4787971475412431     
          27          32   1.4270847075963358     
          29          32  0.10138853329981271     
          31          32   1.4467922087266851     
          26          33   1.3633723283896848     
          33          34   1.2093894760632846     
          34          35   1.6373360436569011     
           2          36   1.3945484690696042     
          35          36   1.2036730340181039     
           1          37  0.87198091733219119     
          33          37   1.2268410233475953     
          36          37   1.2221453428330009     
           2          38  0.99535527750817898     
           4          39  0.99211187298618764     
           5          40  0.99713243884750402     
          10          41  0.98768504932662404     
          11          42  0.98305918604299847     
          13          43  0.98311244675665377     
          14          44  0.98772927508738018     
          16          45  0.99632329900940919     
          17          46  0.99718000280829655     
          22          47  0.99714936167028145     
          23          48  0.99614163555315127     
          28          49  0.98802732855705255     
          29          50  0.98308135032042798     
          31          51  0.98291171470838745     
          32          52  0.98777458780412042     
          34          53  0.99689160963445744     
          35          54  0.99205660171371202     
          56          57   1.3950335183906561     
          57          58   1.2035510647298067     
          58          59   1.6380497994753687     
          59          60   1.2092394448788153     
          55          61  0.86840772529016541     
          57          61   1.2237309819066815     
          60          61   1.2280945062419790     
          60          62   1.3642839231828425     
          62          63   1.0422523858913393     
          63          64   1.4296308176152535     
          64          65   1.4459959081603067     
          65          66   1.4792876397189814     
          64          67  0.10183371576402207     
          66          67   1.4793424650034419     
          63          68   1.4296664673213089     
          65          68  0.10178359417219625     
          67          68   1.4460349470838534     
          62          69   1.3730953898761198     
          69          70   1.2141866422613330     
          70          71   1.6262386925034364     
          55          72  0.86093051235108475     
          69          72   1.2159240316831734     
          71          73   1.2253720267241932     
          72          73   1.2484355567441161     
          73          74   1.3039078696983000     
          74          75   1.3037335662587433     
          75          76   1.2255306789485092     
          76          77   1.6257088910506541     
          77          78   1.2146119900995809     
          55          79  0.86105827840287585     
          75          79   1.2482074087860211     
          78          79   1.2161628000039924     
          78          80   1.3722091613691614     
          80          81   1.0451740166993810     
          81          82   1.4281343537031999     
          82          83   1.4466251901726674     
          83          84   1.4789687073329900     
          82          85  0.10154447897937112     
          84          85   1.4792992258475606     
          81          86   1.4286638376099807     
          83          86  0.10157995699505573     
          85          86   1.4461525680698561     
          80          87   1.3632404140898464     
          87          88   1.2095073850828126     
          88          89   1.6374866039706997     
          56          90   1.3948944035569231     
          89          90   1.2037638012453893     
          55          91  0.86843864466009302     
          87          91   1.2285438923050662     
          90          91   1.2234699185564082     
          56          92  0.99545887058827964     
          58          93  0.99200707655909171     
          59          94  0.99710226023490123     
          64          95  0.98756882614201469     
          65          96  0.98300466108307960     
          67          97  0.98309880865080046     
          68          98  0.98771390088209110     
          70          99  0.99631160648559136     
          71         100  0.99716115815668205     
          76         101  0.99713978615693344     
          77         102  0.99617737799408057     
          82         103  0.98787600950118359     
          83         104  0.98308496115074928     
          85         105  0.98296262653070809     
          86         106  0.98767832539257827     
          88         107  0.99698881887925894     
          89         108  0.99197878051414157     
         109         110   2.3834242850261504     
         110         111   1.3516430256514724     
          20         112   1.2104039488790135     
         109         112  0.17733326275040431     
         111         112   2.4852796621395350     
         109         113   1.3526882732700982     
         110         114  0.17729408926988030     
         113         114   2.4824976400007359     
         115         116   2.3739864573257692     
         116         117   1.3592387976236902     
         115         118  0.17771966290894753     
         117         118   2.4750276662206687     
         115         119   1.3594004556715438     
         116         120  0.17761158889663317     
         119         120   2.4741806406816265     
         121         122   2.3793927351334139     
         122         123   1.3560762882534094     
         121         124  0.17749757223204224     
         123         124   2.4780810687187529     
         121         125   1.3548642374937967     
          74         126   1.2126666402980375     
         122         126  0.17775615361580324     
         125         126   2.4820741578418319     
         114         128   1.2134364973375888     
         128         129   1.3017863583591829     
         129         130   1.2282218517776020     
         130         131   1.6213876757425263     
         131         132   1.2183577344125456     
         127         133  0.86418108386615777     
         129         133   1.2456962148627639     
         132         133   1.2168777625504872     
         132         134   1.3649460567024543     
         134         135   1.0477781778224891     
         135         136   1.4275032785639801     
         136         137   1.4463911384909556     
         137         138   1.4793375119732957     
         136         139  0.10151413530607947     
         138         139   1.4793915689159118     
         135         140   1.4275479198893042     
         137         140  0.10151251778258184     
         139         140   1.4463440477578360     
         134         141   1.3679714284660165     
         141         142   1.2176445106898688     
         142         143   1.6219645933380940     
         127         144  0.86350789355937574     
         141         144   1.2148515355818186     
         143         145   1.2279754996158465     
         144         145   1.2484074836726360     
         118         146   1.2184345764482667     
         145         146   1.2991890681947500     
         146         147   1.2995588429386087     
         147         148   1.2278420470721410     
         148         149   1.6220439923738956     
         149         150   1.2176747094018447     
         127         151  0.86346094004595131     
         147         151   1.2480077842467932     
         150         151   1.2152707393095761     
         150         152   1.3677946995551562     
         152         153   1.0468250116658637     
         153         154   1.4279527426070562     
         154         155   1.4462043774210676     
         155         156   1.4794642439076744     
         154         157  0.10164834509838053     
         156         157   1.4793932592356653     
         153         158   1.4279427449236544     
         155         158  0.10158210835115380     
         157         158   1.4462443127933573     
         152         159   1.3657692578145568     
         159         160   1.2181873135850430     
         160         161   1.6215633328393102     
         128         162   1.3017745215396608     
         161         162   1.2281756349545228     
         127         163  0.86424208754230225     
         159         163   1.2163877446432969     
         162         163   1.2460680575442253     
         130         164  0.99719883095738315     
         131         165  0.99645484994299094     
         136         166  0.98784271860982609     
         137         167  0.98288199799013509     
         139         168  0.98285171890145262     
         140         169  0.98783465442741536     
         142         170  0.99640007869131764     
         143         171  0.99713709570829434     
         148         172  0.99717660272760356     
         149         173  0.99646104361266197     
         154         174  0.98775354134185978     
         155         175  0.98285795733009029     
         157         176  0.98287489099704040     
         158         177  0.98781349327416024     
         160         178  0.99649704008663120     
         161         179  0.99718680914198976     
         120         181   1.2195036088844957     
         181         182   1.2984179155075948     
         182         183   1.2284225038492449     
         183         184   1.6209758983950506     
         184         185   1.2181187610612230     
         180         186  0.86741355569270329     
         182         186   1.2462298009802202     
         185         186   1.2139373917417624     
         185         187   1.3660457830883332     
         187         188   1.0507525936339490     
         188         189   1.4263855941760435     
         189         190   1.4466647772768877     
         190         191   1.4792837475388501     
         189         192  0.10128962536040362     
         191         192   1.4790188118447436     
         188         193   1.4261066975675245     
         190         193  0.10124634571350732     
         192         193   1.4468676728791365     
         187         194   1.3634775791752185     
         194         195   1.2190352853496416     
         195         196   1.6198835983570528     
         180         197  0.86790984618228151     
         194         197   1.2151566824894262     
         196         198   1.2291742895654212     
         197         198   1.2443762627962849     
         124         199   1.2172830099325713     
         198         199   1.2990104444529103     
         199         200   1.2994604439297393     
         200         201   1.2288613981068475     
         201         202   1.6201580934739828     
         202         203   1.2189818286047278     
         180         204  0.86797158869206625     
         200         204   1.2439284704910336     
         203         204   1.2156336629547082     
         203         205   1.3634237348962472     
         205         206   1.0499746978160618     
         206         207   1.4263880164813716     
         207         208   1.4467999187871776     
         208         209   1.4790171036804198     
         207         210  0.10134702247468587     
         209         210   1.4794037055703491     
         206         211   1.4268047105891795     
         208         211  0.10136029160035440     
         210         211   1.4464863340592113     
         205         212   1.3666474102298805     
         212         213   1.2180928930724524     
         213         214   1.6209716622187689     
         181         215   1.2979787277949373     
         214         215   1.2285190941510553     
         180         216  0.86727249595075784     
         212         216   1.2135104717768692     
         215         216   1.2467164491138296     
         183         217  0.99716849128448382     
         184         218  0.99635178413748315     
         189         219  0.98797240090688154     
         190         220  0.98283724310376974     
         192         221  0.98286203922779036     
         193         222  0.98802301851143526     
         195         223  0.99638191895204153     
         196         224  0.99721414001679154     
         201         225  0.99729810082954451     
         202         226  0.99641122177468000     
         207         227  0.98795772568447704     
         208         228  0.98285567634933313     
         210         229  0.98283880265434553     
         211         230  0.98794166933443939     
         213         231  0.99638520137064945     
         214         232  0.99719638471477035     
