           2           3   1.3930992792345493     
           3           4   1.2044915354472616     
           4           5   1.6355579176471451     
           5           6   1.2107486515909609     
           1           7  0.86799859925049971     
           3           7   1.2246131409262118     
           6           7   1.2259087306423146     
           6           8   1.3674096718624174     
           8           9   1.0448285627828195     
           9          10   1.7968162443962981     
          10          11   1.0098552750745091     
          11          12  0.96280104487557006     
          12          13   1.1895914049856229     
           9          14   1.1232710160228565     
          13          14   1.6946538626892269     
           8          15   1.3687747500021241     
          15          16   1.2172092571776769     
          16          17   1.6238967314011323     
           1          18  0.86268706879488521     
          15          18   1.2183282251963068     
          17          19   1.2256597610944289     
          18          19   1.2434644654729436     
          19          20   1.3078838007947098     
          20          21   1.3066417848132073     
          21          22   1.2257923734281746     
          22          23   1.6240406575233113     
          23          24   1.2169731010469036     
           1          25  0.86236646703071873     
          21          25   1.2447866885043841     
          24          25   1.2169529694967458     
          24          26   1.3703336934944632     
          26          27   1.0448877647032249     
          27          28   1.7967007883729205     
          28          29   1.0100384535726024     
          29          30  0.96280209581244158     
          30          31   1.1893679317361465     
          27          32   1.1233652304434036     
          31          32   1.6948373563530044     
          26          33   1.3657312160479536     
          33          34   1.2109664029314358     
          34          35   1.6354807450214646     
           2          36   1.3943987907770459     
          35          36   1.2042333412073392     
           1          37  0.86807037739189374     
          33          37   1.2273653879762678     
          36          37   1.2233218225011220     
           2          38  0.99681222201446584     
           4          39  0.99362454529156674     
           5          40  0.99992105756100791     
          10          41  0.98680201826566771     
          11          42  0.98568675792307636     
          11          43  0.98035713816753445     
          12          44  0.95322415635344115     
          13          45  0.97978153951070579     
          14          46  0.98733379348675088     
          16          47  0.99946233280299746     
          17          48  0.99836285524412161     
          22          49  0.99839931518747593     
          23          50  0.99932928535641152     
          28          51  0.98675266477903589     
          29          52  0.98566508050237645     
          29          53  0.98028836358206173     
          30          54  0.95333237452498576     
          31          55  0.97981701913577979     
          32          56  0.98739469838767524     
          34          57  0.99998599663374610     
          35          58  0.99365129585931355     
          60          61   1.3929754055931403     
          61          62   1.2046235282929727     
          62          63   1.6350125675675775     
          63          64   1.2110398177055048     
          59          65  0.87034431534333712     
          61          65   1.2230357662925972     
          64          65   1.2254945267370574     
          64          66   1.3659481795046389     
          66          67   1.0470845624162068     
          67          68   1.7950224801652916     
          68          69   1.0101116991422916     
          69          70  0.96332101056869757     
          70          71   1.1884551888087080     
          67          72   1.1227550997647722     
          71          72   1.6963008827396302     
          66          73   1.3679929337015102     
          73          74   1.2174328306763380     
          74          75   1.6233631882620081     
          59          76  0.86622024733889014     
          73          76   1.2169211669844291     
          75          77   1.2258250335870389     
          76          77   1.2421484381623709     
          77          78   1.3055677247226269     
          78          79   1.3083669943197827     
          79          80   1.2258848477264694     
          80          81   1.6234229620460692     
          81          82   1.2172750722135126     
          59          83  0.86441453668918500     
          79          83   1.2420483057647778     
          82          83   1.2175159315520634     
          82          84   1.3682054836836006     
          84          85   1.0464928672739346     
          85          86   1.7949046637581920     
          86          87   1.0101932478873954     
          87          88  0.96264108685891092     
          88          89   1.1894668396349892     
          85          90   1.1235316941160383     
          89          90   1.6945530118911749     
          84          91   1.3659925993574065     
          91          92   1.2107013332628174     
          92          93   1.6353475702469846     
          60          94   1.3937433490894602     
          93          94   1.2043526808974743     
          59          95  0.87142955889562856     
          91          95   1.2257261959710453     
          94          95   1.2223999228103084     
          60          96  0.99670249344856610     
          62          97  0.99370314801015780     
          63          98  0.99983139740250204     
          68          99  0.98697116590592660     
          69         100  0.98589293603779771     
          69         101  0.98023604884197912     
          70         102  0.95359841634774700     
          71         103  0.97973038820113645     
          72         104  0.98737319325556061     
          74         105  0.99930705344270465     
          75         106  0.99852867891398045     
          80         107  0.99834230561724646     
          81         108  0.99945795013107896     
          86         109  0.98688077038967814     
          87         110  0.98553564861120901     
          87         111  0.98028175548217100     
          88         112  0.95319832778592828     
          89         113  0.97978758211640882     
          90         114  0.98739775253215800     
          92         115  0.99990709904851061     
          93         116  0.99370597591924703     
         117         118   2.3936270345502320     
         118         119   1.3435965554655027     
          20         120   1.2039410887812922     
         117         120  0.17587716890201793     
         119         120   2.4943294212294700     
         117         121   1.3448258521321970     
         118         122  0.17577834479799972     
         121         122   2.4906854311820914     
         123         124   2.3940126955469005     
         124         125   1.3442996957780169     
         123         126  0.17573386262806412     
         125         126   2.4911933056032471     
         123         127   1.3431911538670529     
          78         128   1.2038774298559851     
         124         128  0.17578058715027653     
         127         128   2.4942907227867472     
         122         130   1.2084602806103757     
         130         131   1.2970882732184452     
         131         132   1.2290728053470996     
         132         133   1.6206429805139679     
         133         134   1.2179694631141020     
         129         135  0.86297937675373915     
         131         135   1.2508028560038049     
         134         135   1.2113482205253303     
         134         136   1.3724306306835041     
         136         137   1.0476607543412040     
         137         138   1.7935678151171572     
         138         139   1.0103310166420352     
         139         140  0.96497220880531742     
         140         141   1.1863145300889597     
         137         142   1.1225741915852590     
         141         142   1.6968124494245511     
         136         143   1.3585312456778136     
         143         144   1.2205790245763188     
         144         145   1.6206873239807191     
         129         146  0.86671596476687762     
         143         146   1.2225994583964483     
         145         147   1.2267448355589126     
         146         147   1.2388886793677820     
         126         148   1.2079577158271799     
         147         148   1.3079351834747168     
         148         149   1.2979849873817126     
         149         150   1.2290610620034002     
         150         151   1.6204364039028474     
         151         152   1.2182738007536009     
         129         153  0.86360317713539658     
         149         153   1.2505425668549355     
         152         153   1.2116434689175721     
         152         154   1.3719066083987097     
         154         155   1.0473485974942303     
         155         156   1.7951211504801934     
         156         157   1.0099904399644681     
         157         158  0.96238345062613107     
         158         159   1.1908346560703067     
         155         160   1.1225036452925647     
         159         160   1.6938517516255753     
         154         161   1.3588491091859956     
         161         162   1.2200626882114325     
         162         163   1.6212428185611103     
         130         164   1.3083013609309466     
         163         164   1.2258925663389504     
         129         165  0.86868804561972823     
         161         165   1.2223088894406784     
         164         165   1.2381044010656648     
         132         166  0.99836357558133748     
         133         167  0.99947547352775534     
         138         168  0.98603009522539087     
         139         169  0.97746959083842822     
         139         170  0.98633037889104835     
         140         171  0.95417753117305781     
         141         172  0.97982815845189308     
         142         173  0.98771920333090590     
         144         174  0.99904550304439077     
         145         175  0.99857630628384020     
         150         176  0.99838315013862677     
         151         177  0.99908122121817866     
         156         178  0.98681906906776073     
         157         179  0.98017871699303938     
         157         180  0.98537431000833375     
         158         181  0.95274798040557129     
         159         182  0.97968061009292096     
         160         183  0.98728890997796881     
         162         184  0.99982066781701662     
         163         185  0.99847921002443807     
