    0.37184134
   -0.02151799
    0.05899863
   -0.03512355
   -0.03426576
    0.05955076
   -0.23532053
    0.00917909
    0.01841250
   -0.01488691
   -0.00785821
    0.04455563
    0.29846179
   -0.27382940
   -0.27315632
   -0.00821339
   -0.01537334
    0.05823200
   -0.03458758
   -0.03407791
   -0.23291011
    0.06373050
    0.01846618
    0.06365417
   -0.03410408
   -0.03460890
    0.05823757
   -0.23298977
    0.00913904
    0.01838742
   -0.01540254
   -0.00825347
    0.04453702
    0.29840955
   -0.27389857
   -0.27319342
   -0.00786688
   -0.01486457
    0.05956754
   -0.03425554
   -0.03511756
    0.05898583
   -0.23526589
    0.03117767
    0.03737440
    0.02993890
    0.03677891
    0.05479132
    0.05404024
    0.03603239
    0.03042980
    0.03342142
    0.03334467
    0.03038822
    0.03596321
    0.05398881
    0.05479747
    0.03678969
    0.02993582
    0.03737409
    0.37184456
   -0.02152848
    0.05899844
   -0.03512831
   -0.03426712
    0.05954340
   -0.23530481
    0.00917753
    0.01841528
   -0.01490070
   -0.00787868
    0.04455773
    0.29845832
   -0.27377891
   -0.27323156
   -0.00819448
   -0.01535365
    0.05822333
   -0.03459462
   -0.03408608
   -0.23292944
    0.06373192
    0.01846656
    0.06363692
   -0.03411838
   -0.03461097
    0.05821509
   -0.23296981
    0.00913487
    0.01838513
   -0.01539748
   -0.00823945
    0.04453760
    0.29840006
   -0.27387023
   -0.27325078
   -0.00788653
   -0.01486780
    0.05957581
   -0.03425729
   -0.03511904
    0.05898878
   -0.23529547
    0.03117297
    0.03736581
    0.02992231
    0.03673699
    0.05472802
    0.05407729
    0.03606362
    0.03042797
    0.03342622
    0.03332830
    0.03037135
    0.03595982
    0.05400745
    0.05475167
    0.03677369
    0.02994038
    0.03737351
   -0.01750681
   -0.01711796
   -0.01417346
   -0.01239451
   -0.01487597
   -0.01149887
   -0.01952638
   -0.01478595
   -0.01629802
   -0.01880147
   -0.01312986
   -0.01404044
   -0.01405047
   -0.01312373
   -0.01881201
   -0.01629003
   -0.01478516
   -0.01952590
   -0.01150390
   -0.01487895
   -0.01239943
   -0.01417267
   -0.01712162
   -0.01750497
    0.37233559
    0.01502877
    0.06355368
   -0.03582191
   -0.03487797
    0.05650688
   -0.23353991
    0.01125360
    0.01910035
   -0.01466264
   -0.00787741
    0.04455270
    0.29865059
   -0.27352070
   -0.27341792
   -0.00794393
   -0.01472345
    0.05661563
   -0.03479693
   -0.03533960
   -0.23336629
    0.06367505
    0.01595941
    0.06365313
   -0.03535049
   -0.03479279
    0.05660390
   -0.23331313
    0.01124270
    0.01907097
   -0.01465237
   -0.00790099
    0.04454801
    0.29860902
   -0.27343682
   -0.27357839
   -0.00795707
   -0.01471459
    0.05653402
   -0.03487757
   -0.03581934
    0.06358421
   -0.23358351
    0.03127769
    0.02898354
    0.03652496
    0.05421849
    0.05407871
    0.03640191
    0.02924839
    0.03192236
    0.03190515
    0.02920077
    0.03651773
    0.05421723
    0.05406235
    0.03633991
    0.02897458
    0.03128986
    0.37235279
    0.01594355
    0.06366942
   -0.03535014
   -0.03480009
    0.05659573
   -0.23333182
    0.01125362
    0.01910488
   -0.01471348
   -0.00795531
    0.04455589
    0.29864100
   -0.27337657
   -0.27359215
   -0.00786893
   -0.01465649
    0.05650144
   -0.03488850
   -0.03582660
   -0.23356761
    0.06359041
    0.01503829
    0.06351963
   -0.03583545
   -0.03487348
    0.05650521
   -0.23354187
    0.01123280
    0.01906608
   -0.01473064
   -0.00798654
    0.04455388
    0.29861608
   -0.27361713
   -0.27339671
   -0.00787305
   -0.01463425
    0.05662652
   -0.03478957
   -0.03534638
    0.06366896
   -0.23337388
    0.03190239
    0.02922168
    0.03635460
    0.05402537
    0.05424845
    0.03656595
    0.02897311
    0.03128132
    0.03127739
    0.02895957
    0.03632499
    0.05401253
    0.05425458
    0.03651866
    0.02922302
    0.03192055
