    0.23586708
   -0.03489500
    0.05497623
   -0.04623939
   -0.04127838
    0.05375234
   -0.21879865
    0.00533557
    0.05339660
   -0.04043465
   -0.03963736
   -0.21499408
    0.06080924
    0.00849669
    0.06044047
   -0.03987995
   -0.04067049
    0.05324233
    0.00502609
    0.00662164
   -0.02580243
   -0.00282634
   -0.06071116
   -0.03374435
   -0.00238730
   -0.06045879
   -0.02500047
    0.05383621
   -0.04112600
   -0.04604909
    0.05507102
   -0.21918784
   -0.21478740
    0.00679261
   -0.02565581
   -0.00274303
   -0.06079584
   -0.03364282
   -0.00217965
   -0.06044453
   -0.02502172
    0.01157711
    0.01811939
    0.01090027
    0.01241066
    0.01472080
    0.01504359
    0.01259830
    0.01936565
    0.01512522
    0.02128864
    0.01960240
    0.02438299
    0.01829366
    0.01635917
    0.02306751
    0.01986828
    0.01088520
    0.01820491
    0.01918609
    0.01599180
    0.01821180
    0.02158138
    0.02468007
    0.01985351
    0.01713893
    0.02086628
    0.02026019
    0.23587704
   -0.03489623
    0.05497622
   -0.04623937
   -0.04127821
    0.05375182
   -0.21879788
    0.00533551
    0.05339641
   -0.04043509
   -0.03963768
   -0.21499401
    0.06080915
    0.00849637
    0.06044005
   -0.03987999
   -0.04067079
    0.05324237
    0.00502603
    0.00662171
   -0.02580223
   -0.00282618
   -0.06071110
   -0.03374425
   -0.00238731
   -0.06045885
   -0.02500067
    0.05383561
   -0.04112566
   -0.04604902
    0.05507100
   -0.21918699
   -0.21478716
    0.00679269
   -0.02565567
   -0.00274293
   -0.06079576
   -0.03364280
   -0.00217967
   -0.06044462
   -0.02502191
    0.01157755
    0.01811965
    0.01090054
    0.01241057
    0.01472100
    0.01504363
    0.01259863
    0.01936564
    0.01512541
    0.02128871
    0.01960249
    0.02438309
    0.01829367
    0.01635902
    0.02306773
    0.01986851
    0.01088526
    0.01820513
    0.01918590
    0.01599187
    0.01821189
    0.02158152
    0.02468015
    0.01985350
    0.01713898
    0.02086634
    0.02026048
   -0.03386110
   -0.03386091
