           2           3   1.3792789648931185     
           3           4   1.1992077307043467     
           4           5   1.6362481254117283     
           5           6   1.2080811652535686     
           1           7  0.59012188573132263     
           3           7   1.2786545710697181     
           6           7   1.2622183106308278     
           6           8   1.3670825995264364     
           8           9   1.3607980120997534     
           9          10   1.2187066235116324     
          10          11   1.6162715819180871     
           1          12  0.58845012994002721     
           9          12   1.2564006147154672     
          11          13   1.2270756452092155     
          12          13   1.3035763813757393     
          13          14   1.2901148563689047     
          14          15   1.2885970927934722     
          15          16   1.2287282796604040     
          16          17   1.6135711040129352     
          17          18   1.2201361412861118     
          18          19   1.3577351481659969     
          19          20   1.0474071655843200     
          20          21   1.4347668979595103     
          21          22   1.4294707446741706     
          22          23   1.0082228246854692     
          22          24   1.4379533193161336     
          24          25   1.4233287134612074     
          25          26   1.0084943789513017     
          20          27   1.4218012180693023     
          25          27   1.4428923310874349     
          19          28   1.3691425262689296     
          28          29   1.2070653615710596     
          29          30   1.6379083972972350     
           2          31   1.3811718913384192     
          30          31   1.1981941669551759     
           1          32  0.59016692559066686     
          28          32   1.2616157365172345     
          31          32   1.2781910235990777     
           1          33  0.58782299487844913     
          15          33   1.3034651570719797     
          18          33   1.2575695940432436     
           8          34   1.0466391378667259     
          34          35   1.4275178186980830     
          35          36   1.4368108541143003     
          36          37   1.0084166980096565     
          36          38   1.4297888663522051     
          38          39   1.4313427747830469     
          39          40   1.0085920342723194     
          34          41   1.4294642729832119     
          39          41   1.4354047820249574     
           2          42  0.99923886841562204     
           4          43  0.99587817844984838     
           5          44   1.0015277878935298     
          10          45   1.0000432909831731     
          11          46   1.0005355286965598     
          16          47   1.0004666454076574     
          17          48   1.0002934964134282     
          21          49  0.99687826284733283     
          23          50   1.0007661185882226     
          23          51  0.98883354391455036     
          23          52  0.99531406077251383     
          24          53  0.99523833652562677     
          26          54  0.99928722816628335     
          26          55  0.99622818027195215     
          26          56  0.98871724229087121     
          27          57  0.99635629988457386     
          29          58   1.0014938009473398     
          30          59  0.99588291628061698     
          35          60  0.99649343168220839     
          37          61  0.99851868954936385     
          37          62  0.99815493031091496     
          37          63  0.98836615305257047     
          38          64  0.99523362734439513     
          40          65  0.98868120848208763     
          40          66  0.99856978381316419     
          40          67  0.99701884572426003     
          41          68  0.99635433193633816     
          70          71   1.3792792291116063     
          71          72   1.1992083439341090     
          72          73   1.6362472982899747     
          73          74   1.2080819099158542     
          69          75  0.59012557532215226     
          71          75   1.2786543014253537     
          74          75   1.2622143940299242     
          74          76   1.3670857060715051     
          76          77   1.3607946105444881     
          77          78   1.2187092284883234     
          78          79   1.6162676820426360     
          69          80  0.58845117186856599     
          77          80   1.2563998328069492     
          79          81   1.2270790769983557     
          80          81   1.3035726352273853     
          81          82   1.2901139763855118     
          82          83   1.2885971470922817     
          83          84   1.2287312701935598     
          84          85   1.6135669104983570     
          85          86   1.2201389955626685     
          86          87   1.3577326700933756     
          87          88   1.0474070695011501     
          88          89   1.4347659925900862     
          89          90   1.4294706028614927     
          90          91   1.0082228039770857     
          90          92   1.4379536825555619     
          92          93   1.4233286582005551     
          93          94   1.0084943628689078     
          88          95   1.4218024785383918     
          93          95   1.4428922080796514     
          87          96   1.3691458032667105     
          96          97   1.2070659816621980     
          97          98   1.6379083723602761     
          70          99   1.3811704745873745     
          98          99   1.1981946439086761     
          69         100  0.59016856382937977     
          96         100   1.2616121330208299     
          99         100   1.2781921510865646     
          69         101  0.58782571534038575     
          83         101   1.3034615794680151     
          86         101   1.2575681688987859     
          76         102   1.0466395727862163     
         102         103   1.4275166013652465     
         103         104   1.4368106276782060     
         104         105   1.0084166186032555     
         104         106   1.4297892964848669     
         106         107   1.4313423362480453     
         107         108   1.0085921869597632     
         102         109   1.4294651832405569     
         107         109   1.4354049869925853     
          70         110  0.99923925992929530     
          72         111  0.99587803309897238     
          73         112   1.0015278144240374     
          78         113   1.0000432766449323     
          79         114   1.0005357993763029     
          84         115   1.0004667196708441     
          85         116   1.0002937780531111     
          89         117  0.99687849179096888     
          91         118   1.0007660298814929     
          91         119  0.98883350828228955     
          91         120  0.99531402832466043     
          92         121  0.99523825291372903     
          94         122  0.99928723958972054     
          94         123  0.99622836035425943     
          94         124  0.98871708357260901     
          95         125  0.99635589810547354     
          97         126   1.0014938116512830     
          98         127  0.99588275333200516     
         103         128  0.99649374467659080     
         105         129  0.99851869301021712     
         105         130  0.99815489513224021     
         105         131  0.98836615940164174     
         106         132  0.99523361356504003     
         108         133  0.98868115032799142     
         108         134  0.99856977278453951     
         108         135  0.99701877777398140     
         109         136  0.99635399232250987     
          14         137   1.2123415363807433     
          82         138   1.2123414459515958     
         137         138   2.6075352026893244     
