    0.35883433
   -0.03198189
    0.05423700
   -0.04330919
   -0.03798986
    0.05419275
   -0.24146348
    0.00693936
   -0.00446666
   -0.02597777
   -0.04052650
    0.06027352
   -0.25262042
    0.00203300
   -0.03605965
   -0.02472602
    0.05350497
   -0.03733345
   -0.03700013
   -0.23789236
    0.05970428
    0.01225344
    0.05966552
   -0.03707995
   -0.03742783
    0.05351216
   -0.23803125
    0.00694202
   -0.00441877
   -0.02472410
   -0.03603330
    0.06022241
   -0.25269038
    0.00198704
   -0.04049451
   -0.02598845
    0.05421598
   -0.03798507
   -0.04331948
    0.05423639
   -0.24138699
    0.01756754
    0.02360244
    0.01579688
    0.01638946
    0.02129684
    0.16399630
    0.03096522
    0.02443118
    0.03158802
    0.02381407
    0.01685956
    0.01818888
    0.01997069
    0.02000839
    0.01815464
    0.01695162
    0.02383948
    0.16392889
    0.02439633
    0.03155691
    0.03090413
    0.02126401
    0.01637199
    0.01576012
    0.02357681
    0.35868693
   -0.03220760
    0.05421269
   -0.04339510
   -0.03805969
    0.05405098
   -0.24148980
    0.00677375
   -0.00438121
   -0.02595077
   -0.04051642
    0.06012148
   -0.25273770
    0.00193387
   -0.03611024
   -0.02476554
    0.05329808
   -0.03766060
   -0.03731495
   -0.23811910
    0.05952589
    0.01202359
    0.05952309
   -0.03736516
   -0.03767753
    0.05331108
   -0.23812512
    0.00681444
   -0.00440453
   -0.02465725
   -0.03606764
    0.06015861
   -0.25269312
    0.00196594
   -0.04059055
   -0.02601075
    0.05406988
   -0.03806342
   -0.04341108
    0.05421321
   -0.24156519
    0.01746077
    0.02352093
    0.01568013
    0.01642549
    0.02126633
    0.16385922
    0.03066636
    0.02444577
    0.03150256
    0.02373466
    0.01688667
    0.01788193
    0.01969992
    0.01965701
    0.01780997
    0.01696006
    0.02381096
    0.16385791
    0.02450821
    0.03153442
    0.03068842
    0.02120500
    0.01632991
    0.01567490
    0.02350825
   -0.03359376
   -0.02932194
   -0.02961000
   -0.03380157
    0.36057539
    0.00679875
    0.05927680
   -0.03983305
   -0.03760576
    0.05117255
   -0.23927166
    0.00885533
   -0.00366393
   -0.02469080
   -0.04005026
    0.06036863
   -0.25215817
    0.00197031
   -0.03628356
   -0.02423547
    0.05100260
   -0.03799137
   -0.04003383
   -0.23936415
    0.05912066
    0.00667575
    0.05913832
   -0.04004137
   -0.03796602
    0.05099246
   -0.23927519
    0.00889916
   -0.00369049
   -0.02423457
   -0.03634580
    0.06041718
   -0.25208139
    0.00199870
   -0.04008831
   -0.02468699
    0.05113184
   -0.03753883
   -0.03976365
    0.05937505
   -0.23922393
    0.01649847
    0.01511095
    0.01701226
    0.02118727
    0.16390673
    0.02482153
    0.02855543
    0.03093359
    0.02317676
    0.01677670
    0.01540600
    0.01637390
    0.01638781
    0.01545989
    0.01678642
    0.02317944
    0.16404044
    0.02856448
    0.03100190
    0.02486640
    0.02119884
    0.01701534
    0.01509196
    0.01635033
