           2           3   1.3861736003117946     
           3           4   1.1994701305068165     
           4           5   1.6417754772822923     
           5           6   1.2050648165918190     
           1           7  0.56796510874853845     
           3           7   1.2857869400071382     
           6           7   1.2756332470433798     
           6           8   1.3701736146597243     
           8           9   1.3675149632770578     
           9          10   1.2149158916112652     
          10          11   1.6227553811422522     
           1          12  0.56266259947795738     
           9          12   1.2660083411646097     
          11          13   1.2262395436129059     
          12          13   1.3121195750073285     
          13          14   1.2930360186194674     
          14          15   1.2928297549796739     
          15          16   1.2262585540825190     
          16          17   1.6227236179478850     
          17          18   1.2149846663528603     
          18          19   1.3676865487721768     
          19          20   1.0357701018159660     
          20          21   1.3795311169039792     
          21          22   1.1193562094530547     
          22          23  0.98354028591804377     
          21          24   1.3867647639601153     
          24          25   1.4391268375350637     
          25          26   1.4386378816854994     
          20          27   1.3799216277112536     
          26          27   1.3869821633429518     
          27          28   1.1180828978068302     
          28          29  0.98398633199322649     
          19          30   1.3704874100162689     
          30          31   1.2050148017817395     
          31          32   1.6420339941426552     
           2          33   1.3862536670562380     
          32          33   1.1994484116902944     
           1          34  0.56808828882503837     
          30          34   1.2754796413314355     
          33          34   1.2857681220489083     
           1          35  0.56248091387074417     
          15          35   1.3122831976319693     
          18          35   1.2659233186334435     
           8          36   1.0365683068868150     
          36          37   1.3792439966983683     
          37          38   1.1192684949468534     
          38          39  0.98352494825902492     
          37          40   1.3868448205085719     
          40          41   1.4391206021955649     
          41          42   1.4385020047930168     
          36          43   1.3795681384267418     
          42          43   1.3872215254732476     
          43          44   1.1179427967040971     
          44          45  0.98397409989376872     
           2          46  0.99876985930618745     
           4          47  0.99574344059746323     
           5          48   1.0006212201303477     
          10          49  0.99970618339747142     
          11          50   1.0007629200188999     
          16          51   1.0007643205816328     
          17          52  0.99968894676264763     
          23          53  0.99656907679272655     
          23          54  0.98650271970694592     
          23          55  0.99668054283431184     
          24          56  0.98942289620406176     
          25          57  0.98602676877707895     
          26          58  0.98941375974170676     
          29          59  0.98682297421473186     
          29          60  0.99717912502587402     
          29          61  0.99627860303663829     
          31          62   1.0005590634019235     
          32          63  0.99578184803277658     
          39          64  0.98653946051192587     
          39          65  0.99659081606265776     
          39          66  0.99669458419685930     
          40          67  0.98942495514724993     
          41          68  0.98602483872092672     
          42          69  0.98941364234496720     
          45          70  0.99611573356109884     
          45          71  0.98680598782671303     
          45          72  0.99731896555372890     
          74          75   1.3860226121158479     
          75          76   1.1994425753016813     
          76          77   1.6416643234135071     
          77          78   1.2051221897239526     
          73          79  0.56810930652171354     
          75          79   1.2860347012259714     
          78          79   1.2750184349367684     
          78          80   1.3708040638508414     
          80          81   1.3667457418438458     
          81          82   1.2156961024044066     
          82          83   1.6213430759205121     
          73          84  0.56245003865376497     
          81          84   1.2658534024986772     
          83          85   1.2272133632449842     
          84          85   1.3130231151181539     
          85          86   1.2907484391065258     
          86          87   1.2909498305104339     
          87          88   1.2272588708096714     
          88          89   1.6211110457335740     
          89          90   1.2157171753577942     
          90          91   1.3665239656946733     
          91          92   1.0374477914072446     
          92          93   1.3784635506653780     
          93          94   1.1194573154350684     
          94          95  0.98347354124757524     
          93          96   1.3871757379314718     
          96          97   1.4389595017120100     
          97          98   1.4385512344749478     
          92          99   1.3796620156445474     
          98          99   1.3871665136660138     
          99         100   1.1176727309658014     
         100         101  0.98401031825129937     
          91         102   1.3705165776747303     
         102         103   1.2051112353869040     
         103         104   1.6414925417611888     
          74         105   1.3860812097004116     
         104         105   1.1994640477920944     
          73         106  0.56836263266443687     
         102         106   1.2751512946742090     
         105         106   1.2858961178111838     
          73         107  0.56229676023750175     
          87         107   1.3129353733059554     
          90         107   1.2659442396122904     
          80         108   1.0366955508408644     
         108         109   1.3787192334341907     
         109         110   1.1195097212945166     
         110         111  0.98352988904737637     
         109         112   1.3870696474701774     
         112         113   1.4389883474629703     
         113         114   1.4386320212894741     
         108         115   1.3800207223641352     
         114         115   1.3870055610449361     
         115         116   1.1177466223400672     
         116         117  0.98401947497180353     
          74         118  0.99878402839384905     
          76         119  0.99577010637712715     
          77         120   1.0006589947861404     
          82         121  0.99967198749982911     
          83         122   1.0008057762844442     
          88         123   1.0007309843938605     
          89         124  0.99973415461162574     
          95         125  0.99656842027528325     
          95         126  0.98648586903695512     
          95         127  0.99668407213996213     
          96         128  0.98944249034142662     
          97         129  0.98602878388757320     
          98         130  0.98944585198562807     
         101         131  0.98688089165647475     
         101         132  0.99738267919670276     
         101         133  0.99620638555299101     
         103         134   1.0006798219454949     
         104         135  0.99574614466511768     
         111         136  0.98650887568782408     
         111         137  0.99662626414952549     
         111         138  0.99661790615752677     
         112         139  0.98943058778238091     
         113         140  0.98602929252262073     
         114         141  0.98944190102283047     
         117         142  0.99619683397754610     
         117         143  0.98686139440025855     
         117         144  0.99736077521474942     
          14         146   1.2228853903821790     
         145         146   2.4945971632703197     
         145         147   1.3288884111590673     
         146         148  0.17601475466175762     
         147         148   2.4929901965615295     
         149         150   2.4890700201455536     
         149         151   1.3328075890431370     
          86         152   1.2271726024016487     
         150         152  0.17593943718327143     
         151         152   2.4905476732055813     
         148         154   1.2247524028410015     
         154         155   1.2895464866921593     
         155         156   1.2274813389701562     
         156         157   1.6209043722208945     
         157         158   1.2170478190196670     
         153         159  0.56371117800779846     
         155         159   1.3141489621173006     
         158         159   1.2615054126408805     
         158         160   1.3704329213638760     
         160         161   1.3694130545116014     
         161         162   1.2176356799096024     
         162         163   1.6198729884597980     
         153         164  0.56343614938145004     
         161         164   1.2618390694813897     
         163         165   1.2283673548511009     
         164         165   1.3147359285724878     
         150         166   1.2289847274480223     
         165         166   1.2876745755190098     
         166         167   1.2875752134783411     
         167         168   1.2284203422217581     
         168         169   1.6194346254892802     
         169         170   1.2177008829622185     
         170         171   1.3688831864992079     
         171         172   1.0372785536819678     
         172         173   1.3800259301071569     
         173         174   1.1189126261631777     
         174         175  0.98389747222240653     
         173         176   1.3867059637645847     
         176         177   1.4389061536595447     
         177         178   1.4386303481622578     
         172         179   1.3787301424798262     
         178         179   1.3871932112677625     
         179         180   1.1194330958412688     
         180         181  0.98379075818053752     
         171         182   1.3700727243631823     
         182         183   1.2170785732696610     
         183         184   1.6206281124182071     
         154         185   1.2892733590701588     
         184         185   1.2274946284084414     
         153         186  0.56368065273139834     
         182         186   1.2616152549147590     
         185         186   1.3141791765215891     
         153         187  0.56358338235646965     
         167         187   1.3146225364042647     
         170         187   1.2620350124036379     
         160         188   1.0358473228329410     
         188         189   1.3795590608174384     
         189         190   1.1195427494982151     
         190         191  0.98386933203687532     
         189         192   1.3868090522477166     
         192         193   1.4388135497697325     
         193         194   1.4389206413498690     
         188         195   1.3803703543838455     
         194         195   1.3865584795385348     
         195         196   1.1191215162479371     
         196         197  0.98392165205791826     
         156         198   1.0012239978789723     
         157         199   1.0004586646499070     
         162         200   1.0003364832687098     
         163         201   1.0012385033580393     
         168         202   1.0011741265180387     
         169         203   1.0003846865250998     
         175         204  0.99721255906033446     
         175         205  0.98674706195177353     
         175         206  0.99647502181746561     
         176         207  0.98961171434749950     
         177         208  0.98622536569617769     
         178         209  0.98958795332104255     
         181         210  0.98662873788943284     
         181         211  0.99649877656911501     
         181         212  0.99700800770461229     
         183         213   1.0005348621665300     
         184         214   1.0012007984631204     
         191         215  0.99658203973419512     
         191         216  0.98665539072781849     
         191         217  0.99693135241774755     
         192         218  0.98958319876446921     
         193         219  0.98623755438997884     
         194         220  0.98959338204329605     
         197         221  0.99654315357352574     
         197         222  0.99707289325776172     
         197         223  0.98670799902598116     
