           2           3   1.3885952220362410     
           3           4   1.1987296020756633     
           4           5   1.6450092771080160     
           5           6   1.2039171202871688     
           1           7  0.56759847022981902     
           3           7   1.2847189670611352     
           6           7   1.2799535830164612     
           6           8   1.3685813529072326     
           8           9   1.3712545584698663     
           9          10   1.2118317547161395     
          10          11   1.6290486943124294     
           1          12  0.56086340528087186     
           9          12   1.2676797277238447     
          11          13   1.2227941957923598     
          12          13   1.3114506205072172     
          13          14   1.2957489684111134     
          14          15   1.2958473693729138     
          15          16   1.2229908919553807     
          16          17   1.6285057735582218     
          17          18   1.2120200248142552     
          18          19   1.3708068106712101     
          19          20   1.0368175021804249     
          20          21   1.3788612227679413     
          21          22   1.1192591527830895     
          22          23  0.98293761310716277     
          21          24   1.3869861380887638     
          24          25   1.4393543181294386     
          25          26   1.4386594699369848     
          20          27   1.3786650974128338     
          26          27   1.3875051521086268     
          27          28   1.1181731930640495     
          28          29  0.98330860951453070     
          19          30   1.3682035120361378     
          30          31   1.2036794797558816     
          31          32   1.6449952418317666     
           2          33   1.3886935916658651     
          32          33   1.1985468373804555     
           1          34  0.56627095429450303     
          30          34   1.2804821312713370     
          33          34   1.2847875644162985     
           1          35  0.56177925692561992     
          15          35   1.3111740206315758     
          18          35   1.2677377154167531     
           8          36   1.0355769491777798     
          36          37   1.3791464623674643     
          37          38   1.1193582053254705     
          38          39  0.98302513211774567     
          37          40   1.3868874161470377     
          40          41   1.4393080507020330     
          41          42   1.4388941968716111     
          36          43   1.3793466844429330     
          42          43   1.3871436087763078     
          43          44   1.1183596790551973     
          44          45  0.98327290840268566     
           2          46  0.99830398431700063     
           4          47  0.99503782928964757     
           5          48  0.99998062098367591     
          10          49  0.99915014490771703     
          11          50   1.0001647069613027     
          16          51   1.0000748861739086     
          17          52  0.99928657344130500     
          23          53  0.99626399968111545     
          23          54  0.98636591863089185     
          23          55  0.99653163531190569     
          24          56  0.98913569204523422     
          25          57  0.98564162193737193     
          26          58  0.98910148133817732     
          29          59  0.98660046515528221     
          29          60  0.99698977568471248     
          29          61  0.99593694087727469     
          31          62   1.0000020356993919     
          32          63  0.99502126812892955     
          39          64  0.98638241841996377     
          39          65  0.99636680749106410     
          39          66  0.99639335937749873     
          40          67  0.98911461481589302     
          41          68  0.98564636635399094     
          42          69  0.98909499018811864     
          45          70  0.99603533943926115     
          45          71  0.98657088856219255     
          45          72  0.99686665835740551     
          74          75   1.3885885283424071     
          75          76   1.1986901386096385     
          76          77   1.6450619961211812     
          77          78   1.2038922742483791     
          73          79  0.56755945393723828     
          75          79   1.2847978575332968     
          78          79   1.2796376963581539     
          78          80   1.3689708773052081     
          80          81   1.3707584796278249     
          81          82   1.2122478057061838     
          82          83   1.6282583187134547     
          73          84  0.56097201506549887     
          81          84   1.2676733863451217     
          83          85   1.2234612357940835     
          84          85   1.3116278513868231     
          85          86   1.2947252498441690     
          86          87   1.2944177580259582     
          87          88   1.2235371623984683     
          88          89   1.6277069561448168     
          89          90   1.2123795349160276     
          90          91   1.3703294449498056     
          91          92   1.0373409750971148     
          92          93   1.3783054235164245     
          93          94   1.1193187061549186     
          94          95  0.98289159084499722     
          93          96   1.3872650176424135     
          96          97   1.4391950184083138     
          97          98   1.4387234648045251     
          92          99   1.3788349352796678     
          98          99   1.3874174993728767     
          99         100   1.1180129264916328     
         100         101  0.98333653703204216     
          91         102   1.3683075074240378     
         102         103   1.2038047698610161     
         103         104   1.6447591910739008     
          74         105   1.3885577329782051     
         104         105   1.1986341524955313     
          73         106  0.56663490575169106     
         102         106   1.2801897176984522     
         105         106   1.2848106772929091     
          73         107  0.56142854718923374     
          87         107   1.3117358839062361     
          90         107   1.2676168874964107     
          80         108   1.0355012382416129     
         108         109   1.3790415065298478     
         109         110   1.1194815612404330     
         110         111  0.98302799316509148     
         109         112   1.3868909405743683     
         112         113   1.4393266297488290     
         113         114   1.4388698516258123     
         108         115   1.3795486251377660     
         114         115   1.3871086726963187     
         115         116   1.1182497612799034     
         116         117  0.98330677224984420     
          74         118  0.99831551262937490     
          76         119  0.99506633198659233     
          77         120   1.0000132254533922     
          82         121  0.99913671530473902     
          83         122   1.0001639953455157     
          88         123   1.0001133031491733     
          89         124  0.99929309432017566     
          95         125  0.99624204410835115     
          95         126  0.98635087361018092     
          95         127  0.99653296444076145     
          96         128  0.98914183654992283     
          97         129  0.98565249567761526     
          98         130  0.98912537071759787     
         101         131  0.98663346687008058     
         101         132  0.99704177974080943     
         101         133  0.99595120681040505     
         103         134   1.0000623052456425     
         104         135  0.99502996511300013     
         111         136  0.98638466547445769     
         111         137  0.99640911687398404     
         111         138  0.99634119916695085     
         112         139  0.98911273945839728     
         113         140  0.98566011577152723     
         114         141  0.98911608346117619     
         117         142  0.99606193578786006     
         117         143  0.98658564919853953     
         117         144  0.99687875501110867     
         145         146   2.3762405722340190     
         146         147   1.3537623564413177     
          14         148   1.2209640915348916     
         145         148  0.16918513234994398     
         147         148   2.4745469781173752     
         145         149   1.3552256430553482     
         146         150  0.16909141300378824     
         149         150   2.4713985289972356     
         151         152   2.3654273909868726     
         152         153   1.3634305434289447     
         151         154  0.16834752427245919     
         153         154   2.4623383888146604     
         151         155   1.3635003543644326     
         152         156  0.16834488064730366     
         155         156   2.4621894031922453     
         157         158   2.3734410532817320     
         158         159   1.3575665018946885     
         157         160  0.16888404798378870     
         159         160   2.4687704917556834     
         157         161   1.3561248294247117     
          86         162   1.2233496355538622     
         158         162  0.16899789634178319     
         161         162   2.4718758568789507     
         150         164   1.2238010284089664     
         164         165   1.2917066879255199     
         165         166   1.2249346549156674     
         166         167   1.6254998346120157     
         167         168   1.2146778098293571     
         163         169  0.56258643414477227     
         165         169   1.3125577171292535     
         168         169   1.2642867000278779     
         168         170   1.3711596210035855     
         170         171   1.3691621178650348     
         171         172   1.2158803719722837     
         172         173   1.6235892159354133     
         163         174  0.56239685358605884     
         171         174   1.2646256788639427     
         173         175   1.2266865890020935     
         174         175   1.3138512365013293     
         154         176   1.2318604426685980     
         175         176   1.2882238812879698     
         176         177   1.2883703328387184     
         177         178   1.2267478461348906     
         178         179   1.6235886143611571     
         179         180   1.2158878380513627     
         180         181   1.3691753184545752     
         181         182   1.0365992943903259     
         182         183   1.3791418987824673     
         183         184   1.1192135976811681     
         184         185  0.98323340967009620     
         183         186   1.3870259365620277     
         186         187   1.4389770173789482     
         187         188   1.4390544954166380     
         182         189   1.3789496636357368     
         188         189   1.3869977278121410     
         189         190   1.1195647456989519     
         190         191  0.98311292506725112     
         181         192   1.3712577264959676     
         192         193   1.2145336853491986     
         193         194   1.6256604761020861     
         164         195   1.2916947488864881     
         194         195   1.2248042082898558     
         163         196  0.56191723484171630     
         192         196   1.2644334111411362     
         195         196   1.3127113850845415     
         163         197  0.56255152048634594     
         177         197   1.3137270475907044     
         180         197   1.2646447051204117     
         170         198   1.0368239158122754     
         198         199   1.3788429023865005     
         199         200   1.1195795685531411     
         200         201  0.98309346749967208     
         199         202   1.3870268649304016     
         202         203   1.4390726509456160     
         203         204   1.4389758248072058     
         198         205   1.3790376590895026     
         204         205   1.3870667302143325     
         205         206   1.1192059389525972     
         206         207  0.98324180131718664     
         166         208   1.0005367273546903     
         167         209  0.99990869179951791     
         172         210  0.99979528928737182     
         173         211   1.0004547327243198     
         178         212   1.0004712279025572     
         179         213  0.99978829218339271     
         185         214  0.99688559136411714     
         185         215  0.98653634583493144     
         185         216  0.99621209831488311     
         186         217  0.98927906378864394     
         187         218  0.98583472619124568     
         188         219  0.98925168113943307     
         191         220  0.98645899514128088     
         191         221  0.99626413379074308     
         191         222  0.99673653911914328     
         193         223  0.99990834627109237     
         194         224   1.0005411971113110     
         201         225  0.99630757542676329     
         201         226  0.98645561582997521     
         201         227  0.99670971269771091     
         202         228  0.98924989795081664     
         203         229  0.98582596339987150     
         204         230  0.98927188073101824     
         207         231  0.99624172770712627     
         207         232  0.99686017345500055     
         207         233  0.98653449306763441     
         156         235   1.2319846261791514     
         235         236   1.2881603635951002     
         236         237   1.2268150994348612     
         237         238   1.6233988479886343     
         238         239   1.2159364977284981     
         234         240  0.56287300905928339     
         236         240   1.3137441178444871     
         239         240   1.2644289910293292     
         239         241   1.3692106303884464     
         241         242   1.3709977705853686     
         242         243   1.2149999824447906     
         243         244   1.6249143783971154     
         234         245  0.56208980689891597     
         242         245   1.2641442055232079     
         244         246   1.2254112080075648     
         245         246   1.3130816467338378     
         160         247   1.2262401316193048     
         246         247   1.2907161320057379     
         247         248   1.2901453163270409     
         248         249   1.2255079773415947     
         249         250   1.6247242681887573     
         250         251   1.2150717611089659     
         251         252   1.3706987630595286     
         252         253   1.0370343881136610     
         253         254   1.3790160732026402     
         254         255   1.1194619464242104     
         255         256  0.98312372489857536     
         254         257   1.3869678778688312     
         257         258   1.4391014443626604     
         258         259   1.4388943488177861     
         253         260   1.3787415785246677     
         259         260   1.3872013924842175     
         260         261   1.1193101115060602     
         261         262  0.98320220304961947     
         252         263   1.3694843354580517     
         263         264   1.2158590763442860     
         264         265   1.6234928589828050     
         235         266   1.2880291794735088     
         265         266   1.2266750810639713     
         234         267  0.56196606375596836     
         263         267   1.2643957775256487     
         266         267   1.3141293566008807     
         234         268  0.56237381441356671     
         248         268   1.3131231824815857     
         251         268   1.2641701809817447     
         241         269   1.0368918256065873     
         269         270   1.3791328928190965     
         270         271   1.1192905960852835     
         271         272  0.98321731039457672     
         270         273   1.3869501912609856     
         273         274   1.4390712333867968     
         274         275   1.4389352733682657     
         269         276   1.3787218169084272     
         275         276   1.3871586256487021     
         276         277   1.1194857568919305     
         277         278  0.98312802094272755     
         237         279   1.0004644432539758     
         238         280  0.99981869681010549     
         243         281  0.99991127947848646     
         244         282   1.0005209876719667     
         249         283   1.0005703135765687     
         250         284  0.99988132935382978     
         256         285  0.99678994887830596     
         256         286  0.98647179865547929     
         256         287  0.99627138550672789     
         257         288  0.98927276768422534     
         258         289  0.98583606458947026     
         259         290  0.98927271362668767     
         262         291  0.98653089649923575     
         262         292  0.99621727800870807     
         262         293  0.99686754183481086     
         264         294  0.99983379146260165     
         265         295   1.0004744312494049     
         272         296  0.99623847996683523     
         272         297  0.98652681876324988     
         272         298  0.99684588252130280     
         273         299  0.98927675636828460     
         274         300  0.98583772122629421     
         275         301  0.98926058463581690     
         278         302  0.99631049625052737     
         278         303  0.99670966173156073     
         278         304  0.98646423482308276     
