    0.36095623
   -0.03406367
    0.05498668
   -0.04256238
   -0.03850391
    0.05334627
   -0.24152503
    0.00497471
    0.01272958
   -0.00810421
    0.00583505
    0.23319107
   -0.28264739
   -0.33064846
   -0.01864869
   -0.02393088
   -0.01347695
    0.05168398
   -0.04064955
   -0.04109652
   -0.23803937
    0.05967873
    0.00738725
    0.05953355
   -0.04119969
   -0.04081523
    0.05134597
   -0.23826399
    0.00429692
    0.01188246
   -0.01327867
   -0.02302942
   -0.01655206
    0.00556530
    0.23297763
   -0.27910741
   -0.33490011
   -0.01044016
    0.05261913
   -0.03949847
   -0.04314891
    0.05469225
   -0.24182127
    0.01803423
    0.02555156
    0.02020642
    0.03506239
    0.23900144
    0.04174612
    0.03315685
    0.02621221
    0.01867256
    0.02302804
    0.02290677
    0.01887574
    0.02662122
    0.03384687
    0.04064504
    0.23865181
    0.03587263
    0.02044067
    0.02552181
    0.36095550
   -0.03406274
    0.05498611
   -0.04255949
   -0.03850069
    0.05334956
   -0.24152761
    0.00497371
    0.01272594
   -0.00810430
    0.00583251
    0.23319036
   -0.28264817
   -0.33065010
   -0.01865039
   -0.02393217
   -0.01347766
    0.05168725
   -0.04065387
   -0.04109827
   -0.23804114
    0.05967646
    0.00738916
    0.05953481
   -0.04120017
   -0.04081180
    0.05134699
   -0.23826408
    0.00429980
    0.01188311
   -0.01327865
   -0.02302873
   -0.01655260
    0.00556394
    0.23298015
   -0.27909491
   -0.33490795
   -0.01044127
    0.05261635
   -0.03950067
   -0.04315122
    0.05469270
   -0.24181837
    0.01803397
    0.02555441
    0.02020884
    0.03505788
    0.23899935
    0.04174534
    0.03315726
    0.02620765
    0.01866702
    0.02302490
    0.02290617
    0.01887774
    0.02661875
    0.03384673
    0.04064416
    0.23865900
    0.03587613
    0.02043563
    0.02551936
   -0.02754885
   -0.02755013
   -0.03093683
   -0.02729742
   -0.03094139
   -0.02729208
