           2           3   1.3856779253568066     
           3           4   1.1986882684000910     
           4           5   1.6426990434961179     
           5           6   1.2080262425472337     
           1           7  0.56906382311527204     
           3           7   1.2844179925734707     
           6           7   1.2723919620896436     
           6           8   1.3795061114384268     
           8           9   1.0283368093183383     
           9          10   1.4197428073037710     
          10          11   1.0187014776825345     
          10          12   1.4370304708919537     
          12          13   1.4308736486342888     
          13          14   1.0086149931981312     
          13          15   1.4338779320819159     
           9          16   1.4228128557448321     
          15          16   1.4338974944058820     
          16          17   1.0187315792452178     
           8          18   1.3737383563943113     
          18          19   1.2181999352918924     
          19          20   1.6238355399312336     
           1          21  0.56330481701958324     
          18          21   1.2668186186689159     
          20          22   1.2248809754404970     
          21          22   1.3081399595324574     
          22          23   1.3014178648007915     
          23          24   1.3010108913159946     
          24          25   1.2249225446920000     
          25          26   1.6237963390133852     
          26          27   1.2182317949688071     
           1          28  0.56344360361089152     
          24          28   1.3081878824610829     
          27          28   1.2667418305113141     
          27          29   1.3737482100552432     
          29          30   1.0283437714417047     
          30          31   1.4177522510616891     
          31          32   1.0186730521113097     
          31          33   1.4400757537281668     
          33          34   1.4276869700094186     
          34          35   1.0084944157312263     
          34          36   1.4371952367382781     
          30          37   1.4248083124540480     
          36          37   1.4308577032122631     
          37          38   1.0187498332290867     
          29          39   1.3795359553928321     
          39          40   1.2080350753207476     
          40          41   1.6426975073636263     
           2          42   1.3856313607440940     
          41          42   1.1986821140674999     
           1          43  0.56883717431418812     
          39          43   1.2724148035901861     
          42          43   1.2845082855817007     
           2          44  0.99923166750784831     
           4          45  0.99528472538438362     
           5          46   1.0024149446655239     
          11          47  0.99451895545195035     
          11          48  0.99342201026004906     
          11          49  0.99708178302167638     
          12          50  0.99454213025996185     
          14          51  0.99958782845155203     
          14          52  0.98807651084538650     
          14          53  0.99784013413402828     
          15          54  0.99425677684154001     
          17          55  0.99357263834303933     
          17          56  0.99709616455963235     
          17          57  0.99428150599113141     
          19          58   1.0009268894496308     
          20          59  0.99981997829719549     
          25          60  0.99990656009912571     
          26          61   1.0009009055956557     
          32          62  0.99438677407879650     
          32          63  0.99708114216383625     
          32          64  0.99356414687392325     
          33          65  0.99482201762800437     
          35          66  0.99353558953836074     
          35          67   1.0012222530855390     
          35          68  0.99085319321843890     
          36          69  0.99397128284023450     
          38          70  0.99453414984923849     
          38          71  0.99329344462864222     
          38          72  0.99709195780683912     
          40          73   1.0024156680003360     
          41          74  0.99529174620397998     
          76          77   1.3856912233432999     
          77          78   1.1986735297086595     
          78          79   1.6427111234474354     
          79          80   1.2080264003601398     
          75          81  0.56908401497305394     
          77          81   1.2844261562407671     
          80          81   1.2723531413724569     
          80          82   1.3795626104342313     
          82          83   1.0283391389577534     
          83          84   1.4218990147459720     
          84          85   1.0187219274548964     
          84          86   1.4350263641240468     
          86          87   1.4327307693220053     
          87          88   1.0086246716103571     
          87          89   1.4320114959717154     
          83          90   1.4206585655680661     
          89          90   1.4359028848955979     
          90          91   1.0187086148942239     
          82          92   1.3736889387892295     
          92          93   1.2182239720015189     
          93          94   1.6237898601489407     
          75          95  0.56325498682002428     
          92          95   1.2668299607264915     
          94          96   1.2249083859884511     
          95          96   1.3081702527247618     
          96          97   1.3013017982967219     
          97          98   1.3011607107731034     
          98          99   1.2248876323023976     
          99         100   1.6238285035068043     
         100         101   1.2182076436422826     
          75         102  0.56344880065044400     
          98         102   1.3081672248060656     
         101         102   1.2667505554984801     
         101         103   1.3737752382029917     
         103         104   1.0283420817493054     
         104         105   1.4169858928269503     
         105         106   1.0186691722630752     
         105         107   1.4403821892681750     
         107         108   1.4275448532238035     
         108         109   1.0085022153926244     
         108         110   1.4373299414874716     
         104         111   1.4255698233588596     
         110         111   1.4305528897775435     
         111         112   1.0187551464975180     
         103         113   1.3794954548587768     
         113         114   1.2080575839231296     
         114         115   1.6426673824926210     
          76         116   1.3856049310183627     
         115         116   1.1986938604490807     
          75         117  0.56886186752339440     
         113         117   1.2723866021138979     
         116         117   1.2845240779635914     
          76         118  0.99923210877835367     
          78         119  0.99528693061536955     
          79         120   1.0024097184778888     
          85         121  0.99423098857078163     
          85         122  0.99363690111649983     
          85         123  0.99709056598151069     
          86         124  0.99436007423697070     
          88         125  0.99863026037592451     
          88         126  0.98794353104734534     
          88         127  0.99891798462871029     
          89         128  0.99443923546670954     
          91         129  0.99334108217976458     
          91         130  0.99708856693982284     
          91         131  0.99458801672761776     
          93         132   1.0009241816812104     
          94         133  0.99984217184814184     
          99         134  0.99988134130937889     
         100         135   1.0009089644087472     
         106         136  0.99469607670850946     
         106         137  0.99707088604356187     
         106         138  0.99330284866505059     
         107         139  0.99485233457179967     
         109         140  0.99379908675295558     
         109         141   1.0011773369214307     
         109         142  0.99063144839222761     
         110         143  0.99394512540732394     
         112         144  0.99417293062385692     
         112         145  0.99361288094171918     
         112         146  0.99709987571603031     
         114         147   1.0024112656486608     
         115         148  0.99529131387975611     
          23         149   1.2003755891950179     
         149         150   2.6203078977035346     
          97         152   1.2003438500834778     
         151         152   2.6203255633273237     
         150         154   1.2006212793058957     
         154         155   1.2985694264175565     
         155         156   1.2254325971504090     
         156         157   1.6227244363452835     
         157         158   1.2197768350578004     
         153         159  0.56494869760124389     
         155         159   1.3099811758942728     
         158         159   1.2622945970010540     
         158         160   1.3776579537419340     
         160         161   1.0288570959141776     
         161         162   1.4244646984860678     
         162         163   1.0188619269309016     
         162         164   1.4326579384546514     
         164         165   1.4352471713635684     
         165         166   1.0083855006710813     
         165         167   1.4297763242783763     
         161         168   1.4187396035667570     
         167         168   1.4383683986420159     
         168         169   1.0187932605152654     
         160         170   1.3774580147136746     
         170         171   1.2198730399934690     
         171         172   1.6225713478085531     
         153         173  0.56520563570827664     
         170         173   1.2623337668386920     
         172         174   1.2255121701205005     
         173         174   1.3099885705924468     
         151         175   1.2006031266214492     
         174         175   1.2983773891770836     
         175         176   1.2984483674022114     
         176         177   1.2254154029450079     
         177         178   1.6227257833993782     
         178         179   1.2197847689975703     
         153         180  0.56487174705659693     
         176         180   1.3100666227164968     
         179         180   1.2623215431685195     
         179         181   1.3776415984356514     
         181         182   1.0288578950963791     
         182         183   1.4186915427601077     
         183         184   1.0187960093147963     
         183         185   1.4384181633369815     
         185         186   1.4297312117475229     
         186         187   1.0083841253062544     
         186         188   1.4352938599914131     
         182         189   1.4245120750595941     
         188         189   1.4326099616839989     
         189         190   1.0188532902256908     
         181         191   1.3775120315597886     
         191         192   1.2198844637204049     
         192         193   1.6225676709281063     
         154         194   1.2982085563380397     
         193         194   1.2255021632807326     
         153         195  0.56516529494292433     
         191         195   1.2622534306992390     
         194         195   1.3100610781504789     
         156         196   1.0002314895525528     
         157         197   1.0019158778184942     
         163         198  0.99390072344323377     
         163         199  0.99719806551620804     
         163         200  0.99398787509054065     
         164         201  0.99432670432789738     
         166         202  0.98884813428830687     
         166         203  0.99700578023237518     
         166         204   1.0002449301980132     
         167         205  0.99486429814508981     
         169         206  0.99406613471313643     
         169         207  0.99408528743814994     
         169         208  0.99720654255277608     
         171         209   1.0019199099783460     
         172         210   1.0002345000349269     
         177         211   1.0002642095674026     
         178         212   1.0019168675821726     
         184         213  0.99410703941550049     
         184         214  0.99720169152832450     
         184         215  0.99404602091384942     
         185         216  0.99486767763988782     
         187         217   1.0002552090274996     
         187         218  0.98887252903251921     
         187         219  0.99697086504506549     
         188         220  0.99432328622250621     
         190         221  0.99720077368386995     
         190         222  0.99389537007008721     
         190         223  0.99397942883047674     
         192         224   1.0019059971298319     
         193         225   1.0002568302134045     
