           2           3   1.3888741523513379     
           3           4   1.1971835779884201     
           4           5   1.6445542912887863     
           5           6   1.1990385334645735     
           1           7  0.71190599131193288     
           3           7   1.2557506089839283     
           6           7   1.2458716576780318     
           6           8   1.3955821758847164     
           8           9   1.3934122228648724     
           9          10   1.2084457513353537     
          10          11   1.6258681118905289     
           1          12  0.71203619354007697     
           9          12   1.2378637462111985     
          11          13   1.2232729311329855     
          12          13   1.2797584209714314     
          13          14   1.2969996824763956     
          14          15   1.2973850529618678     
          15          16   1.2232721562427287     
          16          17   1.6258600386865774     
          17          18   1.2084670758182661     
           1          19  0.71166250362353090     
          15          19   1.2797347698152459     
          18          19   1.2379942587967925     
          18          20   1.3932487893151104     
          20          21   1.3957050294328399     
          21          22   1.1990100659623117     
          22          23   1.6445850497443448     
           2          24   1.3888577940889788     
          23          24   1.1971612594806109     
           1          25  0.71218178460799142     
          21          25   1.2457151624510883     
          24          25   1.2557493561666733     
           2          26  0.99568093411745462     
           4          27  0.99331111168612785     
           5          28  0.99347511183092330     
           8          29  0.99616719840428336     
          10          30  0.99273661308107508     
          11          31  0.99878877673451150     
          16          32  0.99869272190472169     
          17          33  0.99277220977005032     
          20          34  0.99617611234165360     
          22          35  0.99347643177851985     
          23          36  0.99330796730067294     
          38          39   1.3891922834365180     
          39          40   1.1969901190622425     
          40          41   1.6448328030993893     
          41          42   1.1988248327377378     
          37          43  0.71171488844185171     
          39          43   1.2555972715307759     
          42          43   1.2465375049234513     
          42          44   1.3951116189444459     
          44          45   1.3940560051568871     
          45          46   1.2069198942877102     
          46          47   1.6284890323339618     
          37          48  0.71219834228150958     
          45          48   1.2385940443091128     
          47          49   1.2212670589489882     
          48          49   1.2776159802790052     
          49          50   1.3020512917170206     
          50          51   1.3024545681874993     
          51          52   1.2212425188496541     
          52          53   1.6284410049398601     
          53          54   1.2070078939051714     
          37          55  0.71182546008843217     
          51          55   1.2777511444875547     
          54          55   1.2385974546684795     
          54          56   1.3939291557163589     
          56          57   1.3952341874498360     
          57          58   1.1987767455841729     
          58          59   1.6448500117953317     
          38          60   1.3890932335079722     
          59          60   1.1970010032115068     
          37          61  0.71200038209243155     
          57          61   1.2463841352788332     
          60          61   1.2556283148793843     
          38          62  0.99560423998177994     
          40          63  0.99319050831197353     
          41          64  0.99333908410809502     
          44          65  0.99601587119744939     
          46          66  0.99257526907523075     
          47          67  0.99833722194210428     
          52          68  0.99826795046541839     
          53          69  0.99261818680698732     
          56          70  0.99602787529160897     
          58          71  0.99334200315229038     
          59          72  0.99318652724288581     
          14          74   1.2181976544594093     
          73          74   2.5006346725799466     
          73          75   1.3277389480741635     
          74          76  0.17939264187089798     
          75          76   2.4988458876038142     
          77          78   2.4964825199076617     
          77          79   1.3299724469323457     
          78          80  0.17891682673425807     
          79          80   2.4967305065813155     
          81          82   2.5086505579484677     
          81          83   1.3179936918969457     
          50          84   1.2081090573949309     
          82          84  0.17921841063165528     
          83          84   2.5106215426946163     
          76          86   1.2206034838565318     
          86          87   1.2932919663161966     
          87          88   1.2242455286975971     
          88          89   1.6242291334805925     
          89          90   1.2103264300487953     
          85          91  0.70872868125938016     
          87          91   1.2832858828961857     
          90          91   1.2343024667853655     
          90          92   1.3959050437887608     
          92          93   1.3947597169466592     
          93          94   1.2107343274554321     
          94          95   1.6237774623652144     
          85          96  0.70938214960429358     
          93          96   1.2347779073415346     
          95          97   1.2247855877296316     
          96          97   1.2831109789583242     
          78          98   1.2222930837745098     
          97          98   1.2928416661080355     
          98          99   1.2929306538381344     
          99         100   1.2247355484956606     
         100         101   1.6238026953775295     
         101         102   1.2107286965212225     
          85         103  0.70936588343882001     
          99         103   1.2831703997597299     
         102         103   1.2347623894404807     
         102         104   1.3947720028936483     
         104         105   1.3958874680779576     
         105         106   1.2103594529993726     
         106         107   1.6241848075528833     
          86         108   1.2931606909986726     
         107         108   1.2242391314825405     
          85         109  0.70891680556618941     
         105         109   1.2343068071231602     
         108         109   1.2832202279473879     
          88         110  0.99922219701424209     
          89         111  0.99348485378341367     
          92         112  0.99668580106325455     
          94         113  0.99336556859842595     
          95         114  0.99913348504225408     
         100         115  0.99908773192989009     
         101         116  0.99337081144350137     
         104         117  0.99668613258610705     
         106         118  0.99346877499079767     
         107         119  0.99922644359335833     
          80         121   1.2219567348310318     
         121         122   1.2934136993795884     
         122         123   1.2246239385098632     
         123         124   1.6240548383261741     
         124         125   1.2105022578500821     
         120         126  0.70956080960665524     
         122         126   1.2826249035954163     
         125         126   1.2354501191212712     
         125         127   1.3942462263524424     
         127         128   1.3963755462767720     
         128         129   1.2090148989834359     
         129         130   1.6265322162766895     
         120         131  0.70924594815566699     
         128         131   1.2349101778233371     
         130         132   1.2223311249768956     
         131         132   1.2809027564808826     
          82         133   1.2104011017921135     
         132         133   1.2981251205731923     
         133         134   1.2983320918550652     
         134         135   1.2223985541347953     
         135         136   1.6265581224092842     
         136         137   1.2089437090423267     
         120         138  0.70902945945369478     
         134         138   1.2807520723206827     
         137         138   1.2350881743856210     
         137         139   1.3963101128608257     
         139         140   1.3942657062893262     
         140         141   1.2104720732832686     
         141         142   1.6240996090166422     
         121         143   1.2936269434864913     
         142         143   1.2245531042139057     
         120         144  0.70954625370368463     
         140         144   1.2354553388591192     
         143         144   1.2825954498641812     
         123         145  0.99906732338686077     
         124         146  0.99327195837667204     
         127         147  0.99657401785136601     
         129         148  0.99338192158244099     
         130         149  0.99886502087157381     
         135         150  0.99888763529939928     
         136         151  0.99339559697993940     
         139         152  0.99657821556038251     
         141         153  0.99327726612875111     
         142         154  0.99901845388849908     
