    0.27136607
   -0.02464145
    0.05890200
   -0.03832879
   -0.03381590
    0.06157228
   -0.20809512
    0.01729420
    0.00288972
    0.00204017
   -0.05670251
   -0.03205048
   -0.00405461
   -0.06230226
   -0.03198441
    0.00205794
   -0.05669772
    0.06130731
   -0.03343081
   -0.03507835
   -0.20499251
    0.06364063
    0.01639574
    0.06361414
   -0.03510878
   -0.03343934
    0.06129665
   -0.20502080
    0.01726797
    0.00290664
    0.00215421
   -0.05663544
   -0.03201952
   -0.00407036
   -0.06232615
   -0.03200803
    0.00193833
   -0.05677172
    0.06155426
   -0.03385804
   -0.03835091
    0.05888029
   -0.20808337
    0.02302809
    0.02768493
    0.01924152
    0.01216642
    0.01303716
    0.01532804
    0.03058787
    0.01968536
    0.02519870
    0.01982541
    0.03066523
    0.01414930
    0.01540020
    0.01122553
    0.02079474
    0.02490844
    0.02489236
    0.02067292
    0.01130863
    0.01538328
    0.01404328
    0.03088488
    0.02277585
    0.01909698
    0.02266616
    0.03034361
    0.01218548
    0.01306183
    0.01531398
    0.01933820
    0.02768237
    0.27199710
   -0.02451287
    0.05891103
   -0.03824709
   -0.03375512
    0.06157637
   -0.20794618
    0.01733323
    0.00283767
    0.00200140
   -0.05670567
   -0.03206181
   -0.00401896
   -0.06230370
   -0.03194704
    0.00209189
   -0.05671145
    0.06136398
   -0.03330957
   -0.03495080
   -0.20486123
    0.06368900
    0.01655272
    0.06364755
   -0.03501752
   -0.03333263
    0.06133347
   -0.20489417
    0.01729902
    0.00285914
    0.00216510
   -0.05664525
   -0.03199061
   -0.00404220
   -0.06232862
   -0.03202421
    0.00191146
   -0.05678694
    0.06157181
   -0.03381379
   -0.03826877
    0.05887706
   -0.20792827
    0.02325157
    0.02779820
    0.01929415
    0.01242927
    0.01283284
    0.01541196
    0.03054510
    0.01995435
    0.02525198
    0.01966112
    0.03085323
    0.01434310
    0.01547164
    0.01108792
    0.02088087
    0.02504315
    0.02498813
    0.02073916
    0.01121682
    0.01547078
    0.01416412
    0.03099595
    0.02265804
    0.01918758
    0.02284137
    0.03036664
    0.01236331
    0.01296665
    0.01536353
    0.01940815
    0.02779075
   -0.02169258
   -0.02404417
   -0.02574306
   -0.01960177
   -0.02529348
   -0.02339932
   -0.02513763
   -0.02352732
   -0.02565353
   -0.01929220
   -0.02140919
   -0.02390467
    0.26958022
    0.01173390
    0.06284609
   -0.03778717
   -0.03421426
    0.05942013
   -0.20611350
    0.01896009
    0.00366125
    0.00245918
   -0.05621798
   -0.03200514
   -0.00428102
   -0.06219222
   -0.03208743
    0.00237899
   -0.05632036
    0.05943405
   -0.03429765
   -0.03702216
   -0.20539155
    0.06303242
    0.01333248
    0.06304150
   -0.03703227
   -0.03429675
    0.05944394
   -0.20542818
    0.01897587
    0.00365322
    0.00241508
   -0.05626509
   -0.03206396
   -0.00428238
   -0.06219423
   -0.03202877
    0.00242821
   -0.05625329
    0.05942031
   -0.03418437
   -0.03778880
    0.06288159
   -0.20611152
    0.02121865
    0.01802845
    0.01355649
    0.01466605
    0.01154965
    0.02984365
    0.02380881
    0.01955186
    0.01924521
    0.02982786
    0.01292374
    0.01200665
    0.01460083
    0.01841597
    0.02247040
    0.02243135
    0.01840902
    0.01301973
    0.01455803
    0.01188190
    0.02980886
    0.01936995
    0.02381433
    0.01941158
    0.02986713
    0.01471322
    0.01145929
    0.01363221
    0.01800218
    0.02117310
    0.26914660
    0.01355662
    0.06312931
   -0.03694000
   -0.03425733
    0.05963883
   -0.20546746
    0.01894282
    0.00366500
    0.00241027
   -0.05625079
   -0.03202776
   -0.00426703
   -0.06219517
   -0.03202291
    0.00241343
   -0.05632023
    0.05957178
   -0.03416358
   -0.03779432
   -0.20637720
    0.06292726
    0.01163586
    0.06293765
   -0.03778147
   -0.03417538
    0.05958247
   -0.20633358
    0.01896211
    0.00367815
    0.00245386
   -0.05626403
   -0.03202026
   -0.00426171
   -0.06219683
   -0.03202842
    0.00238175
   -0.05631620
    0.05962414
   -0.03424430
   -0.03693605
    0.06314907
   -0.20549023
    0.02257038
    0.01843552
    0.01284314
    0.01466224
    0.01214440
    0.02975225
    0.02327700
    0.02003138
    0.01932330
    0.02994925
    0.01347710
    0.01164281
    0.01466235
    0.01826649
    0.02120561
    0.02117247
    0.01827905
    0.01337222
    0.01468697
    0.01170316
    0.02990876
    0.01938627
    0.02330137
    0.01994785
    0.02978887
    0.01462136
    0.01223579
    0.01280100
    0.01843773
    0.02259711
