   -0.01517568
    0.06293910
   -0.03229179
   -0.03194576
    0.06760980
   -0.15525307
    0.01918223
   -0.01915153
   -0.02603898
    0.02930718
   -0.01720372
    0.05400434
   -0.25700348
    0.05460546
   -0.01598753
    0.06435429
   -0.03661669
   -0.03621562
   -0.28313229
    0.06564376
    0.02264834
    0.06706162
   -0.03139210
   -0.03191699
    0.06636662
   -0.15405648
    0.01863820
   -0.01941237
   -0.02628470
    0.02916714
   -0.01685624
    0.05427311
   -0.25731139
    0.05410463
   -0.01661537
    0.06594953
   -0.03671677
   -0.03724352
    0.06033043
   -0.28444269
    0.03419816
    0.04398256
    0.03831833
    0.16792460
    0.03604166
    0.03420564
    0.03533469
    0.03809448
    0.02831057
    0.02883457
    0.03888131
    0.03827625
    0.16658252
    0.03721036
    0.03485757
    0.03427470
    0.03657294
    0.02839096
    0.03404478
   -0.01541290
    0.06296786
   -0.03241545
   -0.03197540
    0.06745350
   -0.15527839
    0.01936276
   -0.01903514
   -0.02595298
    0.02935014
   -0.01718440
    0.05403158
   -0.25695087
    0.05462771
   -0.01592041
    0.06419865
   -0.03664653
   -0.03628238
   -0.28310288
    0.06578500
    0.02245786
    0.06699958
   -0.03154389
   -0.03201554
    0.06618647
   -0.15408377
    0.01867098
   -0.01936847
   -0.02630061
    0.02918152
   -0.01685528
    0.05426837
   -0.25734904
    0.05408733
   -0.01660661
    0.06589377
   -0.03670277
   -0.03728982
    0.06035526
   -0.28454720
    0.03405884
    0.04387779
    0.03824103
    0.16791057
    0.03608471
    0.03421118
    0.03537715
    0.03810987
    0.02822815
    0.02879760
    0.03877545
    0.03816584
    0.16652441
    0.03722820
    0.03483062
    0.03422980
    0.03652857
    0.02833273
    0.03396177
   -0.01043731
   -0.01229927
   -0.01477904
   -0.01359482
   -0.01646901
   -0.01184330
   -0.01215105
   -0.01315765
   -0.01603106
   -0.01457256
   -0.01695795
   -0.01353870
   -0.01262628
   -0.01267653
   -0.01652829
   -0.01407169
   -0.01651808
   -0.01395665
   -0.01254830
   -0.01253746
   -0.01644512
   -0.01390210
   -0.01643224
   -0.01390991
   -0.01264590
   -0.01262607
   -0.01649616
   -0.01395383
   -0.01653385
   -0.01404084
   -0.01311163
   -0.01227349
   -0.01691056
   -0.01363601
   -0.01616138
   -0.01451715
   -0.01259066
   -0.01076898
   -0.01667055
   -0.01216484
   -0.01504405
   -0.01392898
    0.02038082
    0.06671886
   -0.03321970
   -0.03247116
    0.06503474
   -0.15350212
    0.02180330
   -0.01801073
   -0.02500552
    0.02961992
   -0.01577187
    0.05462995
   -0.25683555
    0.05423426
   -0.01664780
    0.06340435
   -0.03683514
   -0.03698659
   -0.28256443
    0.06589010
    0.02158095
    0.06677624
   -0.03278538
   -0.03258024
    0.06497947
   -0.15329868
    0.02131728
   -0.01826179
   -0.02526959
    0.02952184
   -0.01606728
    0.05434564
   -0.25704278
    0.05436868
   -0.01655726
    0.06380433
   -0.03671791
   -0.03727149
    0.06542615
   -0.28314965
    0.03729842
    0.03717736
    0.16691492
    0.03798992
    0.03516948
    0.03446084
    0.03676199
    0.02762816
    0.02819074
    0.03812618
    0.03733395
    0.16669287
    0.03727165
    0.03453494
    0.03483127
    0.03723639
    0.02755220
    0.02751952
    0.02044647
    0.06668913
   -0.03340351
   -0.03269470
    0.06459518
   -0.15342661
    0.02191057
   -0.01791937
   -0.02505481
    0.02963522
   -0.01584939
    0.05452819
   -0.25697007
    0.05426744
   -0.01657088
    0.06317711
   -0.03695066
   -0.03731194
   -0.28277458
    0.06572833
    0.02089700
    0.06679274
   -0.03312856
   -0.03261257
    0.06465007
   -0.15337363
    0.02187086
   -0.01794377
   -0.02506488
    0.02963394
   -0.01589598
    0.05443952
   -0.25696772
    0.05435885
   -0.01652271
    0.06319806
   -0.03697158
   -0.03750234
    0.06564140
   -0.28287141
    0.03737788
    0.03692978
    0.16669295
    0.03772579
    0.03488284
    0.03449308
    0.03687443
    0.02733638
    0.02773886
    0.03774162
    0.03708287
    0.16667213
    0.03743542
    0.03467113
    0.03470239
    0.03714902
    0.02723800
    0.02743443
    0.02096747
    0.06683143
   -0.03305659
   -0.03250780
    0.06477852
   -0.15334478
    0.02197717
   -0.01792090
   -0.02494131
    0.02964856
   -0.01583952
    0.05453087
   -0.25688293
    0.05434430
   -0.01650711
    0.06326789
   -0.03689918
   -0.03728861
   -0.28269650
    0.06572926
    0.02098076
    0.06688416
   -0.03300660
   -0.03246516
    0.06478548
   -0.15333950
    0.02200634
   -0.01790940
   -0.02491837
    0.02965423
   -0.01582804
    0.05452016
   -0.25686552
    0.05437009
   -0.01649767
    0.06325614
   -0.03691994
   -0.03732637
    0.06570457
   -0.28267302
    0.03774367
    0.03716135
    0.16674699
    0.03766898
    0.03487480
    0.03465004
    0.03703622
    0.02740933
    0.02775942
    0.03782007
    0.03720911
    0.16675516
    0.03761295
    0.03483772
    0.03470971
    0.03710873
    0.02738239
    0.02770076
    0.02100017
    0.06688972
   -0.03299234
   -0.03245819
    0.06479417
   -0.15333697
    0.02201022
   -0.01791101
   -0.02491136
    0.02965569
   -0.01582599
    0.05451958
   -0.25685942
    0.05437488
   -0.01649747
    0.06326443
   -0.03690878
   -0.03731584
   -0.28267594
    0.06570470
    0.02098928
    0.06684590
   -0.03303605
   -0.03249522
    0.06478974
   -0.15333004
    0.02198632
   -0.01792043
   -0.02492909
    0.02964820
   -0.01583558
    0.05453426
   -0.25687111
    0.05435126
   -0.01650336
    0.06327503
   -0.03689684
   -0.03728305
    0.06573437
   -0.28267970
    0.03783027
    0.03721829
    0.16675745
    0.03761566
    0.03484871
    0.03470734
    0.03711416
    0.02739618
    0.02771941
    0.03775953
    0.03717745
    0.16674879
    0.03767386
    0.03487673
    0.03466603
    0.03704265
    0.02741986
    0.02776754
    0.02088246
    0.06681385
   -0.03311627
   -0.03258951
    0.06465275
   -0.15338335
    0.02188657
   -0.01793640
   -0.02505316
    0.02963821
   -0.01588778
    0.05444901
   -0.25696703
    0.05435398
   -0.01652065
    0.06319833
   -0.03697511
   -0.03748825
   -0.28284225
    0.06563145
    0.02052201
    0.06670572
   -0.03336402
   -0.03268287
    0.06461392
   -0.15340765
    0.02191431
   -0.01791993
   -0.02505018
    0.02963618
   -0.01585309
    0.05452105
   -0.25696602
    0.05427921
   -0.01656211
    0.06317970
   -0.03694323
   -0.03731468
    0.06573257
   -0.28277454
    0.03773877
    0.03709278
    0.16667908
    0.03745325
    0.03468969
    0.03469234
    0.03714436
    0.02724615
    0.02746358
    0.03741505
    0.03694482
    0.16669505
    0.03771301
    0.03487816
    0.03450632
    0.03689166
    0.02734047
    0.02774163
    0.02141619
    0.06677274
   -0.03288407
   -0.03262351
    0.06486471
   -0.15331959
    0.02140045
   -0.01820010
   -0.02525518
    0.02954053
   -0.01604077
    0.05434191
   -0.25706682
    0.05436017
   -0.01655954
    0.06367281
   -0.03678348
   -0.03734764
   -0.28313450
    0.06547140
    0.02029139
    0.06666900
   -0.03332644
   -0.03255989
    0.06490266
   -0.15351911
    0.02179440
   -0.01799803
   -0.02504748
    0.02961697
   -0.01578413
    0.05460708
   -0.25688829
    0.05422100
   -0.01665673
    0.06334623
   -0.03686885
   -0.03706056
    0.06584945
   -0.28262060
    0.03802379
    0.03724929
    0.16667228
    0.03726527
    0.03452123
    0.03479994
    0.03722934
    0.02744968
    0.02745533
    0.03723423
    0.03708010
    0.16686028
    0.03792620
    0.03511712
    0.03441836
    0.03676358
    0.02755338
    0.02809624
