           2           3   1.3809540104148739     
           3           4   1.1984770088983134     
           4           5   1.6380130550714154     
           5           6   1.2079461772581790     
           1           7  0.59461478873437579     
           3           7   1.2767865652594279     
           6           7   1.2605266504795674     
           6           8   1.3693121645755264     
           8           9   1.0473839530516691     
           9          10   1.4161226709507564     
          10          11   1.3931393878977052     
          11          12   1.1204410277196739     
          11          13   1.3599061174874665     
          13          14   1.0844757305882067     
          13          15   1.3704145435950588     
          15          16   1.0905203318220684     
           9          17   1.4088022335336765     
          15          17   1.4006612401810461     
           8          18   1.3577536243343924     
          18          19   1.2226390333009920     
          19          20   1.6103735375104571     
           1          21  0.59197555504280486     
          18          21   1.2537702411248117     
          20          22   1.2315504883482058     
          21          22   1.3050124245472636     
          22          23   1.2777829847020916     
          23          24   1.2787862498196689     
          24          25   1.2301931703114566     
          25          26   1.6127115897751207     
          26          27   1.2215365165734928     
           1          28  0.59126049057891794     
          24          28   1.3052927443011730     
          27          28   1.2529757358665019     
          27          29   1.3602320515455084     
          29          30   1.0460526487090642     
          30          31   1.4169717987486248     
          31          32   1.3931164173286461     
          32          33   1.1212956323996865     
          32          34   1.3595210230379207     
          34          35   1.0842222757211255     
          34          36   1.3711383216161903     
          36          37   1.0893802677889846     
          30          38   1.4092458034964555     
          36          38   1.4001869811928596     
          29          39   1.3677965601516777     
          39          40   1.2089934339091393     
          40          41   1.6357412787249821     
           2          42   1.3795275563199452     
          41          42   1.1997114614396707     
           1          43  0.59497206686334903     
          39          43   1.2608319187422523     
          42          43   1.2770956110590876     
           2          44  0.99892352789578076     
           4          45  0.99546490393598719     
           5          46   1.0015771358580094     
          10          47  0.99431489890848446     
          12          48  0.96622473492853456     
          14          49  0.96344766916518254     
          16          50  0.96371033364119474     
          17          51  0.99264503999544251     
          19          52   1.0005501569224255     
          20          53   1.0006936856406963     
          25          54   1.0008318991798419     
          26          55   1.0006195829075233     
          31          56  0.99406234437181151     
          33          57  0.96605057382269877     
          35          58  0.96373130308312693     
          37          59  0.96436918534706562     
          38          60  0.99270540368486870     
          40          61   1.0017082134039279     
          41          62  0.99549194863639856     
          64          65   1.3810337321281345     
          65          66   1.1985261569305434     
          66          67   1.6379726197082465     
          67          68   1.2079670648080114     
          63          69  0.59470756579362327     
          65          69   1.2766766688850890     
          68          69   1.2606783532266954     
          68          70   1.3689632866763961     
          70          71   1.0485873597751767     
          71          72   1.4155133327395899     
          72          73   1.3933891689148270     
          73          74   1.1203595110165423     
          73          75   1.3597902228344614     
          75          76   1.0846005055900583     
          75          77   1.3702799395541905     
          77          78   1.0905013379773887     
          71          79   1.4082782401975606     
          77          79   1.4009104714950520     
          70          80   1.3571861850754188     
          80          81   1.2227436628558843     
          81          82   1.6101798232947984     
          63          83  0.59175504176745264     
          80          83   1.2540480541544823     
          82          84   1.2317408550734545     
          83          84   1.3048830520858603     
          84          85   1.2776599343490134     
          85          86   1.2790070430464653     
          86          87   1.2301532348044844     
          87          88   1.6127666981435820     
          88          89   1.2215147868896918     
          63          90  0.59130473961458063     
          86          90   1.3052147216772239     
          89          90   1.2530766465979493     
          89          91   1.3599368133821943     
          91          92   1.0470165280987171     
          92          93   1.4164945823296742     
          93          94   1.3933512296295270     
          94          95   1.1212560007016783     
          94          96   1.3593849264586022     
          96          97   1.0842968495170922     
          96          98   1.3710577000488218     
          98          99   1.0893794186978381     
          92         100   1.4088077918360566     
          98         100   1.4003458046088704     
          91         101   1.3673518188193337     
         101         102   1.2090613441444045     
         102         103   1.6355931430326598     
          64         104   1.3794804411367283     
         103         104   1.1998268160281160     
          63         105  0.59477250750980559     
         101         105   1.2610506939328843     
         104         105   1.2770655448506161     
          64         106  0.99892329556593717     
          66         107  0.99545197413803987     
          67         108   1.0014958263944698     
          72         109  0.99437950711365730     
          74         110  0.96624631932836336     
          76         111  0.96343061406929831     
          78         112  0.96370956705073318     
          79         113  0.99269968902475181     
          81         114   1.0004800076206273     
          82         115   1.0007382093205930     
          87         116   1.0007832400984482     
          88         117   1.0005559984299452     
          93         118  0.99410356015753654     
          95         119  0.96606148972294548     
          97         120  0.96372209536882703     
          99         121  0.96438154507683815     
         100         122  0.99276531299099868     
         102         123   1.0016355424194521     
         103         124  0.99548337741247717     
          23         126   1.2390687521616621     
         125         126   2.4757218695143699     
         125         127   1.3428735243953966     
          85         128   1.2389928028028463     
         126         128  0.17246910012700703     
         127         128   2.4758537237321412     
