           2           3   1.3950785624729429     
           3           4   1.1982090899042610     
           4           5   1.6405847600226269     
           5           6   1.2060130543854994     
           1           7  0.71974590398775562     
           3           7   1.2431385303885378     
           6           7   1.2506916258697152     
           6           8   1.3616918501056832     
           8           9   1.0413209608899745     
           9          10   1.4256834718904798     
          10          11   1.4427325672823330     
          11          12   1.3975898839728729     
          12          13   1.1172802272519236     
          12          14   1.3876747510740022     
           9          15   1.4170855726866867     
          14          15   1.4529227784095300     
           8          16   1.3736414419678167     
          16          17   1.2085590040516818     
          17          18   1.6307856546975394     
           1          19  0.71741687397221188     
          16          19   1.2353294848164333     
          18          20   1.2199600766427341     
          19          20   1.2710764230842968     
          20          21   1.3044183977059904     
          21          22   1.3076199699078188     
          22          23   1.2196194266633871     
          23          24   1.6287489179788555     
          24          25   1.2108631775386935     
           1          26  0.71643423954345520     
          22          26   1.2666400514169500     
          25          26   1.2400120146233982     
          25          27   1.3677260315207358     
          27          28   1.0508295759153128     
          28          29   1.4128226616362902     
          29          30   1.4551615728970453     
          30          31   1.3864768002285914     
          31          32   1.1185143203154482     
          31          33   1.3962148721154999     
          28          34   1.4211336064656126     
          33          34   1.4450315407589625     
          27          35   1.3616685566916731     
          35          36   1.2060669918128017     
          36          37   1.6378678917604053     
           2          38   1.3879791585805048     
          37          38   1.2007089692960169     
           1          39  0.71933009998801078     
          35          39   1.2477383027183906     
          38          39   1.2470939812794004     
           2          40  0.99882976170096527     
           4          41  0.99598473991571201     
           5          42   1.0013517910616867     
          10          43  0.99110998321464450     
          11          44  0.98294286557163268     
          13          45  0.96763309721603619     
          14          46  0.98431295464493995     
          15          47  0.99156158858878374     
          17          48   1.0006788357554814     
          18          49   1.0002753263954043     
          23          50   1.0005103312595764     
          24          51   1.0002708579863071     
          29          52  0.99148254685354675     
          30          53  0.98395908070980387     
          32          54  0.96751958351230116     
          33          55  0.98275620344228554     
          34          56  0.99143740970643146     
          36          57   1.0011826017624135     
          37          58  0.99577650820651276     
          60          61   1.3952034868856333     
          61          62   1.1981885347551795     
          62          63   1.6406374899022229     
          63          64   1.2059626824322356     
          59          65  0.72011753146691027     
          61          65   1.2429514717026537     
          64          65   1.2505323813487847     
          64          66   1.3617654290068109     
          66          67   1.0413166028864858     
          67          68   1.4256597183420296     
          68          69   1.4427519489598211     
          69          70   1.3975742743466739     
          70          71   1.1172805476583028     
          70          72   1.3876848460112554     
          67          73   1.4171158070797396     
          72          73   1.4528966493273543     
          66          74   1.3734984256791085     
          74          75   1.2086212380878585     
          75          76   1.6306806091427453     
          59          77  0.71727399660116009     
          74          77   1.2352738330109418     
          76          78   1.2200760545883338     
          77          78   1.2710923507891163     
          78          79   1.3041763980712906     
          79          80   1.3077330651826404     
          80          81   1.2195298158802228     
          81          82   1.6288126024372502     
          82          83   1.2108171200504889     
          59          84  0.71676874430857285     
          80          84   1.2665806181271058     
          83          84   1.2398851513772444     
          83          85   1.3677671546893115     
          85          86   1.0511526607803019     
          86          87   1.4126433446081068     
          87          88   1.4552616988592577     
          88          89   1.3864097686271204     
          89          90   1.1185552350156167     
          89          91   1.3961831094360644     
          86          92   1.4210071623191267     
          91          92   1.4450829543203865     
          85          93   1.3613245837722443     
          93          94   1.2061879598599532     
          94          95   1.6377144973473190     
          60          96   1.3878310335773407     
          95          96   1.2008095207922327     
          59          97  0.71927144025600132     
          93          97   1.2478347582486491     
          96          97   1.2470125674056403     
          60          98  0.99882821516871301     
          62          99  0.99598930790088047     
          63         100   1.0013545370352888     
          68         101  0.99110828412674590     
          69         102  0.98294327094314704     
          71         103  0.96762991958811184     
          72         104  0.98431720315044202     
          73         105  0.99156540147611172     
          75         106   1.0006814723753568     
          76         107   1.0003026712127308     
          81         108   1.0004808480740000     
          82         109   1.0002603148238451     
          87         110  0.99149116686032890     
          88         111  0.98395650216697439     
          90         112  0.96751001004833825     
          91         113  0.98275528546956092     
          92         114  0.99144854060157472     
          94         115   1.0011735204186645     
          95         116  0.99578422563915225     
          21         118   1.2076236847692423     
         117         118   2.5198022707627632     
         117         119   1.3178157537831552     
          79         120   1.2076980537739450     
         118         120  0.18724298101530393     
         119         120   2.5197539260735704     
