    0.28048445
   -0.02863103
    0.05746898
   -0.04140082
   -0.03726387
    0.05710293
   -0.21450737
    0.00826846
    0.05615131
   -0.03761113
   -0.03875448
   -0.21084154
    0.06258217
    0.01291464
    0.06253854
   -0.03880039
   -0.03763356
    0.05617700
    0.00824411
    0.00536911
   -0.02617846
   -0.00165628
   -0.06101896
   -0.03205673
   -0.00133179
   -0.06088583
   -0.02558859
    0.05709678
   -0.03731769
   -0.04143820
    0.05746011
   -0.21451832
   -0.21087256
    0.00540569
   -0.02611034
   -0.00162725
   -0.06109045
   -0.03200377
   -0.00122607
   -0.06088964
   -0.02559926
    0.01980157
    0.02582511
    0.01766785
    0.01845010
    0.02398795
    0.02388250
    0.01856162
    0.02134893
    0.01817938
    0.02392134
    0.02152463
    0.02836034
    0.01988513
    0.01997809
    0.02511630
    0.02196722
    0.01758016
    0.02578663
    0.02115826
    0.01954242
    0.01994477
    0.02394668
    0.02852944
    0.02287260
    0.01977396
    0.02240365
    0.02217425
    0.26337456
   -0.02548651
    0.05789906
   -0.04042533
   -0.03691337
    0.05854557
   -0.21486394
    0.00902491
    0.05783137
   -0.03654508
   -0.03749380
   -0.21193782
    0.06351148
    0.01527806
    0.06331916
   -0.03762569
   -0.03665135
    0.05782435
    0.00892946
    0.00523902
   -0.02618375
   -0.00155221
   -0.06104401
   -0.03191189
   -0.00123697
   -0.06091455
   -0.02563033
    0.05857742
   -0.03691377
   -0.04042226
    0.05790187
   -0.21492506
   -0.21193540
    0.00533429
   -0.02612637
   -0.00148163
   -0.06111758
   -0.03185332
   -0.00111283
   -0.06093073
   -0.02568136
    0.02119581
    0.02666139
    0.01825991
    0.01939321
    0.02494072
    0.02472127
    0.01939901
    0.02162118
    0.01846340
    0.02417276
    0.02166022
    0.02869175
    0.02005634
    0.02023178
    0.02537206
    0.02222275
    0.01816571
    0.02664365
    0.02150456
    0.01980101
    0.02012924
    0.02424797
    0.02889083
    0.02313260
    0.02002165
    0.02251825
    0.02241774
   -0.02400571
   -0.02661209
   -0.02382801
   -0.02317696
   -0.02553114
   -0.02160707
   -0.02921218
   -0.02224020
   -0.01958888
   -0.02890337
   -0.01873317
   -0.02447371
   -0.02042754
   -0.02219854
   -0.02426884
   -0.02202711
    0.30332729
    0.00843761
    0.06242548
   -0.04035473
   -0.03749339
    0.05417168
   -0.20975835
    0.01048045
    0.05421280
   -0.03716614
   -0.04049294
   -0.21027800
    0.06269611
    0.00757730
    0.06268704
   -0.04051819
   -0.03718591
    0.05419370
    0.01047109
    0.00579275
   -0.02532412
   -0.00124232
   -0.06080199
   -0.03179608
   -0.00130841
   -0.06079976
   -0.02535239
    0.05416074
   -0.03752981
   -0.04036297
    0.06244642
   -0.20986992
   -0.21016517
    0.00578312
   -0.02538484
   -0.00129080
   -0.06077611
   -0.03178210
   -0.00124974
   -0.06079704
   -0.02531851
    0.02253849
    0.01760559
    0.01785006
    0.02239639
    0.02232513
    0.01782456
    0.02201651
    0.01877748
    0.02332774
    0.02214398
    0.02821119
    0.01992037
    0.01945715
    0.02470588
    0.02187498
    0.01754810
    0.02250430
    0.02195142
    0.01839287
    0.02526810
    0.02056659
    0.02819729
    0.01977787
    0.02127931
    0.02316824
    0.02195166
