           1           2   1.3729695935577262     
           2           3   1.2394466509524800     
           3           4   1.5995477324031917     
           4           5   1.2498249934006442     
           2           6   1.2297691539824163     
           5           6   1.2304063186477938     
           5           7   1.3413787465142917     
           7           8   1.3659782773928411     
           8           9   1.1596361272448867     
           9          10   1.6954249869137212     
           8          11   1.3583278223336708     
          10          12   1.1640777842646299     
          11          12   1.4099023345713169     
          12          13   1.2943544840374981     
          13          14   1.2920627122732433     
          14          15   1.2647915686368731     
          15          16   1.5859181656671755     
          16          17   1.2566659256833907     
          17          18   1.3431985088442133     
          18          19   1.0552434683402498     
          19          20   1.4161908108048380     
          20          21   1.4653313978831572     
          21          22   1.4005552036694462     
          22          23   1.0399836492347845     
          23          24   1.2099070139209449     
          23          25   1.8173095575005773     
          24          25  0.18380999734965195     
          22          26   1.4001279509459486     
          19          27   1.4171721300841873     
          26          27   1.4636374719890692     
          18          28   1.3564033264865247     
          28          29   1.1520207953151527     
          29          30   1.7083545098407229     
           1          31   1.3856406201087683     
          30          31   1.1460503546463789     
          28          32   1.3818411966153619     
          31          32   1.3742551977047839     
          14          33   1.2484699872239351     
          17          33   1.2235909121133737     
           7          34   1.0541848681210702     
          34          35   1.4177233132057092     
          35          36   1.4629411815901856     
          36          37   1.4006015492615589     
          37          38   1.0398309668454877     
          38          39   1.2095436527458272     
          38          40   1.8180566091709087     
          39          40  0.18384078048366659     
          37          41   1.4007353931383770     
          34          42   1.4168805019919615     
          41          42   1.4653274874904183     
           1          43  0.99546905340323755     
           3          44  0.99211279731761792     
           4          45  0.99848022551560123     
           6          46  0.96057692925427018     
           9          47  0.99794818299314114     
          10          48  0.99861694254968170     
          15          49  0.99774528559283826     
          16          50  0.99754107462715214     
          20          51  0.98753261016833738     
          21          52  0.98508049927359320     
          24          53  0.94287007146653445     
          26          54  0.98562930685265970     
          27          55  0.98782281853086529     
          29          56  0.99898958955794204     
          30          57  0.99267508741880461     
          33          58  0.95957291707509829     
          35          59  0.98767793070731191     
          36          60  0.98558582184823595     
          39          61  0.94287507009655569     
          41          62  0.98505392247696422     
          42          63  0.98762315286527891     
          64          65   1.3728338849455299     
          65          66   1.2395028089897437     
          66          67   1.5993450429637870     
          67          68   1.2498499830695438     
          65          69   1.2297774158646020     
          68          69   1.2303001986930684     
          68          70   1.3413870506998231     
          70          71   1.3648385754792529     
          71          72   1.1597501036931046     
          72          73   1.6949552890970401     
          71          74   1.3592157460732592     
          73          75   1.1644174307338313     
          74          75   1.4089809855981645     
          75          76   1.2946426543365466     
          76          77   1.2922317387822342     
          77          78   1.2652666545047813     
          78          79   1.5851069889577203     
          79          80   1.2570864676366011     
          80          81   1.3419128760568506     
          81          82   1.0561729036273786     
          82          83   1.4153323585329305     
          83          84   1.4658128663165606     
          84          85   1.4001702785957462     
          85          86   1.0400408488204025     
          86          87   1.2100589928309939     
          86          88   1.8170639690998067     
          87          88  0.18381582236859614     
          85          89   1.4002300545476107     
          82          90   1.4171361606409900     
          89          90   1.4635819857604200     
          81          91   1.3567636563114311     
          91          92   1.1518963292903042     
          92          93   1.7084641699359693     
          64          94   1.3855101428693586     
          93          94   1.1460028460345721     
          91          95   1.3815388137767699     
          94          95   1.3744204152487964     
          77          96   1.2479962443488064     
          80          96   1.2242669340919912     
          70          97   1.0553506060131566     
          97          98   1.4176575682752004     
          98          99   1.4628963766205696     
          99         100   1.4007181754981048     
         100         101   1.0398679109186200     
         101         102   1.2097961541245044     
         101         103   1.8177487567615693     
         102         103  0.18387682338132802     
         100         104   1.4003435104083182     
          97         105   1.4159127429593934     
         104         105   1.4658649004833264     
          64         106  0.99543365196602385     
          66         107  0.99211479209677600     
          67         108  0.99844307516053932     
          69         109  0.96064783942081933     
          72         110  0.99793949602722687     
          73         111  0.99870073866407860     
          78         112  0.99770534721248283     
          79         113  0.99758028927625186     
          83         114  0.98751116130144334     
          84         115  0.98505091621225316     
          87         116  0.94286251339835525     
          89         117  0.98566373122568507     
          90         118  0.98790592743716121     
          92         119  0.99892962233540805     
          93         120  0.99266391602121073     
          96         121  0.95967387006339366     
          98         122  0.98771715101164070     
          99         123  0.98559273875689868     
         102         124  0.94282623232895513     
         104         125  0.98506106910347513     
         105         126  0.98771735611539513     
          13         128   1.2087875685242662     
         127         128   2.5092508183604187     
         127         129   1.3184742246908392     
         128         130  0.17951491906722294     
         129         130   2.5062967228643815     
         131         132   2.4882595227676680     
         131         133   1.3363586049405161     
         132         134  0.17930431132549640     
         133         134   2.4879517840322176     
         135         136   2.4870573316150626     
         135         137   1.3371444406821251     
         136         138  0.17919528834157419     
         137         138   2.4870020247897386     
         139         140   2.4874618824833448     
         139         141   1.3366748701833815     
         140         142  0.17921443149742980     
         141         142   2.4877901189837099     
         143         144   2.5065599618404990     
         143         145   1.3178362143945528     
          76         146   1.2083767731563904     
         144         146  0.17912758900477627     
         145         146   2.5096028233465981     
         130         147   1.2123490719817480     
         147         148   1.2855934148715391     
         148         149   1.2691703300160730     
         149         150   1.5790062952076478     
         150         151   1.2627712486951013     
         148         152   1.2504931290803205     
         151         152   1.2213884288174077     
         151         153   1.3369187525939532     
         153         154   1.3720468853316452     
         154         155   1.1616904980353535     
         155         156   1.6911316156034455     
         154         157   1.3514505060053978     
         156         158   1.1674125644685129     
         157         158   1.4179208865872250     
         132         159   1.2296766526475280     
         158         159   1.2825446126155071     
         159         160   1.2797859463174961     
         160         161   1.2723004956949424     
         161         162   1.5759961325247192     
         162         163   1.2643065645627387     
         163         164   1.3337896884557707     
         164         165   1.0532825699224289     
         165         166   1.4173045121622529     
         166         167   1.4651494028296390     
         167         168   1.4007993128954472     
         168         169   1.0396308293946039     
         169         170   1.2099707475456687     
         169         171   1.8174798724627803     
         170         171  0.18372647297107883     
         168         172   1.4005602622252280     
         165         173   1.4183845657343184     
         172         173   1.4628470385473120     
         164         174   1.3735846810518022     
         174         175   1.1596694405797263     
         175         176   1.6946930239766151     
         147         177   1.2901978375264311     
         176         177   1.1651227686542494     
         174         178   1.3528621717203420     
         177         178   1.4129291519646681     
         160         179   1.2520765728623637     
         163         179   1.2231900982689088     
         153         180   1.0525985562197835     
         180         181   1.4176343515405905     
         181         182   1.4647561035149590     
         182         183   1.4009885730267937     
         183         184   1.0395661379579995     
         184         185   1.2105323149967924     
         184         186   1.8170554187304848     
         185         186  0.18380080134775376     
         183         187   1.4006071599881840     
         180         188   1.4188168809399571     
         187         188   1.4629809458977328     
         149         189  0.99815177992846238     
         150         190  0.99844834918231717     
         152         191  0.96106845537978391     
         155         192  0.99877241378118109     
         156         193  0.99940291755033195     
         161         194  0.99825792053616991     
         162         195  0.99831160032405475     
         166         196  0.98783313202452938     
         167         197  0.98530252018689246     
         170         198  0.94302937729008496     
         172         199  0.98556099843731815     
         173         200  0.98766738624939021     
         175         201  0.99874544441801671     
         176         202  0.99908340831731113     
         179         203  0.96122859018782225     
         181         204  0.98769230289632848     
         182         205  0.98528452217188178     
         185         206  0.94293994460620933     
         187         207  0.98557797749441545     
         188         208  0.98776278428845155     
         134         209   1.2300249414482087     
         209         210   1.2784972979992646     
         210         211   1.2728275549136943     
         211         212   1.5753010055481698     
         212         213   1.2651505785587767     
         210         214   1.2527292116363433     
         213         214   1.2221337103707806     
         213         215   1.3339421327413490     
         215         216   1.3736700347476001     
         216         217   1.1616631027368016     
         217         218   1.6911943050554337     
         216         219   1.3502072291925526     
         218         220   1.1675504865997943     
         219         220   1.4187208176470818     
         136         221   1.2307127621780234     
         220         221   1.2815791097090967     
         221         222   1.2785877861581267     
         222         223   1.2729895201672543     
         223         224   1.5751226764430637     
         224         225   1.2651753731164073     
         225         226   1.3337284208825375     
         226         227   1.0530433898380391     
         227         228   1.4176679671300352     
         228         229   1.4650052792914841     
         229         230   1.4009137971032533     
         230         231   1.0396092003997448     
         231         232   1.2099953272668371     
         231         233   1.8173612917266202     
         232         233  0.18373583761233664     
         230         234   1.4004260060228515     
         227         235   1.4184205329573301     
         234         235   1.4629178706601267     
         226         236   1.3746409337449303     
         236         237   1.1614797472836509     
         237         238   1.6915787139463387     
         209         239   1.2819067138124183     
         238         239   1.1672761712569995     
         236         240   1.3498314398164266     
         239         240   1.4187328325450841     
         222         241   1.2526577644014916     
         225         241   1.2223210130898081     
         215         242   1.0541951834711119     
         242         243   1.4167127839564184     
         243         244   1.4652685322466568     
         244         245   1.4005706359740693     
         245         246   1.0396703012515152     
         246         247   1.2104665432587587     
         246         248   1.8168714284205063     
         247         248  0.18377452674414582     
         245         249   1.4005250721502722     
         242         250   1.4183342320960053     
         249         250   1.4631399852421747     
         211         251  0.99840594753100831     
         212         252  0.99842322878217049     
         214         253  0.96128938280993270     
         217         254  0.99883085568609131     
         218         255  0.99951836961352558     
         223         256  0.99831771410479420     
         224         257  0.99845985202707055     
         228         258  0.98779295932890909     
         229         259  0.98534069767474630     
         232         260  0.94307002057718692     
         234         261  0.98557980970494918     
         235         262  0.98768156930389472     
         237         263  0.99890448078721505     
         238         264  0.99952753473408140     
         241         265  0.96130226495992188     
         243         266  0.98770770135810781     
         244         267  0.98524698743816175     
         247         268  0.94306474093642534     
         249         269  0.98568520023727735     
         250         270  0.98787517128942093     
         138         271   1.2307443187315781     
         271         272   1.2785782596914392     
         272         273   1.2730754848429868     
         273         274   1.5750817702060067     
         274         275   1.2653212281876460     
         272         276   1.2525473190173553     
         275         276   1.2224987575365078     
         275         277   1.3332451291101601     
         277         278   1.3741443546597387     
         278         279   1.1615278435015723     
         279         280   1.6912869718704100     
         278         281   1.3499953987157465     
         280         282   1.1673836341128978     
         281         282   1.4186849916940452     
         140         283   1.2303588583873848     
         282         283   1.2818565851021773     
         283         284   1.2780892815985276     
         284         285   1.2729032056702165     
         285         286   1.5750823975217390     
         286         287   1.2652055071734551     
         287         288   1.3342119122439273     
         288         289   1.0534130680487983     
         289         290   1.4172438987174911     
         290         291   1.4653246558969490     
         291         292   1.4006285865289831     
         292         293   1.0396555747986664     
         293         294   1.2100359300109895     
         293         295   1.8172766180836193     
         294         295  0.18374368374790354     
         292         296   1.4006042767760551     
         289         297   1.4185383002334340     
         296         297   1.4627407266690897     
         288         298   1.3739681809728872     
         298         299   1.1617209343029851     
         299         300   1.6912426205133571     
         271         301   1.2815054633846632     
         300         301   1.1675296708647489     
         298         302   1.3500230111988283     
         301         302   1.4188099348877503     
         284         303   1.2529930621211649     
         287         303   1.2218013710738189     
         277         304   1.0543545198026218     
         304         305   1.4168144880464213     
         305         306   1.4652232352278396     
         306         307   1.4006389154480006     
         307         308   1.0396978101467522     
         308         309   1.2102084701500118     
         308         310   1.8170436994886292     
         309         310  0.18376310927740164     
         307         311   1.4003762967499793     
         304         312   1.4180767915193644     
         311         312   1.4632770479737645     
         273         313  0.99831218742431072     
         274         314  0.99838498121472385     
         276         315  0.96133893134706050     
         279         316  0.99887357999591042     
         280         317  0.99950672558165843     
         285         318  0.99845974116235237     
         286         319  0.99850447279406473     
         290         320  0.98781968289634570     
         291         321  0.98530218744153586     
         294         322  0.94310981142629979     
         296         323  0.98563502049770169     
         297         324  0.98768956815951869     
         299         325  0.99883916662213357     
         300         326  0.99953508086679344     
         303         327  0.96125619500866399     
         305         328  0.98768841022395570     
         306         329  0.98525233941717150     
         309         330  0.94309531420572790     
         311         331  0.98568341774012103     
         312         332  0.98792146691261529     
         142         333   1.2300507293751557     
         333         334   1.2793372313611246     
         334         335   1.2725083354657094     
         335         336   1.5756779247012180     
         336         337   1.2644837038545631     
         334         338   1.2521149310094870     
         337         338   1.2231380493449382     
         337         339   1.3335555388402727     
         339         340   1.3726158543038032     
         340         341   1.1599242303119399     
         341         342   1.6939453619803639     
         340         343   1.3534448863380726     
         342         344   1.1654788838262147     
         343         344   1.4121168304120408     
         144         345   1.2118999673780741     
         344         345   1.2905789784292079     
         345         346   1.2853787727599062     
         346         347   1.2696090353552072     
         347         348   1.5781089352478126     
         348         349   1.2632268455820352     
         349         350   1.3355293498812688     
         350         351   1.0543515415467335     
         351         352   1.4172126382509593     
         352         353   1.4653191109858348     
         353         354   1.4007045654777979     
         354         355   1.0398378020868051     
         355         356   1.2097385819991273     
         355         357   1.8174104473358692     
         356         357  0.18372760750860326     
         354         358   1.4002698717724091     
         351         359   1.4176375026307046     
         358         359   1.4632099088661985     
         350         360   1.3719784574003457     
         360         361   1.1617672271941226     
         361         362   1.6910407619699042     
         333         363   1.2823383883853405     
         362         363   1.1674720665543545     
         360         364   1.3512303981312821     
         363         364   1.4180711979929648     
         346         365   1.2501609114979233     
         349         365   1.2219142401184693     
         339         366   1.0543710830132553     
         366         367   1.4168913890869395     
         367         368   1.4652006935528816     
         368         369   1.4006817791634509     
         369         370   1.0398151347134934     
         370         371   1.2100167253463094     
         370         372   1.8171070594440699     
         371         372  0.18373589144684507     
         369         373   1.4002269209909219     
         366         374   1.4178317710615036     
         373         374   1.4634018717459656     
         335         375  0.99828100245916784     
         336         376  0.99824428321000147     
         338         377  0.96130032306596480     
         341         378  0.99882688031234668     
         342         379  0.99912505158677301     
         347         380  0.99821056923608731     
         348         381  0.99850740146332584     
         352         382  0.98784440448976052     
         353         383  0.98526305057325292     
         356         384  0.94310961174260677     
         358         385  0.98561968084870599     
         359         386  0.98772139314700302     
         361         387  0.99864585920974525     
         362         388  0.99937531533409507     
         365         389  0.96107157003675159     
         367         390  0.98764497798780659     
         368         391  0.98519750591142274     
         371         392  0.94311283056387007     
         373         393  0.98567056131504682     
         374         394  0.98794282720020277     
